datetime,timestamp,open,high,low,close,volume,vwap
2024-03-01 04:00:00,1709283600000,176.98,177.2,176.98,177.2,5353.0,177.1127
2024-03-01 04:15:00,1709284500000,177.3,177.4,177.3,177.4,4625.0,177.3575
2024-03-01 04:30:00,1709285400000,177.4,177.75,177.39,177.72,5380.0,177.5329
2024-03-01 04:45:00,1709286300000,177.6,177.62,177.36,177.36,6567.0,177.5198
2024-03-01 05:00:00,1709287200000,177.23,177.23,177.0,177.0,6435.0,177.1076
2024-03-01 05:15:00,1709288100000,176.81,176.81,176.04,176.18,18293.0,176.4603
2024-03-01 05:30:00,1709289000000,176.48,176.71,176.42,176.66,6816.0,176.5314
2024-03-01 05:45:00,1709289900000,176.66,176.66,176.38,176.4,3771.0,176.5073
2024-03-01 06:00:00,1709290800000,176.58,176.73,176.58,176.6,3237.0,176.6654
2024-03-01 06:15:00,1709291700000,176.6,176.65,176.54,176.65,810.0,176.5746
2024-03-01 06:30:00,1709292600000,176.61,176.67,176.47,176.67,5276.0,176.5269
2024-03-01 06:45:00,1709293500000,176.69,176.77,176.66,176.73,6070.0,176.7085
2024-03-01 07:00:00,1709294400000,176.85,176.93,176.8,176.9,15021.0,176.8721
2024-03-01 07:15:00,1709295300000,176.96,177.0,176.7,176.75,12412.0,176.929
2024-03-01 07:30:00,1709296200000,176.74,176.95,176.7,176.95,7092.0,176.774
2024-03-01 07:45:00,1709297100000,176.95,177.18,176.95,177.07,14211.0,177.0929
2024-03-01 08:00:00,1709298000000,176.93,177.72,176.62,177.2,85158.0,177.0778
2024-03-01 08:15:00,1709298900000,177.19,177.2,176.94,177.0,20281.0,177.0583
2024-03-01 08:30:00,1709299800000,177.01,177.12,176.51,176.65,31909.0,176.7403
2024-03-01 08:45:00,1709300700000,176.94,176.9426,176.56,176.76,14535.0,176.7948
2024-03-01 09:00:00,1709301600000,176.74,176.7499,176.56,176.62,9749.0,176.6717
2024-03-01 09:15:00,1709302500000,176.65,176.8,176.3637,176.7,32247.0,176.6506
2024-03-01 09:30:00,1709303400000,176.75,177.19,176.07,176.72,2876961.0,176.6385
2024-03-01 09:45:00,1709304300000,176.71,177.0,176.2264,176.92,1308812.0,176.6494
2024-03-01 10:00:00,1709305200000,176.89,177.55,176.7187,177.4316,1603988.0,177.1976
2024-03-01 10:15:00,1709306100000,177.42,177.53,176.83,177.48,1388310.0,177.2205
2024-03-01 10:30:00,1709307000000,177.49,177.56,177.07,177.55,917131.0,177.331
2024-03-01 10:45:00,1709307900000,177.54,177.866,177.32,177.55,1230939.0,177.6033
2024-03-01 11:00:00,1709308800000,177.55,177.86,177.475,177.615,860073.0,177.6883
2024-03-01 11:15:00,1709309700000,177.62,178.195,177.62,177.805,1597506.0,177.9707
2024-03-01 11:30:00,1709310600000,177.81,177.955,177.68,177.76,699539.0,177.83
2024-03-01 11:45:00,1709311500000,177.765,178.08,177.72,177.875,697548.0,177.9075
2024-03-01 12:00:00,1709312400000,177.8779,177.98,177.61,177.9224,585557.0,177.7764
2024-03-01 12:15:00,1709313300000,177.93,178.07,177.73,177.7421,663218.0,177.9427
2024-03-01 12:30:00,1709314200000,177.75,178.0,177.6785,177.89,551500.0,177.8937
2024-03-01 12:45:00,1709315100000,177.895,178.16,177.7799,177.9086,797520.0,178.0096
2024-03-01 13:00:00,1709316000000,177.91,178.17,177.825,178.055,656487.0,178.0234
2024-03-01 13:15:00,1709316900000,178.06,178.39,177.98,178.358,707775.0,178.2298
2024-03-01 13:30:00,1709317800000,178.356,178.62,178.305,178.55,732131.0,178.4551
2024-03-01 13:45:00,1709318700000,178.5414,178.645,178.35,178.52,715969.0,178.5316
2024-03-01 14:00:00,1709319600000,178.53,178.64,178.3816,178.595,641670.0,178.5278
2024-03-01 14:15:00,1709320500000,178.595,178.6788,178.29,178.62,676017.0,178.5245
2024-03-01 14:30:00,1709321400000,178.62,178.65,178.31,178.46,714713.0,178.4555
2024-03-01 14:45:00,1709322300000,178.46,178.7,178.43,178.685,611412.0,178.5641
2024-03-01 15:00:00,1709323200000,178.69,178.725,178.38,178.48,809426.0,178.5652
2024-03-01 15:15:00,1709324100000,178.475,178.605,178.235,178.53,990189.0,178.4586
2024-03-01 15:30:00,1709325000000,178.53,178.6383,178.41,178.585,1029492.0,178.5323
2024-03-01 15:45:00,1709325900000,178.585,178.655,178.17,178.26,2618159.0,178.3919
2024-03-01 16:00:00,1709326800000,178.22,178.39,178.22,178.26,696636.0,178.2255
2024-03-01 16:15:00,1709327700000,178.24,178.24,178.21,178.22,89568.0,178.2207
2024-03-01 16:30:00,1709328600000,178.23,178.23,178.15,178.22,33955.0,178.2162
2024-03-01 16:45:00,1709329500000,178.15,178.15,178.0303,178.09,5605.0,177.7924
2024-03-01 17:00:00,1709330400000,178.09,178.14,178.07,178.13,2468.0,178.1032
2024-03-01 17:15:00,1709331300000,178.1,178.14,178.09,178.12,3227.0,178.1108
2024-03-01 17:30:00,1709332200000,178.0901,178.1547,178.0116,178.0116,8639.0,178.0688
2024-03-01 17:45:00,1709333100000,178.05,178.05,177.9257,177.95,9039.0,177.9869
2024-03-01 18:00:00,1709334000000,178.0,178.01,177.9,178.01,5167.0,177.953
2024-03-01 18:15:00,1709334900000,178.05,178.1398,178.01,178.01,3794.0,178.0838
2024-03-01 18:30:00,1709335800000,178.01,178.0998,178.01,178.0998,4394.0,178.0437
2024-03-01 18:45:00,1709336700000,178.03,178.1,178.03,178.0344,1682.0,178.0597
2024-03-01 19:00:00,1709337600000,178.1,178.15,178.0501,178.1,1600.0,178.1096
2024-03-01 19:15:00,1709338500000,178.1,178.19,178.06,178.14,2869.0,178.1328
2024-03-01 19:30:00,1709339400000,178.08,178.17,178.08,178.17,2074.0,178.1407
2024-03-01 19:45:00,1709340300000,178.1001,178.2,178.0,178.0,2868.0,178.0885
2024-03-04 04:00:00,1709542800000,178.63,178.8,178.43,178.8,6010.0,178.6576
2024-03-04 04:15:00,1709543700000,178.73,178.77,178.71,178.71,2471.0,178.7225
2024-03-04 04:30:00,1709544600000,178.48,178.48,178.41,178.41,1355.0,178.4393
2024-03-04 04:45:00,1709545500000,178.48,178.5,178.45,178.47,3975.0,178.4758
2024-03-04 05:00:00,1709546400000,178.34,178.34,178.26,178.26,787.0,178.2916
2024-03-04 05:30:00,1709548200000,178.26,178.43,178.26,178.41,3477.0,178.3557
2024-03-04 06:00:00,1709550000000,178.31,178.31,178.17,178.17,5657.0,178.2433
2024-03-04 06:15:00,1709550900000,178.11,178.15,178.1,178.15,1681.0,178.1343
2024-03-04 06:30:00,1709551800000,178.1,178.1,178.01,178.01,3495.0,178.0488
2024-03-04 06:45:00,1709552700000,178.06,178.09,178.06,178.09,932.0,178.0636
2024-03-04 07:00:00,1709553600000,178.05,178.09,177.73,177.98,18150.0,177.948
2024-03-04 07:15:00,1709554500000,178.0,178.35,177.99,178.35,9275.0,178.2048
2024-03-04 07:30:00,1709555400000,178.3,178.5,178.26,178.5,13989.0,178.3482
2024-03-04 07:45:00,1709556300000,178.39,178.39,178.28,178.28,11410.0,178.3564
2024-03-04 08:00:00,1709557200000,177.88,178.96,177.7501,178.37,65436.0,178.3201
2024-03-04 08:15:00,1709558100000,178.37,178.41,178.16,178.16,21953.0,178.2943
2024-03-04 08:30:00,1709559000000,178.2,178.27,177.9566,177.9566,35004.0,178.0738
2024-03-04 08:45:00,1709559900000,177.95,177.9886,177.82,177.88,20764.0,177.8828
2024-03-04 09:00:00,1709560800000,177.83,177.88,177.6,177.77,27012.0,177.7731
2024-03-04 09:15:00,1709561700000,177.7244,177.9,177.23,177.53,75822.0,177.6453
2024-03-04 09:30:00,1709562600000,177.53,179.97,177.49,178.93,4475281.0,178.8291
2024-03-04 09:45:00,1709563500000,178.935,179.73,178.84,179.69,2010251.0,179.329
2024-03-04 10:00:00,1709564400000,179.67,180.0,179.51,179.775,1523883.0,179.8142
2024-03-04 10:15:00,1709565300000,179.78,179.99,179.44,179.61,1243670.0,179.7281
2024-03-04 10:30:00,1709566200000,179.59,179.87,179.42,179.74,1148076.0,179.6891
2024-03-04 10:45:00,1709567100000,179.74,180.14,179.71,179.925,2175947.0,179.9474
2024-03-04 11:00:00,1709568000000,179.925,180.105,179.17,179.21,1177541.0,179.6571
2024-03-04 11:15:00,1709568900000,179.217,179.39,178.98,178.98,714713.0,179.1953
2024-03-04 11:30:00,1709569800000,178.99,179.03,178.72,178.795,808152.0,178.875
2024-03-04 11:45:00,1709570700000,178.7901,178.92,178.56,178.91,684109.0,178.7328
2024-03-04 12:00:00,1709571600000,178.91,178.915,178.35,178.47,711111.0,178.609
2024-03-04 12:15:00,1709572500000,178.47,178.55,178.25,178.31,778026.0,178.4156
2024-03-04 12:30:00,1709573400000,178.32,178.5999,178.315,178.39,612071.0,178.4396
2024-03-04 12:45:00,1709574300000,178.37,178.49,178.185,178.27,668665.0,178.3547
2024-03-04 13:00:00,1709575200000,178.2666,178.38,178.06,178.0723,734278.0,178.2726
2024-03-04 13:15:00,1709576100000,178.08,178.195,177.85,178.115,1184328.0,178.0119
2024-03-04 13:30:00,1709577000000,178.125,178.33,178.05,178.1068,476905.0,178.1754
2024-03-04 13:45:00,1709577900000,178.12,178.14,177.9101,178.1299,985973.0,178.0071
2024-03-04 14:00:00,1709578800000,178.125,178.165,177.96,178.09,475280.0,178.0897
2024-03-04 14:15:00,1709579700000,178.0901,178.385,178.0901,178.2078,617104.0,178.2891
2024-03-04 14:30:00,1709580600000,178.21,178.43,178.11,178.24,752973.0,178.2709
2024-03-04 14:45:00,1709581500000,178.2345,178.45,178.2101,178.315,530977.0,178.3132
2024-03-04 15:00:00,1709582400000,178.3111,178.37,178.14,178.3499,629167.0,178.2405
2024-03-04 15:15:00,1709583300000,178.34,178.37,178.15,178.18,645895.0,178.3065
2024-03-04 15:30:00,1709584200000,178.17,178.2057,177.82,177.95,1242457.0,178.0481
2024-03-04 15:45:00,1709585100000,177.94,178.11,177.51,177.52,2532243.0,177.7136
2024-03-04 16:00:00,1709586000000,177.54,177.64,177.31,177.34,376516.0,177.5786
2024-03-04 16:15:00,1709586900000,177.3101,177.39,177.25,177.27,27665.0,177.31
2024-03-04 16:30:00,1709587800000,177.32,177.3796,177.31,177.36,14116.0,177.3405
2024-03-04 16:45:00,1709588700000,177.58,177.58,177.37,177.43,905738.0,177.5772
2024-03-04 17:00:00,1709589600000,177.43,177.43,177.3,177.3,9261.0,177.3552
2024-03-04 17:15:00,1709590500000,177.31,177.33,177.2889,177.29,8144.0,177.3126
2024-03-04 17:30:00,1709591400000,177.31,177.45,177.2902,177.45,5479.0,177.3769
2024-03-04 17:45:00,1709592300000,177.4,177.49,177.3919,177.4401,3507.0,177.4431
2024-03-04 18:00:00,1709593200000,177.4,177.45,177.24,177.27,6351.0,177.3294
2024-03-04 18:15:00,1709594100000,177.3,177.3835,177.1378,177.1378,4195.0,177.0146
2024-03-04 18:30:00,1709595000000,177.1,177.2403,177.1,177.14,1133.0,177.1363
2024-03-04 18:45:00,1709595900000,177.18,177.2383,177.18,177.2383,1139.0,177.2053
2024-03-04 19:00:00,1709596800000,177.24,177.24,177.13,177.18,6272.0,177.1815
2024-03-04 19:15:00,1709597700000,177.18,177.2799,177.16,177.16,8248.0,177.2289
2024-03-04 19:30:00,1709598600000,177.15,177.18,177.1,177.13,3333.0,177.1251
2024-03-04 19:45:00,1709599500000,177.14,177.17,177.08,177.08,8216.0,177.1046
2024-03-05 04:00:00,1709629200000,176.0,176.58,176.0,176.3,22792.0,176.4634
2024-03-05 04:15:00,1709630100000,176.43,176.64,176.4,176.64,6597.0,176.4991
2024-03-05 04:30:00,1709631000000,176.68,176.73,176.57,176.68,7191.0,176.6237
2024-03-05 04:45:00,1709631900000,176.67,176.67,176.41,176.45,7309.0,176.51
2024-03-05 05:00:00,1709632800000,176.42,176.42,176.1,176.26,12238.0,176.1966
2024-03-05 05:15:00,1709633700000,176.26,176.4,176.26,176.35,1702.0,176.3231
2024-03-05 05:30:00,1709634600000,176.14,176.35,176.14,176.31,1382.0,176.2913
2024-03-05 05:45:00,1709635500000,176.21,176.21,176.15,176.15,929.0,176.1723
2024-03-05 06:00:00,1709636400000,176.15,176.21,176.15,176.21,6702.0,176.1601
2024-03-05 06:15:00,1709637300000,176.22,176.35,176.22,176.35,3347.0,176.3064
2024-03-05 06:30:00,1709638200000,176.4,176.91,176.4,176.7,22715.0,176.6778
2024-03-05 06:45:00,1709639100000,176.78,176.78,176.74,176.78,3897.0,176.7679
2024-03-05 07:00:00,1709640000000,176.77,177.05,176.77,177.0,12604.0,176.9623
2024-03-05 07:15:00,1709640900000,176.89,176.91,176.8,176.85,7402.0,176.8615
2024-03-05 07:30:00,1709641800000,176.76,176.76,176.6,176.61,7000.0,176.6772
2024-03-05 07:45:00,1709642700000,176.61,176.7,176.44,176.59,15209.0,176.5582
2024-03-05 08:00:00,1709643600000,176.85,177.08,175.88,176.93,83107.0,176.697
2024-03-05 08:15:00,1709644500000,176.81,176.87,176.54,176.54,9735.0,176.7326
2024-03-05 08:30:00,1709645400000,176.57,176.65,176.5,176.65,22513.0,176.5693
2024-03-05 08:45:00,1709646300000,176.63,176.66,176.41,176.45,29523.0,176.526
2024-03-05 09:00:00,1709647200000,176.41,176.45,176.24,176.32,42107.0,176.375
2024-03-05 09:15:00,1709648100000,176.25,176.97,176.08,176.92,46162.0,176.4169
2024-03-05 09:30:00,1709649000000,176.93,176.93,175.12,175.852,3569440.0,176.1161
2024-03-05 09:45:00,1709649900000,175.85,175.92,175.368,175.82,1262424.0,175.6915
2024-03-05 10:00:00,1709650800000,175.83,176.17,175.5416,175.685,1516340.0,175.9376
2024-03-05 10:15:00,1709651700000,175.69,175.72,174.9069,174.94,1333396.0,175.1889
2024-03-05 10:30:00,1709652600000,174.935,174.935,174.34,174.37,1474445.0,174.6296
2024-03-05 10:45:00,1709653500000,174.37,174.715,174.142,174.3401,1673977.0,174.3405
2024-03-05 11:00:00,1709654400000,174.35,174.725,174.26,174.5523,1047374.0,174.4626
2024-03-05 11:15:00,1709655300000,174.56,174.89,174.49,174.725,795103.0,174.7245
2024-03-05 11:30:00,1709656200000,174.725,174.8,174.07,174.1201,767234.0,174.4622
2024-03-05 11:45:00,1709657100000,174.13,174.38,173.9,174.36,849582.0,174.0756
2024-03-05 12:00:00,1709658000000,174.355,174.51,174.22,174.51,609114.0,174.3759
2024-03-05 12:15:00,1709658900000,174.5111,174.7149,174.3,174.6943,619555.0,174.5163
2024-03-05 12:30:00,1709659800000,174.7,174.74,174.373,174.505,568761.0,174.495
2024-03-05 12:45:00,1709660700000,174.5077,174.64,174.06,174.12,581475.0,174.278
2024-03-05 13:00:00,1709661600000,174.1211,174.235,173.9112,174.08,569693.0,174.0677
2024-03-05 13:15:00,1709662500000,174.0775,174.145,173.87,173.8702,547466.0,173.9734
2024-03-05 13:30:00,1709663400000,173.8668,173.9889,173.3171,173.3455,785982.0,173.6934
2024-03-05 13:45:00,1709664300000,173.34,173.69,173.303,173.6601,723128.0,173.5263
2024-03-05 14:00:00,1709665200000,173.65,174.02,173.64,173.975,1040712.0,173.8525
2024-03-05 14:15:00,1709666100000,173.975,174.15,173.75,173.9099,638511.0,173.9457
2024-03-05 14:30:00,1709667000000,173.91,173.92,173.565,173.605,672009.0,173.7241
2024-03-05 14:45:00,1709667900000,173.61,173.65,173.455,173.52,748601.0,173.5356
2024-03-05 15:00:00,1709668800000,173.525,173.7482,173.4646,173.465,902552.0,173.5859
2024-03-05 15:15:00,1709669700000,173.465,173.51,173.32,173.395,1102293.0,173.4314
2024-03-05 15:30:00,1709670600000,173.395,173.76,173.3423,173.736,1198053.0,173.5859
2024-03-05 15:45:00,1709671500000,173.74,174.22,173.61,174.13,3478101.0,173.9945
2024-03-05 16:00:00,1709672400000,174.12,174.38,174.1,174.35,1188179.0,174.1241
2024-03-05 16:15:00,1709673300000,174.39,174.522,174.12,174.35,58835.0,174.4086
2024-03-05 16:30:00,1709674200000,174.39,174.39,174.12,174.12,54942.0,174.1638
2024-03-05 16:45:00,1709675100000,174.2697,174.51,174.2697,174.45,31197.0,174.3424
2024-03-05 17:00:00,1709676000000,174.45,174.67,174.45,174.63,68553.0,174.1933
2024-03-05 17:15:00,1709676900000,174.6299,174.6299,174.36,174.42,16142.0,174.5081
2024-03-05 17:30:00,1709677800000,174.52,174.6,174.41,174.56,7762.0,174.5282
2024-03-05 17:45:00,1709678700000,174.6,174.6,174.5334,174.57,2615.0,174.5791
2024-03-05 18:00:00,1709679600000,174.55,174.55,174.2,174.3899,8112.0,174.3191
2024-03-05 18:15:00,1709680500000,174.2,174.37,174.12,174.1544,7132.0,174.192
2024-03-05 18:30:00,1709681400000,174.21,174.21,173.99,174.18,17654.0,174.0626
2024-03-05 18:45:00,1709682300000,174.1007,174.14,174.1,174.1,7299.0,174.126
2024-03-05 19:00:00,1709683200000,174.0801,174.11,174.0601,174.08,8887.0,174.0838
2024-03-05 19:15:00,1709684100000,174.08,174.1,174.06,174.1,6106.0,174.0755
2024-03-05 19:30:00,1709685000000,174.06,174.15,174.0,174.0,5014.0,174.0925
2024-03-05 19:45:00,1709685900000,173.92,173.98,173.8,173.8,9412.0,173.8787
2024-03-06 04:00:00,1709715600000,174.88,175.15,174.7,174.9,8170.0,174.9756
2024-03-06 04:15:00,1709716500000,175.08,175.44,175.01,175.01,7076.0,175.2226
2024-03-06 04:30:00,1709717400000,175.1,175.2,175.01,175.2,1459.0,175.1156
2024-03-06 04:45:00,1709718300000,175.12,175.13,175.0,175.06,3457.0,175.0829
2024-03-06 05:00:00,1709719200000,175.11,175.19,175.11,175.19,1072.0,175.1517
2024-03-06 05:15:00,1709720100000,175.09,175.17,175.09,175.16,3681.0,175.1334
2024-03-06 05:30:00,1709721000000,175.24,175.6,175.24,175.41,13275.0,175.4041
2024-03-06 05:45:00,1709721900000,175.41,175.52,175.4,175.41,9685.0,175.4718
2024-03-06 06:00:00,1709722800000,175.41,175.41,175.41,175.41,616.0,175.4206
2024-03-06 06:15:00,1709723700000,175.43,175.61,175.41,175.5,6323.0,175.4753
2024-03-06 06:30:00,1709724600000,175.52,175.71,175.47,175.5,8334.0,175.582
2024-03-06 06:45:00,1709725500000,175.57,175.57,175.32,175.36,4435.0,175.4291
2024-03-06 07:00:00,1709726400000,175.45,175.5,175.08,175.45,43598.0,175.3373
2024-03-06 07:15:00,1709727300000,175.46,175.46,175.2,175.27,10743.0,175.3288
2024-03-06 07:30:00,1709728200000,175.3,175.4,175.27,175.4,15549.0,175.3455
2024-03-06 07:45:00,1709729100000,175.32,175.37,175.3,175.37,3403.0,175.3368
2024-03-06 08:00:00,1709730000000,175.35,175.5,174.0,175.3898,85360.0,175.1946
2024-03-06 08:15:00,1709730900000,175.39,175.4544,175.27,175.27,18994.0,175.288
2024-03-06 08:30:00,1709731800000,175.27,175.45,175.15,175.37,25019.0,175.3291
2024-03-06 08:45:00,1709732700000,175.39,175.53,175.25,175.5,23655.0,175.4411
2024-03-06 09:00:00,1709733600000,175.5,175.65,175.42,175.57,53491.0,175.5495
2024-03-06 09:15:00,1709734500000,175.58,175.7,175.3,175.51,80456.0,175.528
2024-03-06 09:30:00,1709735400000,175.54,176.46,175.35,175.6799,3052246.0,175.7327
2024-03-06 09:45:00,1709736300000,175.665,175.7799,174.18,174.27,1633981.0,174.8661
2024-03-06 10:00:00,1709737200000,174.29,174.3332,173.46,173.7301,1785704.0,173.8308
2024-03-06 10:15:00,1709738100000,173.75,174.115,173.47,173.71,1163040.0,173.8416
2024-03-06 10:30:00,1709739000000,173.7,174.261,173.64,173.85,1143116.0,173.945
2024-03-06 10:45:00,1709739900000,173.865,174.73,173.79,174.5871,966219.0,174.2884
2024-03-06 11:00:00,1709740800000,174.585,174.94,174.585,174.795,797651.0,174.7802
2024-03-06 11:15:00,1709741700000,174.79,175.05,174.76,174.93,787488.0,174.9357
2024-03-06 11:30:00,1709742600000,174.94,174.96,174.47,174.51,703145.0,174.6875
2024-03-06 11:45:00,1709743500000,174.5,174.89,174.33,174.78,745365.0,174.6376
2024-03-06 12:00:00,1709744400000,174.79,175.415,174.7577,175.395,822038.0,175.0852
2024-03-06 12:15:00,1709745300000,175.4,175.43,174.91,174.97,940431.0,175.2195
2024-03-06 12:30:00,1709746200000,174.985,175.315,174.88,175.0713,669465.0,175.0752
2024-03-06 12:45:00,1709747100000,175.08,175.08,174.82,175.05,607765.0,174.9664
2024-03-06 13:00:00,1709748000000,175.06,175.1495,174.92,175.01,562655.0,175.0243
2024-03-06 13:15:00,1709748900000,175.01,175.2,174.975,175.1327,505271.0,175.0897
2024-03-06 13:30:00,1709749800000,175.135,175.16,174.11,174.765,930784.0,174.5561
2024-03-06 13:45:00,1709750700000,174.775,174.81,173.87,174.185,924965.0,174.1171
2024-03-06 14:00:00,1709751600000,174.17,174.17,173.56,173.59,1106326.0,173.8851
2024-03-06 14:15:00,1709752500000,173.6,174.15,173.26,174.1,855677.0,173.6922
2024-03-06 14:30:00,1709753400000,174.11,174.22,173.69,173.87,579912.0,173.9303
2024-03-06 14:45:00,1709754300000,173.87,174.0,173.46,173.72,742831.0,173.7273
2024-03-06 15:00:00,1709755200000,173.7,174.1,173.61,173.71,697747.0,173.8925
2024-03-06 15:15:00,1709756100000,173.72,173.99,173.64,173.88,681971.0,173.7924
2024-03-06 15:30:00,1709757000000,173.89,174.01,173.53,173.93,799354.0,173.7829
2024-03-06 15:45:00,1709757900000,173.92,174.1,173.48,173.49,2393932.0,173.7236
2024-03-06 16:00:00,1709758800000,173.51,173.79,173.44,173.59,420420.0,173.5126
2024-03-06 16:15:00,1709759700000,173.6,173.6,173.51,173.51,292980.0,173.5112
2024-03-06 16:30:00,1709760600000,173.55,173.7,173.51,173.69,21262.0,173.5736
2024-03-06 16:45:00,1709761500000,173.67,173.67,173.58,173.6,4424.0,173.5893
2024-03-06 17:00:00,1709762400000,173.6,173.67,173.6,173.65,4308.0,173.6196
2024-03-06 17:15:00,1709763300000,173.69,173.69,173.6433,173.65,3892.0,173.6735
2024-03-06 17:30:00,1709764200000,173.6501,173.79,173.6501,173.75,3705.0,173.7079
2024-03-06 17:45:00,1709765100000,173.71,173.71,173.6,173.6037,7881.0,173.6501
2024-03-06 18:00:00,1709766000000,173.64,173.64,173.6,173.6,3589.0,173.6088
2024-03-06 18:15:00,1709766900000,173.55,175.0,173.53,173.59,3462.0,174.179
2024-03-06 18:30:00,1709767800000,173.56,173.6,173.51,173.51,5415.0,173.5458
2024-03-06 18:45:00,1709768700000,173.53,173.53,173.4171,173.45,9853.0,173.476
2024-03-06 19:00:00,1709769600000,173.45,173.45,173.32,173.4,5111.0,173.3919
2024-03-06 19:15:00,1709770500000,173.33,173.4,173.1,173.25,5985.0,173.2534
2024-03-06 19:30:00,1709771400000,173.2,173.35,173.03,173.17,7585.0,173.226
2024-03-06 19:45:00,1709772300000,173.18,173.51,173.15,173.51,11234.0,173.2266
2024-03-07 04:00:00,1709802000000,172.5,172.75,172.5,172.75,3886.0,172.7174
2024-03-07 04:15:00,1709802900000,173.1,173.5,173.1,173.5,7553.0,173.2711
2024-03-07 04:30:00,1709803800000,173.48,173.5,173.45,173.5,2120.0,173.4776
2024-03-07 04:45:00,1709804700000,173.49,173.53,173.39,173.49,3115.0,173.4809
2024-03-07 05:00:00,1709805600000,173.48,173.58,173.48,173.58,1129.0,173.5451
2024-03-07 05:15:00,1709806500000,173.82,173.82,173.82,173.82,152.0,173.8197
2024-03-07 05:30:00,1709807400000,173.64,173.8,173.64,173.71,1480.0,173.7192
2024-03-07 05:45:00,1709808300000,173.96,174.3,173.96,174.17,4866.0,174.1547
2024-03-07 06:00:00,1709809200000,174.17,174.17,173.8,173.9,2906.0,173.9155
2024-03-07 06:15:00,1709810100000,173.98,173.98,173.74,173.85,1464.0,173.8604
2024-03-07 06:30:00,1709811000000,173.85,174.1,173.85,174.07,2484.0,174.0644
2024-03-07 06:45:00,1709811900000,173.95,173.95,173.68,173.68,2738.0,173.8323
2024-03-07 07:00:00,1709812800000,173.63,174.21,173.63,174.21,17854.0,174.0001
2024-03-07 07:15:00,1709813700000,174.15,174.4,174.1,174.15,24847.0,174.2714
2024-03-07 07:30:00,1709814600000,174.2,174.26,174.11,174.26,9192.0,174.2203
2024-03-07 07:45:00,1709815500000,174.31,174.39,174.11,174.12,5894.0,174.2869
2024-03-07 08:00:00,1709816400000,173.6833,174.45,172.06,174.2,88948.0,173.9357
2024-03-07 08:15:00,1709817300000,174.18,174.43,174.18,174.43,25101.0,174.3008
2024-03-07 08:30:00,1709818200000,174.36,174.65,174.2708,174.65,36255.0,174.4715
2024-03-07 08:45:00,1709819100000,174.68,174.68,174.3,174.38,40655.0,173.8446
2024-03-07 09:00:00,1709820000000,174.4486,174.59,174.27,174.4,20000.0,174.4618
2024-03-07 09:15:00,1709820900000,174.39,174.94,174.33,174.83,57825.0,174.6869
2024-03-07 09:30:00,1709821800000,174.83,174.92,174.07,174.07,2161391.0,174.5925
2024-03-07 09:45:00,1709822700000,174.09,175.19,173.72,174.7799,1635885.0,174.4248
2024-03-07 10:00:00,1709823600000,174.77,175.35,174.55,175.27,1097021.0,174.8885
2024-03-07 10:15:00,1709824500000,175.29,176.15,175.27,176.13,1780308.0,175.7521
2024-03-07 10:30:00,1709825400000,176.13,176.58,175.78,176.43,1551314.0,176.2715
2024-03-07 10:45:00,1709826300000,176.44,176.6699,175.875,175.895,1146373.0,176.2935
2024-03-07 11:00:00,1709827200000,175.91,175.9717,175.65,175.885,835451.0,175.8185
2024-03-07 11:15:00,1709828100000,175.88,176.2,175.71,175.9803,748309.0,175.97
2024-03-07 11:30:00,1709829000000,175.99,176.29,175.75,176.21,770262.0,176.0751
2024-03-07 11:45:00,1709829900000,176.22,176.4199,175.98,176.37,586970.0,176.1777
2024-03-07 12:00:00,1709830800000,176.3587,176.6082,176.25,176.45,897149.0,176.4448
2024-03-07 12:15:00,1709831700000,176.45,176.6355,176.44,176.47,633063.0,176.5358
2024-03-07 12:30:00,1709832600000,176.46,176.99,176.4,176.9586,1039791.0,176.7646
2024-03-07 12:45:00,1709833500000,176.96,177.245,176.875,177.235,1058693.0,177.0152
2024-03-07 13:00:00,1709834400000,177.235,177.31,176.88,177.1999,890494.0,177.165
2024-03-07 13:15:00,1709835300000,177.1984,177.56,177.14,177.55,944872.0,177.3383
2024-03-07 13:30:00,1709836200000,177.555,177.6,177.295,177.455,769403.0,177.4297
2024-03-07 13:45:00,1709837100000,177.46,177.94,177.42,177.8984,1093227.0,177.6927
2024-03-07 14:00:00,1709838000000,177.9,177.99,177.66,177.82,1056417.0,177.8455
2024-03-07 14:15:00,1709838900000,177.8279,177.91,177.382,177.495,829986.0,177.5752
2024-03-07 14:30:00,1709839800000,177.5,177.66,177.37,177.57,567174.0,177.5244
2024-03-07 14:45:00,1709840700000,177.57,177.58,177.14,177.14,634032.0,177.403
2024-03-07 15:00:00,1709841600000,177.14,177.14,176.65,176.945,771376.0,176.8953
2024-03-07 15:15:00,1709842500000,176.96,176.96,176.695,176.76,588778.0,176.8041
2024-03-07 15:30:00,1709843400000,176.76,177.13,176.69,177.04,855508.0,176.9592
2024-03-07 15:45:00,1709844300000,177.04,177.06,176.62,176.77,2358201.0,176.8338
2024-03-07 16:00:00,1709845200000,176.82,176.83,176.23,176.3877,420577.0,176.7976
2024-03-07 16:15:00,1709846100000,176.39,176.62,176.0,176.58,38401.0,176.2925
2024-03-07 16:30:00,1709847000000,176.38,176.82,176.38,176.5836,50256.0,176.7489
2024-03-07 16:45:00,1709847900000,176.82,176.82,176.54,176.63,317669.0,176.8134
2024-03-07 17:00:00,1709848800000,176.66,176.66,176.55,176.59,1092513.0,176.8193
2024-03-07 17:15:00,1709849700000,176.56,176.64,176.38,176.45,5873.0,176.4788
2024-03-07 17:30:00,1709850600000,176.4,176.82,176.35,176.82,64360.0,176.6118
2024-03-07 17:45:00,1709851500000,176.5,176.5,176.05,176.26,9975.0,176.3945
2024-03-07 18:00:00,1709852400000,176.04,176.47,176.04,176.44,6580.0,176.2231
2024-03-07 18:15:00,1709853300000,176.23,176.44,176.19,176.19,6881.0,176.2497
2024-03-07 18:30:00,1709854200000,176.25,176.4,176.1516,176.25,7973.0,176.3284
2024-03-07 18:45:00,1709855100000,176.34,176.4,176.21,176.3777,1365.0,176.3189
2024-03-07 19:00:00,1709856000000,176.27,176.3,176.21,176.3,1653.0,176.2724
2024-03-07 19:15:00,1709856900000,176.25,176.34,176.22,176.25,1167.0,176.2599
2024-03-07 19:30:00,1709857800000,176.27,176.35,176.24,176.3,5206.0,176.2859
2024-03-07 19:45:00,1709858700000,176.3,176.4,176.26,176.26,6683.0,176.3522
2024-03-08 04:00:00,1709888400000,176.74,176.96,176.74,176.95,3430.0,176.958
2024-03-08 04:15:00,1709889300000,176.97,177.0,176.91,176.91,2756.0,176.9725
2024-03-08 04:30:00,1709890200000,176.99,177.02,176.99,177.02,4031.0,176.9934
2024-03-08 04:45:00,1709891100000,177.19,177.32,177.19,177.25,7424.0,177.2647
2024-03-08 05:00:00,1709892000000,177.18,177.18,177.18,177.18,2829.0,177.1877
2024-03-08 05:15:00,1709892900000,177.19,177.34,177.18,177.23,6774.0,177.2143
2024-03-08 05:30:00,1709893800000,177.19,177.27,177.19,177.27,3095.0,177.2224
2024-03-08 05:45:00,1709894700000,177.21,177.3,177.2,177.25,5836.0,177.2403
2024-03-08 06:00:00,1709895600000,177.25,177.25,177.18,177.18,1167.0,177.223
2024-03-08 06:15:00,1709896500000,177.07,177.07,177.07,177.07,522.0,177.0684
2024-03-08 06:30:00,1709897400000,176.97,176.97,176.54,176.73,3011.0,176.7005
2024-03-08 06:45:00,1709898300000,176.6,176.61,176.5,176.5,5129.0,176.5169
2024-03-08 07:00:00,1709899200000,176.5,176.61,176.35,176.37,6970.0,176.4607
2024-03-08 07:15:00,1709900100000,176.37,176.38,176.1,176.1,12027.0,176.207
2024-03-08 07:30:00,1709901000000,176.1,176.35,176.1,176.35,14161.0,176.2224
2024-03-08 07:45:00,1709901900000,176.39,176.39,176.31,176.31,612.0,176.3489
2024-03-08 08:00:00,1709902800000,176.5,177.72,176.0901,176.29,55442.0,176.4012
2024-03-08 08:15:00,1709903700000,176.3,176.55,176.3,176.55,12696.0,176.39
2024-03-08 08:30:00,1709904600000,176.35,177.31,176.08,176.9,54833.0,176.8225
2024-03-08 08:45:00,1709905500000,177.0,177.15,176.54,176.79,31074.0,176.8867
2024-03-08 09:00:00,1709906400000,176.7055,177.19,176.7055,177.1,144906.0,176.8585
2024-03-08 09:15:00,1709907300000,176.91,177.0899,176.34,176.41,52756.0,176.7651
2024-03-08 09:30:00,1709908200000,176.44,177.6,176.1,176.19,2789031.0,176.7964
2024-03-08 09:45:00,1709909100000,176.21,177.659,176.205,177.57,1712537.0,177.1882
2024-03-08 10:00:00,1709910000000,177.585,178.665,177.57,178.53,1867972.0,178.1687
2024-03-08 10:15:00,1709910900000,178.53,178.785,178.24,178.66,1156912.0,178.5208
2024-03-08 10:30:00,1709911800000,178.68,178.73,177.82,178.13,1215092.0,178.1969
2024-03-08 10:45:00,1709912700000,178.13,178.39,177.67,178.22,812842.0,178.0782
2024-03-08 11:00:00,1709913600000,178.22,178.31,177.3701,177.75,913649.0,177.7752
2024-03-08 11:15:00,1709914500000,177.74,178.02,177.15,177.19,1080398.0,177.5888
2024-03-08 11:30:00,1709915400000,177.18,177.31,176.91,177.17,1270993.0,177.1044
2024-03-08 11:45:00,1709916300000,177.17,177.18,176.44,176.74,1033252.0,176.7557
2024-03-08 12:00:00,1709917200000,176.72,177.13,176.4,176.745,816197.0,176.7522
2024-03-08 12:15:00,1709918100000,176.77,176.895,176.3986,176.86,651335.0,176.65
2024-03-08 12:30:00,1709919000000,176.87,176.94,176.55,176.7237,558046.0,176.7728
2024-03-08 12:45:00,1709919900000,176.72,176.74,175.41,175.43,1331398.0,175.9968
2024-03-08 13:00:00,1709920800000,175.425,175.425,174.79,174.8,1491765.0,175.1152
2024-03-08 13:15:00,1709921700000,174.8,174.9,174.33,174.63,1771406.0,174.8174
2024-03-08 13:30:00,1709922600000,174.62,174.91,174.54,174.8503,1125239.0,174.695
2024-03-08 13:45:00,1709923500000,174.8492,175.0,174.67,174.885,757332.0,174.9677
2024-03-08 14:00:00,1709924400000,174.88,175.36,174.85,175.23,694858.0,175.1264
2024-03-08 14:15:00,1709925300000,175.24,175.6,175.24,175.49,809570.0,175.4154
2024-03-08 14:30:00,1709926200000,175.49,175.83,175.44,175.79,868807.0,175.5976
2024-03-08 14:45:00,1709927100000,175.8,175.93,175.47,175.63,1023002.0,175.7252
2024-03-08 15:00:00,1709928000000,175.63,175.86,175.21,175.32,833859.0,175.5561
2024-03-08 15:15:00,1709928900000,175.32,175.51,174.94,174.955,940390.0,175.309
2024-03-08 15:30:00,1709929800000,174.955,175.395,174.87,175.27,1162032.0,175.2238
2024-03-08 15:45:00,1709930700000,175.27,175.5,175.15,175.32,2647963.0,175.3564
2024-03-08 16:00:00,1709931600000,175.35,175.57,175.33,175.57,611227.0,175.3548
2024-03-08 16:15:00,1709932500000,175.54,175.65,175.54,175.55,4142.0,175.5845
2024-03-08 16:30:00,1709933400000,175.39,175.472,175.1,175.3,225049.0,175.3523
2024-03-08 16:45:00,1709934300000,175.3,175.35,175.08,175.09,54659.0,175.2441
2024-03-08 17:00:00,1709935200000,175.09,175.19,175.08,175.19,6069.0,175.1234
2024-03-08 17:15:00,1709936100000,175.03,175.19,175.01,175.19,7075.0,175.1089
2024-03-08 17:30:00,1709937000000,175.1013,175.1789,175.07,175.07,2150.0,175.1027
2024-03-08 17:45:00,1709937900000,175.09,175.13,175.0,175.0,10024.0,175.0535
2024-03-08 18:00:00,1709938800000,175.1,175.12,175.0,175.06,9118.0,175.0322
2024-03-08 18:15:00,1709939700000,175.1356,175.2,175.0153,175.11,7327.0,175.1273
2024-03-08 18:30:00,1709940600000,175.1,175.2,175.1,175.1,2896.0,175.1316
2024-03-08 18:45:00,1709941500000,175.1006,175.11,175.05,175.1,4183.0,175.092
2024-03-08 19:00:00,1709942400000,175.05,175.08,175.05,175.08,525.0,175.073
2024-03-08 19:15:00,1709943300000,175.05,175.07,174.83,175.0,10811.0,174.9749
2024-03-08 19:30:00,1709944200000,174.97,175.0,174.9,174.9,5519.0,174.9733
2024-03-08 19:45:00,1709945100000,174.83,174.88,174.83,174.86,3906.0,174.8448
2024-03-11 03:00:00,1710144000000,174.97,175.0,174.61,174.61,5656.0,174.853
2024-03-11 03:15:00,1710144900000,174.6,174.6,174.6,174.6,1592.0,174.5885
2024-03-11 03:30:00,1710145800000,174.79,174.79,174.51,174.51,8021.0,174.6544
2024-03-11 03:45:00,1710146700000,174.51,174.63,174.28,174.63,9227.0,174.4195
2024-03-11 04:00:00,1710147600000,174.77,174.9,174.65,174.7,9663.0,174.8339
2024-03-11 04:15:00,1710148500000,174.67,174.72,174.6,174.6,3071.0,174.6851
2024-03-11 04:30:00,1710149400000,174.52,174.58,174.39,174.57,4759.0,174.4904
2024-03-11 05:00:00,1710151200000,174.6,174.6,174.54,174.54,1346.0,174.58
2024-03-11 05:15:00,1710152100000,174.5,174.5,174.19,174.32,5214.0,174.3385
2024-03-11 05:45:00,1710153900000,174.64,174.71,174.61,174.62,5402.0,174.6518
2024-03-11 06:00:00,1710154800000,174.69,174.94,174.65,174.89,12111.0,174.7798
2024-03-11 06:15:00,1710155700000,174.8,174.89,174.76,174.85,8581.0,174.8255
2024-03-11 06:30:00,1710156600000,174.8,174.8,174.74,174.78,12847.0,174.7838
2024-03-11 06:45:00,1710157500000,174.8,174.8,174.62,174.62,5244.0,174.6979
2024-03-11 07:00:00,1710158400000,174.8,174.89,174.2299,174.4,55030.0,174.5706
2024-03-11 07:15:00,1710159300000,174.3,174.41,174.15,174.32,15252.0,174.2906
2024-03-11 07:30:00,1710160200000,174.31,174.4992,174.25,174.35,17861.0,174.3418
2024-03-11 07:45:00,1710161100000,174.3491,174.35,174.27,174.31,25148.0,174.3225
2024-03-11 08:00:00,1710162000000,174.3002,174.74,174.3,174.69,24092.0,174.5236
2024-03-11 08:15:00,1710162900000,174.66,174.8,174.13,174.46,36636.0,174.4252
2024-03-11 08:30:00,1710163800000,174.31,174.47,172.53,173.51,2939018.0,173.5127
2024-03-11 08:45:00,1710164700000,173.505,173.89,172.2897,172.3,1658561.0,173.003
2024-03-11 09:00:00,1710165600000,172.29,172.6,171.47,171.57,2207471.0,171.8958
2024-03-11 09:15:00,1710166500000,171.57,172.19,171.51,172.145,1583278.0,171.8503
2024-03-11 09:30:00,1710167400000,172.13,172.6299,172.06,172.21,1161350.0,172.3488
2024-03-11 09:45:00,1710168300000,172.21,173.14,172.096,172.8709,943271.0,172.6671
2024-03-11 10:00:00,1710169200000,172.86,173.22,172.45,172.62,883692.0,172.8409
2024-03-11 10:15:00,1710170100000,172.61,172.67,172.263,172.32,661615.0,172.5175
2024-03-11 10:30:00,1710171000000,172.325,172.565,172.19,172.55,541749.0,172.377
2024-03-11 10:45:00,1710171900000,172.56,172.64,172.37,172.535,616119.0,172.5159
2024-03-11 11:00:00,1710172800000,172.54,172.59,172.2,172.34,666343.0,172.3559
2024-03-11 11:15:00,1710173700000,172.335,172.56,172.28,172.405,548400.0,172.4314
2024-03-11 11:30:00,1710174600000,172.41,172.53,172.29,172.445,454164.0,172.4253
2024-03-11 11:45:00,1710175500000,172.445,172.665,172.3149,172.64,445725.0,172.5125
2024-03-11 12:00:00,1710176400000,172.65,172.67,172.27,172.29,547618.0,172.4727
2024-03-11 12:15:00,1710177300000,172.28,172.5,172.224,172.4103,478745.0,172.384
2024-03-11 12:30:00,1710178200000,172.415,172.55,172.01,172.07,548482.0,172.3313
2024-03-11 12:45:00,1710179100000,172.06,172.24,171.91,172.235,993895.0,172.0347
2024-03-11 13:00:00,1710180000000,172.235,172.39,172.09,172.1899,402061.0,172.237
2024-03-11 13:15:00,1710180900000,172.19,172.39,172.1401,172.335,495308.0,172.2672
2024-03-11 13:30:00,1710181800000,172.34,172.62,172.24,172.6,532474.0,172.417
2024-03-11 13:45:00,1710182700000,172.6,172.88,172.5001,172.6,499291.0,172.657
2024-03-11 14:00:00,1710183600000,172.59,172.745,172.36,172.37,517864.0,172.6086
2024-03-11 14:15:00,1710184500000,172.37,172.54,172.3,172.34,703586.0,172.3952
2024-03-11 14:30:00,1710185400000,172.34,172.44,171.97,172.22,1008777.0,172.1671
2024-03-11 14:45:00,1710186300000,172.21,172.296,171.89,171.97,2236916.0,172.0125
2024-03-11 15:00:00,1710187200000,171.96,172.1,171.94,172.05,503039.0,171.9626
2024-03-11 15:15:00,1710188100000,172.0996,172.13,171.96,172.11,29324.0,172.0514
2024-03-11 15:30:00,1710189000000,172.12,172.35,172.0,172.33,16078.0,172.2304
2024-03-11 15:45:00,1710189900000,172.3498,172.3498,171.96,172.26,30062.0,171.9914
2024-03-11 16:00:00,1710190800000,172.26,172.33,172.25,172.2523,9643.0,172.2779
2024-03-11 16:15:00,1710191700000,172.29,172.4999,171.96,171.96,6498.0,172.2728
2024-03-11 16:30:00,1710192600000,172.45,172.5,172.27,172.27,11287.0,172.3034
2024-03-11 16:45:00,1710193500000,172.27,172.27,172.1,172.14,12344.0,172.2044
2024-03-11 17:00:00,1710194400000,172.19,172.35,172.19,172.35,20138.0,172.2961
2024-03-11 17:15:00,1710195300000,172.35,172.59,172.35,172.54,12852.0,172.511
2024-03-11 17:30:00,1710196200000,172.56,172.76,172.33,172.5501,16930.0,172.6123
2024-03-11 17:45:00,1710197100000,172.5504,172.71,172.55,172.6,9133.0,172.6316
2024-03-11 18:00:00,1710198000000,172.6382,172.75,172.55,172.6,18730.0,172.6338
2024-03-11 18:15:00,1710198900000,172.64,172.73,172.64,172.67,3357.0,172.6839
2024-03-11 18:30:00,1710199800000,172.74,172.8,172.64,172.72,5832.0,172.7445
2024-03-11 18:45:00,1710200700000,172.72,172.79,172.6,172.7505,13349.0,172.7166
2024-03-12 03:00:00,1710230400000,173.0,173.41,173.0,173.12,4651.0,173.2417
2024-03-12 03:15:00,1710231300000,173.05,173.05,173.0,173.0,1796.0,173.0322
2024-03-12 03:30:00,1710232200000,172.79,172.98,172.79,172.98,3229.0,172.882
2024-03-12 03:45:00,1710233100000,172.88,172.88,172.85,172.85,551.0,172.8578
2024-03-12 04:00:00,1710234000000,172.77,172.77,172.77,172.77,704.0,172.769
2024-03-12 04:30:00,1710235800000,172.89,172.89,172.85,172.85,1392.0,172.8686
2024-03-12 04:45:00,1710236700000,172.9,172.9,172.85,172.85,1964.0,172.8667
2024-03-12 05:00:00,1710237600000,172.82,173.0,172.82,173.0,5513.0,172.8911
2024-03-12 05:15:00,1710238500000,173.18,173.19,173.18,173.19,1167.0,173.1724
2024-03-12 05:30:00,1710239400000,173.17,173.2,173.09,173.2,3470.0,173.166
2024-03-12 05:45:00,1710240300000,173.22,173.25,173.2,173.25,1312.0,173.2293
2024-03-12 06:00:00,1710241200000,173.21,173.21,172.9,172.94,9627.0,173.0261
2024-03-12 06:15:00,1710242100000,172.95,173.0,172.85,173.0,6311.0,172.937
2024-03-12 06:30:00,1710243000000,173.07,173.21,173.07,173.18,8370.0,173.1381
2024-03-12 06:45:00,1710243900000,173.13,173.18,173.13,173.13,2876.0,173.1335
2024-03-12 07:00:00,1710244800000,173.05,173.4,172.77,173.03,56556.0,173.0508
2024-03-12 07:15:00,1710245700000,173.05,173.07,172.96,172.97,24095.0,173.0124
2024-03-12 07:30:00,1710246600000,172.95,173.95,172.05,173.8,179286.0,173.4001
2024-03-12 07:45:00,1710247500000,173.78,173.95,173.43,173.5,80468.0,173.7026
2024-03-12 08:00:00,1710248400000,173.5,173.7,173.201,173.35,57515.0,173.4968
2024-03-12 08:15:00,1710249300000,173.3,173.55,172.89,173.55,55160.0,173.186
2024-03-12 08:30:00,1710250200000,173.5,173.94,172.42,172.52,2524757.0,173.1175
2024-03-12 08:45:00,1710251100000,172.53,173.14,171.98,173.11,1656953.0,172.5139
2024-03-12 09:00:00,1710252000000,173.12,174.885,173.015,174.725,2138564.0,174.1338
2024-03-12 09:15:00,1710252900000,174.73,175.97,174.39,175.918,2160791.0,175.162
2024-03-12 09:30:00,1710253800000,175.925,176.475,175.885,176.436,2084909.0,176.1683
2024-03-12 09:45:00,1710254700000,176.44,176.735,176.22,176.4,2007087.0,176.4665
2024-03-12 10:00:00,1710255600000,176.395,176.76,176.16,176.7099,1429876.0,176.5628
2024-03-12 10:15:00,1710256500000,176.7023,176.76,176.3801,176.59,811622.0,176.5833
2024-03-12 10:30:00,1710257400000,176.59,176.59,175.95,176.09,1077227.0,176.1639
2024-03-12 10:45:00,1710258300000,176.09,176.26,175.875,175.9,809558.0,176.0321
2024-03-12 11:00:00,1710259200000,175.905,175.9538,175.54,175.86,801364.0,175.7617
2024-03-12 11:15:00,1710260100000,175.86,175.865,175.37,175.54,832803.0,175.6512
2024-03-12 11:30:00,1710261000000,175.5499,175.62,175.28,175.425,859534.0,175.4343
2024-03-12 11:45:00,1710261900000,175.4425,175.6788,175.16,175.62,800687.0,175.4155
2024-03-12 12:00:00,1710262800000,175.625,175.735,175.34,175.705,657542.0,175.5236
2024-03-12 12:15:00,1710263700000,175.71,176.285,175.69,175.905,891528.0,176.0219
2024-03-12 12:30:00,1710264600000,175.9,176.04,175.79,176.0,657964.0,175.9106
2024-03-12 12:45:00,1710265500000,175.995,176.05,175.65,175.8,621308.0,175.8705
2024-03-12 13:00:00,1710266400000,175.81,175.92,175.61,175.64,466833.0,175.8034
2024-03-12 13:15:00,1710267300000,175.64,175.79,175.54,175.765,434756.0,175.6601
2024-03-12 13:30:00,1710268200000,175.77,175.93,175.36,175.39,573460.0,175.698
2024-03-12 13:45:00,1710269100000,175.395,175.82,175.371,175.695,590562.0,175.6678
2024-03-12 14:00:00,1710270000000,175.7,175.88,175.525,175.81,628170.0,175.7261
2024-03-12 14:15:00,1710270900000,175.82,175.92,175.561,175.855,770213.0,175.7629
2024-03-12 14:30:00,1710271800000,175.85,175.93,175.56,175.82,807390.0,175.7741
2024-03-12 14:45:00,1710272700000,175.82,175.94,175.35,175.39,2440687.0,175.6434
2024-03-12 15:00:00,1710273600000,175.39,175.56,175.33,175.48,990125.0,175.3944
2024-03-12 15:15:00,1710274500000,175.47,175.47,175.19,175.4,399985.0,175.3898
2024-03-12 15:30:00,1710275400000,175.39,175.51,175.38,175.4,50700.0,175.4028
2024-03-12 15:45:00,1710276300000,175.4,175.43,175.37,175.3899,73916.0,175.3774
2024-03-12 16:00:00,1710277200000,175.35,175.39,175.3,175.35,15074.0,175.3585
2024-03-12 16:15:00,1710278100000,175.34,175.41,175.3,175.39,9466.0,175.357
2024-03-12 16:30:00,1710279000000,175.32,175.44,175.32,175.3201,3215.0,175.3991
2024-03-12 16:45:00,1710279900000,175.33,175.38,175.33,175.38,2677.0,175.3377
2024-03-12 17:00:00,1710280800000,175.33,175.37,175.26,175.3694,5546.0,175.3208
2024-03-12 17:15:00,1710281700000,175.3001,175.38,175.3001,175.38,2824.0,175.3459
2024-03-12 17:30:00,1710282600000,175.33,175.44,175.33,175.35,3693.0,175.3681
2024-03-12 17:45:00,1710283500000,175.4,175.4,175.26,175.32,2254.0,175.3446
2024-03-12 18:00:00,1710284400000,175.32,175.34,175.26,175.33,1913.0,175.3046
2024-03-12 18:15:00,1710285300000,175.34,175.45,175.34,175.45,5398.0,175.4011
2024-03-12 18:30:00,1710286200000,175.45,175.47,175.2,175.2,13201.0,175.3706
2024-03-12 18:45:00,1710287100000,175.24,175.29,175.08,175.2,13569.0,175.1533
2024-03-13 03:00:00,1710316800000,175.38,175.79,175.2,175.2,4674.0,175.2597
2024-03-13 03:15:00,1710317700000,175.2,175.2,174.95,174.95,3517.0,175.1125
2024-03-13 03:30:00,1710318600000,174.98,175.01,174.91,174.91,2355.0,174.9698
2024-03-13 03:45:00,1710319500000,174.94,174.94,174.9,174.93,2961.0,174.9261
2024-03-13 04:00:00,1710320400000,175.0,175.05,175.0,175.05,496.0,175.0097
2024-03-13 04:15:00,1710321300000,174.95,175.1,174.95,175.1,3572.0,175.0515
2024-03-13 04:30:00,1710322200000,175.11,175.11,175.1,175.1,2574.0,175.1014
2024-03-13 04:45:00,1710323100000,175.06,175.1,175.05,175.1,1878.0,175.0914
2024-03-13 05:00:00,1710324000000,175.12,175.3,175.12,175.21,4821.0,175.1595
2024-03-13 05:15:00,1710324900000,175.2,175.25,175.2,175.25,2208.0,175.2334
2024-03-13 05:30:00,1710325800000,175.2,175.2,175.19,175.19,622.0,175.1913
2024-03-13 05:45:00,1710326700000,175.25,175.5,175.25,175.49,6552.0,175.3869
2024-03-13 06:00:00,1710327600000,175.48,175.48,175.05,175.08,20706.0,175.2843
2024-03-13 06:15:00,1710328500000,175.05,175.28,175.05,175.28,10150.0,175.1947
2024-03-13 06:30:00,1710329400000,175.35,175.48,175.35,175.38,4481.0,175.3835
2024-03-13 06:45:00,1710330300000,175.29,175.49,175.29,175.29,13843.0,175.4311
2024-03-13 07:00:00,1710331200000,175.4896,175.5,175.01,175.0493,47697.0,175.2668
2024-03-13 07:15:00,1710332100000,175.09,175.15,175.0201,175.07,13078.0,175.086
2024-03-13 07:30:00,1710333000000,175.09,175.1,174.88,175.0,22615.0,175.0054
2024-03-13 07:45:00,1710333900000,175.05,175.3,175.01,175.3,25673.0,175.106
2024-03-13 08:00:00,1710334800000,175.32,176.15,175.2497,176.15,68879.0,175.7027
2024-03-13 08:15:00,1710335700000,176.13,176.22,175.66,175.81,121178.0,176.0064
2024-03-13 08:30:00,1710336600000,175.9,176.6499,175.6,176.11,2719387.0,176.1096
2024-03-13 08:45:00,1710337500000,176.11,176.1481,175.55,175.97,1274643.0,175.8814
2024-03-13 09:00:00,1710338400000,175.98,177.1599,175.61,176.97,1514027.0,176.5465
2024-03-13 09:15:00,1710339300000,176.96,177.13,176.39,176.58,1256038.0,176.7929
2024-03-13 09:30:00,1710340200000,176.555,177.0,176.45,176.95,1126202.0,176.8688
2024-03-13 09:45:00,1710341100000,176.96,177.0,176.52,176.66,967134.0,176.7421
2024-03-13 10:00:00,1710342000000,176.665,177.01,176.65,176.805,720891.0,176.8545
2024-03-13 10:15:00,1710342900000,176.8,177.081,176.61,176.675,869568.0,176.8516
2024-03-13 10:30:00,1710343800000,176.66,177.06,176.56,176.8501,708041.0,176.8056
2024-03-13 10:45:00,1710344700000,176.87,177.05,176.76,177.01,813646.0,176.9313
2024-03-13 11:00:00,1710345600000,177.01,177.06,176.81,176.835,689547.0,176.9224
2024-03-13 11:15:00,1710346500000,176.83,177.0,176.8,176.86,675131.0,176.9382
2024-03-13 11:30:00,1710347400000,176.87,177.0,176.6701,176.995,615699.0,176.8541
2024-03-13 11:45:00,1710348300000,176.99,177.36,176.9222,177.185,913943.0,177.114
2024-03-13 12:00:00,1710349200000,177.18,177.47,176.98,177.41,1165089.0,177.2156
2024-03-13 12:15:00,1710350100000,177.41,177.54,177.15,177.51,654278.0,177.3359
2024-03-13 12:30:00,1710351000000,177.52,177.62,177.18,177.225,667539.0,177.4393
2024-03-13 12:45:00,1710351900000,177.23,177.568,177.2222,177.3354,443372.0,177.3857
2024-03-13 13:00:00,1710352800000,177.32,177.45,177.28,177.385,421144.0,177.3568
2024-03-13 13:15:00,1710353700000,177.385,177.48,177.33,177.46,442771.0,177.4129
2024-03-13 13:30:00,1710354600000,177.46,177.57,177.27,177.31,696378.0,177.4109
2024-03-13 13:45:00,1710355500000,177.305,177.52,177.225,177.2901,531117.0,177.3606
2024-03-13 14:00:00,1710356400000,177.29,177.355,176.92,177.05,734630.0,177.0943
2024-03-13 14:15:00,1710357300000,177.04,177.175,176.26,176.53,914860.0,176.812
2024-03-13 14:30:00,1710358200000,176.54,176.89,176.47,176.795,956791.0,176.6948
2024-03-13 14:45:00,1710359100000,176.79,176.92,176.355,176.57,2272138.0,176.5796
2024-03-13 15:00:00,1710360000000,176.56,176.8,176.55,176.72,239392.0,176.572
2024-03-13 15:15:00,1710360900000,176.7,176.7,176.55,176.55,11499.0,176.6187
2024-03-13 15:30:00,1710361800000,176.75,176.8,176.6401,176.7472,10814.0,176.7345
2024-03-13 15:45:00,1710362700000,176.74,176.85,176.74,176.76,10044.0,176.4619
2024-03-13 16:00:00,1710363600000,176.76,176.81,176.7305,176.78,70141.0,176.5666
2024-03-13 16:15:00,1710364500000,176.75,176.7601,176.62,176.64,9709.0,176.7185
2024-03-13 16:30:00,1710365400000,176.68,176.79,176.65,176.65,7459.0,176.7224
2024-03-13 16:45:00,1710366300000,176.75,176.7854,176.7008,176.7012,7678.0,176.7372
2024-03-13 17:00:00,1710367200000,176.75,177.2,176.75,177.0,19881.0,176.9562
2024-03-13 17:15:00,1710368100000,177.0,177.0,176.9,176.9,2511.0,176.9433
2024-03-13 17:30:00,1710369000000,176.95,176.99,176.86,176.99,1988.0,176.9147
2024-03-13 17:45:00,1710369900000,177.0,177.22,176.9596,177.01,6645.0,177.0603
2024-03-13 18:00:00,1710370800000,177.0,177.18,177.0,177.0,3605.0,177.0452
2024-03-13 18:15:00,1710371700000,177.0001,177.18,177.0001,177.18,4149.0,177.1007
2024-03-13 18:30:00,1710372600000,177.2,177.29,177.1,177.2,7490.0,177.2297
2024-03-13 18:45:00,1710373500000,177.16,177.25,177.03,177.2,5341.0,177.1458
2024-03-14 03:00:00,1710403200000,177.24,177.59,176.87,177.5,14855.0,177.4161
2024-03-14 03:15:00,1710404100000,177.44,177.5,177.37,177.5,4840.0,177.4359
2024-03-14 03:30:00,1710405000000,177.43,177.55,177.43,177.5,1140.0,177.4889
2024-03-14 03:45:00,1710405900000,177.61,177.69,177.61,177.69,1499.0,177.6574
2024-03-14 04:00:00,1710406800000,177.64,177.69,177.64,177.69,1187.0,177.6681
2024-03-14 04:15:00,1710407700000,177.6,177.61,177.6,177.61,737.0,177.6035
2024-03-14 04:30:00,1710408600000,177.64,177.66,177.64,177.65,2629.0,177.6493
2024-03-14 04:45:00,1710409500000,177.6,177.6,177.6,177.6,202.0,177.6
2024-03-14 05:15:00,1710411300000,177.62,177.62,177.62,177.62,288.0,177.6199
2024-03-14 05:30:00,1710412200000,177.63,177.67,177.63,177.65,2677.0,177.6449
2024-03-14 05:45:00,1710413100000,177.63,177.75,177.63,177.75,3133.0,177.702
2024-03-14 06:00:00,1710414000000,177.67,177.98,177.65,177.9,18514.0,177.7632
2024-03-14 06:15:00,1710414900000,177.9,177.9,177.7,177.75,11785.0,177.7751
2024-03-14 06:30:00,1710415800000,177.78,177.85,177.69,177.69,23939.0,177.785
2024-03-14 06:45:00,1710416700000,177.79,177.84,177.67,177.69,16596.0,177.7901
2024-03-14 07:00:00,1710417600000,177.7,177.96,177.2,177.65,68106.0,177.7219
2024-03-14 07:15:00,1710418500000,177.64,177.71,177.63,177.65,14157.0,177.6628
2024-03-14 07:30:00,1710419400000,177.63,177.63,177.16,177.4,52535.0,177.3595
2024-03-14 07:45:00,1710420300000,177.3,177.5,176.86,177.21,36546.0,177.0859
2024-03-14 08:00:00,1710421200000,177.1,177.31,176.87,176.87,33284.0,177.1029
2024-03-14 08:15:00,1710422100000,176.9215,177.76,176.7,177.73,73779.0,177.2591
2024-03-14 08:30:00,1710423000000,177.69,178.0,176.465,177.7214,2637457.0,177.3988
2024-03-14 08:45:00,1710423900000,177.71,177.87,176.72,176.95,1609190.0,177.2936
2024-03-14 09:00:00,1710424800000,176.93,178.2799,176.62,178.19,1425901.0,177.4363
2024-03-14 09:15:00,1710425700000,178.2,178.76,177.92,178.71,1853983.0,178.3001
2024-03-14 09:30:00,1710426600000,178.715,179.221,178.3538,178.65,2208473.0,178.8452
2024-03-14 09:45:00,1710427500000,178.68,179.47,178.5446,179.01,1914208.0,179.009
2024-03-14 10:00:00,1710428400000,179.04,179.52,178.91,179.44,1255667.0,179.2425
2024-03-14 10:15:00,1710429300000,179.445,179.53,178.49,178.765,1090425.0,178.9167
2024-03-14 10:30:00,1710430200000,178.78,178.9998,178.53,178.55,834255.0,178.7663
2024-03-14 10:45:00,1710431100000,178.56,178.77,178.18,178.365,1165023.0,178.3595
2024-03-14 11:00:00,1710432000000,178.36,178.395,177.37,177.5,1214126.0,177.7982
2024-03-14 11:15:00,1710432900000,177.5,177.84,177.27,177.77,993850.0,177.468
2024-03-14 11:30:00,1710433800000,177.775,178.2,177.6499,177.7786,839819.0,177.9202
2024-03-14 11:45:00,1710434700000,177.775,178.0912,177.72,177.955,711119.0,177.9188
2024-03-14 12:00:00,1710435600000,177.96,178.24,177.89,178.18,718932.0,178.0112
2024-03-14 12:15:00,1710436500000,178.185,178.205,177.695,177.695,881886.0,177.9434
2024-03-14 12:30:00,1710437400000,177.69,178.17,177.58,178.12,681868.0,177.8471
2024-03-14 12:45:00,1710438300000,178.115,178.71,177.9517,178.7084,745103.0,178.4056
2024-03-14 13:00:00,1710439200000,178.71,179.2801,178.71,179.255,1022601.0,179.017
2024-03-14 13:15:00,1710440100000,179.26,179.3,178.922,178.94,756721.0,179.1434
2024-03-14 13:30:00,1710441000000,178.93,179.251,178.875,179.17,779356.0,179.0302
2024-03-14 13:45:00,1710441900000,179.1703,179.3884,178.915,178.9899,992270.0,179.1135
2024-03-14 14:00:00,1710442800000,178.985,179.1299,178.345,178.345,1638555.0,178.8866
2024-03-14 14:15:00,1710443700000,178.325,178.87,178.285,178.77,1276475.0,178.5856
2024-03-14 14:30:00,1710444600000,178.78,178.78,178.1498,178.235,1632794.0,178.3766
2024-03-14 14:45:00,1710445500000,178.235,178.85,177.86,178.85,4070571.0,178.4352
2024-03-14 15:00:00,1710446400000,178.75,178.97,178.73,178.88,1576986.0,178.756
2024-03-14 15:15:00,1710447300000,178.87,179.06,178.83,178.88,25281.0,178.9246
2024-03-14 15:30:00,1710448200000,178.86,178.98,178.8509,178.91,11300.0,178.9002
2024-03-14 15:45:00,1710449100000,178.98,179.1,178.75,178.9,61642.0,178.789
2024-03-14 16:00:00,1710450000000,178.84,178.9,178.82,178.86,8786.0,178.8565
2024-03-14 16:15:00,1710450900000,178.85,178.9,178.83,178.9,4548.0,178.8549
2024-03-14 16:30:00,1710451800000,178.86,178.86,178.71,178.75,7722.0,178.7814
2024-03-14 16:45:00,1710452700000,178.7112,178.7112,178.47,178.47,7458.0,178.5944
2024-03-14 17:00:00,1710453600000,178.5,178.75,178.5,178.65,12518.0,178.6343
2024-03-14 17:15:00,1710454500000,178.61,178.75,178.61,178.61,3205.0,178.7003
2024-03-14 17:30:00,1710455400000,178.75,178.75,178.74,178.74,564.0,178.7097
2024-03-14 17:45:00,1710456300000,178.72,178.75,178.61,178.7,6273.0,178.7309
2024-03-14 18:00:00,1710457200000,178.61,178.7,178.61,178.65,2280.0,178.6553
2024-03-14 18:15:00,1710458100000,178.62,178.64,178.43,178.5,3064.0,178.5488
2024-03-14 18:30:00,1710459000000,178.41,178.57,178.36,178.45,3651.0,178.4337
2024-03-14 18:45:00,1710459900000,178.41,178.79,178.4,178.79,4064.0,178.5463
2024-03-15 03:00:00,1710489600000,178.22,178.5,178.2,178.5,6018.0,178.3875
2024-03-15 03:15:00,1710490500000,178.43,178.43,178.36,178.36,3356.0,178.3968
2024-03-15 03:30:00,1710491400000,178.4,178.4,178.27,178.3,4739.0,178.3046
2024-03-15 03:45:00,1710492300000,178.2,178.32,178.2,178.25,4176.0,178.2146
2024-03-15 04:00:00,1710493200000,178.28,178.28,178.24,178.25,10608.0,178.2539
2024-03-15 04:15:00,1710494100000,178.17,178.17,178.0,178.04,4594.0,178.053
2024-03-15 04:30:00,1710495000000,178.13,178.22,178.13,178.19,3615.0,178.1736
2024-03-15 04:45:00,1710495900000,178.25,178.29,178.23,178.25,13620.0,178.2491
2024-03-15 05:00:00,1710496800000,178.25,178.25,178.23,178.25,5075.0,178.2494
2024-03-15 05:15:00,1710497700000,178.49,178.49,178.49,178.49,534.0,178.4864
2024-03-15 05:30:00,1710498600000,178.49,178.7,178.49,178.61,2407.0,178.6106
2024-03-15 05:45:00,1710499500000,178.7,179.21,178.7,179.12,10130.0,178.9951
2024-03-15 06:00:00,1710500400000,179.12,179.36,179.09,179.14,22480.0,179.2282
2024-03-15 06:15:00,1710501300000,179.13,179.2,178.8,178.8,25857.0,179.04
2024-03-15 06:30:00,1710502200000,178.89,178.99,178.8,178.99,5658.0,178.888
2024-03-15 06:45:00,1710503100000,178.93,178.99,178.7,178.74,10815.0,178.8388
2024-03-15 07:00:00,1710504000000,179.095,179.37,178.3,178.65,55448.0,178.9355
2024-03-15 07:15:00,1710504900000,178.67,178.81,178.65,178.81,5434.0,178.7195
2024-03-15 07:30:00,1710505800000,178.82,178.9,178.69,178.69,20789.0,178.8049
2024-03-15 07:45:00,1710506700000,178.69,178.84,178.65,178.79,52290.0,178.7526
2024-03-15 08:00:00,1710507600000,178.74,178.84,178.4,178.5,27477.0,178.6486
2024-03-15 08:15:00,1710508500000,178.49,178.6,176.16,177.39,625128.0,177.2257
2024-03-15 08:30:00,1710509400000,176.64,177.93,175.76,175.835,9839795.0,176.7098
2024-03-15 08:45:00,1710510300000,175.86,176.5,175.405,175.76,2112032.0,175.9136
2024-03-15 09:00:00,1710511200000,175.74,176.01,174.92,175.37,2147505.0,175.3515
2024-03-15 09:15:00,1710512100000,175.38,176.156,175.38,175.54,1379003.0,175.8313
2024-03-15 09:30:00,1710513000000,175.535,175.76,175.105,175.6887,1300275.0,175.3858
2024-03-15 09:45:00,1710513900000,175.69,175.99,175.3,175.45,1118366.0,175.6995
2024-03-15 10:00:00,1710514800000,175.46,175.62,175.0,175.055,1564485.0,175.3412
2024-03-15 10:15:00,1710515700000,175.04,175.26,174.73,175.02,1431916.0,174.9492
2024-03-15 10:30:00,1710516600000,175.01,175.1478,174.55,174.56,1070529.0,174.8028
2024-03-15 10:45:00,1710517500000,174.55,174.66,174.33,174.55,999306.0,174.5121
2024-03-15 11:00:00,1710518400000,174.53,174.66,174.13,174.1939,1080037.0,174.3186
2024-03-15 11:15:00,1710519300000,174.195,174.33,174.05,174.148,1093925.0,174.1665
2024-03-15 11:30:00,1710520200000,174.13,174.62,174.13,174.2984,1867264.0,174.2274
2024-03-15 11:45:00,1710521100000,174.3,174.41,173.9,174.0643,2084958.0,173.6684
2024-03-15 12:00:00,1710522000000,174.08,174.59,173.995,174.4332,1162125.0,174.2931
2024-03-15 12:15:00,1710522900000,174.43,174.645,174.41,174.535,776255.0,174.5335
2024-03-15 12:30:00,1710523800000,174.54,174.98,174.52,174.89,894307.0,174.7512
2024-03-15 12:45:00,1710524700000,174.885,175.01,174.37,174.98,1774805.0,174.8491
2024-03-15 13:00:00,1710525600000,174.99,175.11,174.8,174.88,788580.0,174.9469
2024-03-15 13:15:00,1710526500000,174.8634,175.03,174.795,174.955,560810.0,174.9096
2024-03-15 13:30:00,1710527400000,174.96,175.495,174.905,175.3101,1113561.0,175.2052
2024-03-15 13:45:00,1710528300000,175.325,175.395,174.88,174.92,727885.0,175.0937
2024-03-15 14:00:00,1710529200000,174.91,175.2,174.8801,175.045,829872.0,175.0741
2024-03-15 14:15:00,1710530100000,175.05,175.35,174.86,175.07,927087.0,175.0564
2024-03-15 14:30:00,1710531000000,175.07,175.17,174.81,174.925,1025963.0,174.99
2024-03-15 14:45:00,1710531900000,174.925,175.06,174.26,174.43,4068217.0,174.606
2024-03-15 15:00:00,1710532800000,174.42,174.66,174.42,174.62,5227519.0,174.4205
2024-03-15 15:15:00,1710533700000,174.63,174.72,174.5,174.72,47388.0,174.5482
2024-03-15 15:30:00,1710534600000,174.7,174.77,174.56,174.58,22161.0,174.667
2024-03-15 15:45:00,1710535500000,174.68,174.86,174.6,174.75,268472.0,174.4416
2024-03-15 16:00:00,1710536400000,174.75,174.76,174.42,174.68,188198.0,174.4285
2024-03-15 16:15:00,1710537300000,174.66,174.7,174.57,174.57,6247.0,174.641
2024-03-15 16:30:00,1710538200000,174.6,174.76,174.6,174.76,3360.0,174.6818
2024-03-15 16:45:00,1710539100000,174.5801,174.72,174.42,174.64,11691.0,174.5525
2024-03-15 17:00:00,1710540000000,174.65,174.69,174.5,174.51,9579.0,174.595
2024-03-15 17:15:00,1710540900000,174.5,174.56,174.45,174.56,6601.0,174.4797
2024-03-15 17:30:00,1710541800000,174.52,174.57,174.51,174.52,3603.0,174.5433
2024-03-15 17:45:00,1710542700000,174.51,174.549,174.51,174.51,5064.0,174.5192
2024-03-15 18:00:00,1710543600000,174.55,174.6,174.54,174.6,1531.0,174.562
2024-03-15 18:15:00,1710544500000,174.6,174.6,174.6,174.6,1068.0,174.6001
2024-03-15 18:30:00,1710545400000,174.6,174.6,174.55,174.55,954.0,174.5697
2024-03-15 18:45:00,1710546300000,174.61,174.62,174.51,174.52,9470.0,174.5695
2024-03-18 03:00:00,1710748800000,175.58,175.58,175.01,175.38,7734.0,175.3796
2024-03-18 03:15:00,1710749700000,175.32,175.43,175.32,175.43,3108.0,175.3718
2024-03-18 03:30:00,1710750600000,175.35,175.35,175.35,175.35,997.0,175.3144
2024-03-18 03:45:00,1710751500000,175.34,175.63,175.34,175.63,2051.0,175.4976
2024-03-18 04:00:00,1710752400000,175.6,175.65,174.73,175.38,6683.0,175.2507
2024-03-18 04:15:00,1710753300000,175.31,175.31,175.31,175.31,606.0,175.2972
2024-03-18 04:45:00,1710755100000,175.34,176.0,175.34,175.48,7961.0,175.6201
2024-03-18 05:00:00,1710756000000,175.37,175.37,175.37,175.37,1476.0,175.3843
2024-03-18 05:15:00,1710756900000,175.5,175.5,175.5,175.5,795.0,175.5031
2024-03-18 05:30:00,1710757800000,175.47,175.55,175.43,175.55,1519.0,175.4758
2024-03-18 05:45:00,1710758700000,175.69,175.69,175.47,175.47,2776.0,175.5395
2024-03-18 06:00:00,1710759600000,175.46,175.49,175.02,175.26,19541.0,175.2115
2024-03-18 06:15:00,1710760500000,175.16,175.5,175.16,175.5,22488.0,175.3311
2024-03-18 06:30:00,1710761400000,175.55,175.67,175.5,175.58,11457.0,175.5971
2024-03-18 06:45:00,1710762300000,175.58,175.7,175.58,175.68,22946.0,175.6547
2024-03-18 07:00:00,1710763200000,175.15,175.81,175.0302,175.79,107624.0,175.5765
2024-03-18 07:15:00,1710764100000,175.79,175.8,175.65,175.79,38633.0,175.7299
2024-03-18 07:30:00,1710765000000,175.79,175.8,175.62,175.8,33613.0,175.7661
2024-03-18 07:45:00,1710765900000,175.77,175.86,175.75,175.85,27051.0,175.8189
2024-03-18 08:00:00,1710766800000,175.86,175.95,175.8,175.93,40900.0,175.8874
2024-03-18 08:15:00,1710767700000,175.93,175.95,175.51,175.8,37574.0,175.8243
2024-03-18 08:30:00,1710768600000,175.8,176.24,174.74,176.1964,2838094.0,175.7991
2024-03-18 08:45:00,1710769500000,176.2,176.4,174.86,174.9497,1799204.0,175.8488
2024-03-18 09:00:00,1710770400000,174.95,175.68,174.86,175.59,1248090.0,175.3034
2024-03-18 09:15:00,1710771300000,175.595,176.56,175.59,176.385,1479154.0,176.0913
2024-03-18 09:30:00,1710772200000,176.42,176.69,175.945,176.4699,1053337.0,176.3594
2024-03-18 09:45:00,1710773100000,176.47,176.49,176.19,176.385,649454.0,176.3449
2024-03-18 10:00:00,1710774000000,176.39,176.47,175.815,175.9,820228.0,176.1122
2024-03-18 10:15:00,1710774900000,175.905,175.97,174.96,175.315,1285229.0,175.4216
2024-03-18 10:30:00,1710775800000,175.32,175.33,174.87,175.2,692994.0,175.1345
2024-03-18 10:45:00,1710776700000,175.2,175.28,175.01,175.05,591181.0,175.1192
2024-03-18 11:00:00,1710777600000,175.05,175.17,174.655,175.17,717502.0,174.9044
2024-03-18 11:15:00,1710778500000,175.17,175.1704,174.705,174.88,645105.0,174.9628
2024-03-18 11:30:00,1710779400000,174.89,174.94,174.65,174.8134,582721.0,174.8311
2024-03-18 11:45:00,1710780300000,174.8,174.8294,174.35,174.39,696961.0,174.5518
2024-03-18 12:00:00,1710781200000,174.375,174.62,174.34,174.485,574742.0,174.4703
2024-03-18 12:15:00,1710782100000,174.49,174.92,174.425,174.8429,559421.0,174.7057
2024-03-18 12:30:00,1710783000000,174.845,174.94,174.29,174.44,638579.0,174.5651
2024-03-18 12:45:00,1710783900000,174.442,174.74,174.425,174.7,497494.0,174.5819
2024-03-18 13:00:00,1710784800000,174.71,174.92,174.67,174.845,540914.0,174.7729
2024-03-18 13:15:00,1710785700000,174.84,174.945,174.725,174.9262,590002.0,174.8651
2024-03-18 13:30:00,1710786600000,174.92,174.94,174.47,174.6598,468124.0,174.7617
2024-03-18 13:45:00,1710787500000,174.65,174.8166,174.59,174.77,413382.0,174.6986
2024-03-18 14:00:00,1710788400000,174.76,174.98,174.71,174.98,577086.0,174.8346
2024-03-18 14:15:00,1710789300000,174.9738,175.87,174.7,174.7484,612335.0,174.8841
2024-03-18 14:30:00,1710790200000,174.745,175.87,174.67,174.835,753886.0,174.7676
2024-03-18 14:45:00,1710791100000,174.8379,174.84,174.28,174.47,2126194.0,174.4638
2024-03-18 15:00:00,1710792000000,174.48,174.48,174.25,174.47,496650.0,174.4746
2024-03-18 15:15:00,1710792900000,174.41,174.5,174.38,174.44,11593.0,174.4245
2024-03-18 15:30:00,1710793800000,174.44,174.44,174.4,174.4,5136.0,174.4094
2024-03-18 15:45:00,1710794700000,174.35,174.38,174.33,174.35,252846.0,174.4694
2024-03-18 16:00:00,1710795600000,174.33,175.13,174.3,174.53,44026.0,174.7345
2024-03-18 16:15:00,1710796500000,174.51,174.55,174.25,174.25,12610.0,174.3518
2024-03-18 16:30:00,1710797400000,174.3014,174.44,174.3,174.44,1563.0,174.3484
2024-03-18 16:45:00,1710798300000,174.4,174.4369,174.3504,174.4369,5215.0,174.3833
2024-03-18 17:00:00,1710799200000,174.43,174.54,174.43,174.45,2173.0,174.4534
2024-03-18 17:15:00,1710800100000,174.46,174.5494,174.45,174.5494,4637.0,174.4798
2024-03-18 17:30:00,1710801000000,174.45,174.4783,174.35,174.4,11093.0,174.3811
2024-03-18 17:45:00,1710801900000,174.31,174.35,174.25,174.26,3858.0,174.2976
2024-03-18 18:00:00,1710802800000,174.3,174.3,174.24,174.29,2338.0,174.2763
2024-03-18 18:15:00,1710803700000,174.21,174.36,174.21,174.29,3406.0,174.3171
2024-03-18 18:30:00,1710804600000,174.3,174.3,174.22,174.22,2171.0,174.2593
2024-03-18 18:45:00,1710805500000,174.22,174.4,174.2,174.25,7732.0,174.2652
2024-03-19 03:00:00,1710835200000,174.34,174.34,173.91,173.92,3516.0,174.0732
2024-03-19 03:15:00,1710836100000,173.85,174.0,173.8,174.0,4506.0,173.9652
2024-03-19 03:30:00,1710837000000,174.1,174.38,174.1,174.33,3741.0,174.2946
2024-03-19 03:45:00,1710837900000,174.45,174.45,174.36,174.37,2315.0,174.4029
2024-03-19 04:00:00,1710838800000,174.39,174.39,174.11,174.11,1705.0,174.2763
2024-03-19 04:15:00,1710839700000,174.3,174.3,174.3,174.3,1020.0,174.2979
2024-03-19 04:30:00,1710840600000,174.24,174.25,174.24,174.25,1715.0,174.2449
2024-03-19 04:45:00,1710841500000,174.15,174.15,174.01,174.02,2257.0,174.0788
2024-03-19 05:00:00,1710842400000,174.01,174.01,174.01,174.01,603.0,174.0135
2024-03-19 05:15:00,1710843300000,174.1,174.1,174.1,174.1,744.0,174.0944
2024-03-19 05:30:00,1710844200000,174.18,174.18,174.18,174.18,587.0,174.1763
2024-03-19 05:45:00,1710845100000,174.05,174.05,173.95,173.95,1196.0,173.9952
2024-03-19 06:00:00,1710846000000,174.05,174.05,173.66,173.72,9308.0,173.9456
2024-03-19 06:15:00,1710846900000,173.67,173.67,173.2,173.3,18617.0,173.4191
2024-03-19 06:30:00,1710847800000,173.33,173.33,173.11,173.2,12566.0,173.2162
2024-03-19 06:45:00,1710848700000,173.26,173.45,173.19,173.38,7341.0,173.3042
2024-03-19 07:00:00,1710849600000,174.1,174.25,173.0921,173.45,65527.0,173.513
2024-03-19 07:15:00,1710850500000,173.5495,173.58,173.0,173.09,33633.0,173.2422
2024-03-19 07:30:00,1710851400000,173.19,173.5,173.15,173.2,33602.0,173.3709
2024-03-19 07:45:00,1710852300000,173.2,173.35,173.1191,173.29,57608.0,173.1955
2024-03-19 08:00:00,1710853200000,173.3,173.78,173.3,173.75,50934.0,173.6213
2024-03-19 08:15:00,1710854100000,173.8,174.24,173.58,174.2,45183.0,173.9644
2024-03-19 08:30:00,1710855000000,174.215,174.685,173.52,174.5697,2047990.0,174.2303
2024-03-19 08:45:00,1710855900000,174.56,175.22,174.44,175.0901,2278975.0,174.9412
2024-03-19 09:00:00,1710856800000,175.11,175.6485,175.01,175.02,1462339.0,175.3695
2024-03-19 09:15:00,1710857700000,175.02,175.4699,174.87,175.088,1128019.0,175.0703
2024-03-19 09:30:00,1710858600000,175.07,175.51,174.915,175.31,827043.0,175.2558
2024-03-19 09:45:00,1710859500000,175.3102,175.49,175.06,175.09,685642.0,175.2625
2024-03-19 10:00:00,1710860400000,175.07,175.4,175.01,175.195,681063.0,175.1931
2024-03-19 10:15:00,1710861300000,175.2,175.29,175.03,175.1684,548167.0,175.1651
2024-03-19 10:30:00,1710862200000,175.17,175.48,175.1,175.13,825546.0,175.3218
2024-03-19 10:45:00,1710863100000,175.15,175.43,175.124,175.42,525402.0,175.2548
2024-03-19 11:00:00,1710864000000,175.42,175.59,175.145,175.28,511578.0,175.3749
2024-03-19 11:15:00,1710864900000,175.285,175.68,175.28,175.58,621321.0,175.5632
2024-03-19 11:30:00,1710865800000,175.58,175.79,175.4038,175.565,548083.0,175.5924
2024-03-19 11:45:00,1710866700000,175.555,175.77,175.5,175.7,520881.0,175.6344
2024-03-19 12:00:00,1710867600000,175.7,176.0,175.47,175.5199,726392.0,175.7634
2024-03-19 12:15:00,1710868500000,175.515,175.545,175.325,175.43,475116.0,175.4274
2024-03-19 12:30:00,1710869400000,175.44,175.8199,175.42,175.8078,515374.0,175.6124
2024-03-19 12:45:00,1710870300000,175.81,175.86,175.3979,175.56,415939.0,175.6225
2024-03-19 13:00:00,1710871200000,175.55,175.55,175.05,175.1442,457301.0,175.2414
2024-03-19 13:15:00,1710872100000,175.1401,175.42,175.135,175.22,367702.0,175.2694
2024-03-19 13:30:00,1710873000000,175.2,175.29,175.06,175.075,446228.0,175.1672
2024-03-19 13:45:00,1710873900000,175.08,175.29,174.9801,175.27,536054.0,175.1032
2024-03-19 14:00:00,1710874800000,175.275,175.45,175.235,175.275,492860.0,175.3525
2024-03-19 14:15:00,1710875700000,175.27,175.6256,175.15,175.45,517650.0,175.4222
2024-03-19 14:30:00,1710876600000,175.43,175.55,175.32,175.535,623609.0,175.4471
2024-03-19 14:45:00,1710877500000,175.53,176.09,175.5246,175.89,2430761.0,175.9243
2024-03-19 15:00:00,1710878400000,175.9,175.9,175.52,175.84,700101.0,175.8935
2024-03-19 15:15:00,1710879300000,175.85,175.9,175.71,175.77,16409.0,175.7993
2024-03-19 15:30:00,1710880200000,175.77,175.84,175.71,175.8,5689.0,175.7747
2024-03-19 15:45:00,1710881100000,175.85,175.85,175.76,175.7796,55602.0,175.8948
2024-03-19 16:00:00,1710882000000,175.77,175.77,175.7101,175.75,22170.0,175.8926
2024-03-19 16:15:00,1710882900000,175.73,175.73,175.73,175.73,1203.0,175.7296
2024-03-19 16:30:00,1710883800000,175.73,175.8,175.72,175.73,2328.0,175.746
2024-03-19 16:45:00,1710884700000,175.72,175.85,175.72,175.85,2382.0,175.8166
2024-03-19 17:00:00,1710885600000,175.8685,175.8686,175.76,175.76,2892.0,175.8437
2024-03-19 17:15:00,1710886500000,175.85,175.85,175.8,175.8,2613.0,175.843
2024-03-19 17:30:00,1710887400000,175.81,175.81,175.81,175.81,252.0,175.8264
2024-03-19 17:45:00,1710888300000,175.75,175.7801,175.75,175.7501,1112.0,175.7934
2024-03-19 18:00:00,1710889200000,175.82,175.86,175.77,175.77,3589.0,175.7921
2024-03-19 18:15:00,1710890100000,175.79,175.88,175.79,175.8,2122.0,175.8283
2024-03-19 18:30:00,1710891000000,175.85,175.9,175.85,175.9,1806.0,175.8698
2024-03-19 18:45:00,1710891900000,175.81,175.91,175.81,175.85,4459.0,175.8794
2024-03-20 03:00:00,1710921600000,175.77,175.77,175.57,175.57,1705.0,175.5589
2024-03-20 03:15:00,1710922500000,175.62,175.62,175.5,175.5,809.0,175.5734
2024-03-20 03:30:00,1710923400000,175.5,175.5,175.44,175.44,1203.0,175.468
2024-03-20 03:45:00,1710924300000,175.51,175.51,175.51,175.51,610.0,175.5082
2024-03-20 04:00:00,1710925200000,175.39,175.39,175.39,175.39,560.0,175.3934
2024-03-20 04:15:00,1710926100000,175.4,175.4,175.4,175.4,715.0,175.4066
2024-03-20 04:30:00,1710927000000,175.68,175.68,175.68,175.68,929.0,175.6217
2024-03-20 04:45:00,1710927900000,175.52,175.6,175.52,175.6,1146.0,175.536
2024-03-20 05:30:00,1710930600000,175.62,175.62,175.62,175.62,308.0,175.6336
2024-03-20 05:45:00,1710931500000,175.64,175.68,175.64,175.68,752.0,175.6587
2024-03-20 06:00:00,1710932400000,175.56,176.0,175.52,176.0,9551.0,175.7891
2024-03-20 06:15:00,1710933300000,176.0,176.0,175.9,175.95,11020.0,175.9212
2024-03-20 06:30:00,1710934200000,176.0,176.04,175.98,176.03,4819.0,176.0083
2024-03-20 06:45:00,1710935100000,176.0,176.11,176.0,176.01,7473.0,176.0579
2024-03-20 07:00:00,1710936000000,175.68,176.12,175.41,175.81,31917.0,175.8879
2024-03-20 07:15:00,1710936900000,175.85,175.9998,175.81,175.9,12550.0,175.8811
2024-03-20 07:30:00,1710937800000,175.9004,176.0,175.82,175.87,9611.0,175.9028
2024-03-20 07:45:00,1710938700000,175.79,175.8634,175.79,175.8634,399.0,175.8494
2024-03-20 08:00:00,1710939600000,175.85,175.85,175.73,175.79,7636.0,175.8057
2024-03-20 08:15:00,1710940500000,175.87,176.19,175.81,176.13,26636.0,176.0055
2024-03-20 08:30:00,1710941400000,176.14,176.52,175.16,175.26,1560469.0,175.9084
2024-03-20 08:45:00,1710942300000,175.26,175.4665,175.01,175.125,1084903.0,175.2252
2024-03-20 09:00:00,1710943200000,175.13,175.56,175.07,175.445,823525.0,175.3523
2024-03-20 09:15:00,1710944100000,175.45,175.78,175.32,175.675,714404.0,175.5548
2024-03-20 09:30:00,1710945000000,175.6787,175.75,175.31,175.33,642760.0,175.4776
2024-03-20 09:45:00,1710945900000,175.33,175.37,175.065,175.13,647459.0,175.2336
2024-03-20 10:00:00,1710946800000,175.14,175.32,175.105,175.215,578137.0,175.1878
2024-03-20 10:15:00,1710947700000,175.2117,175.23,174.97,175.0112,584430.0,175.0844
2024-03-20 10:30:00,1710948600000,175.01,175.06,174.77,174.89,605240.0,174.8545
2024-03-20 10:45:00,1710949500000,174.8751,175.04,174.64,175.034,534595.0,174.8632
2024-03-20 11:00:00,1710950400000,175.02,175.06,174.86,174.8819,487624.0,174.9496
2024-03-20 11:15:00,1710951300000,174.89,174.96,174.85,174.85,678574.0,174.8692
2024-03-20 11:30:00,1710952200000,174.85,175.17,174.72,175.17,706052.0,174.9596
2024-03-20 11:45:00,1710953100000,175.18,175.45,175.06,175.4345,540405.0,175.2362
2024-03-20 12:00:00,1710954000000,175.44,175.46,175.194,175.194,562956.0,175.3345
2024-03-20 12:15:00,1710954900000,175.19,175.3,175.15,175.2,309528.0,175.2202
2024-03-20 12:30:00,1710955800000,175.205,175.35,175.1,175.21,408417.0,175.2355
2024-03-20 12:45:00,1710956700000,175.22,175.33,175.11,175.26,364240.0,175.2362
2024-03-20 13:00:00,1710957600000,175.27,176.68,175.27,176.32,1858658.0,176.1728
2024-03-20 13:15:00,1710958500000,176.33,176.72,176.09,176.63,1168144.0,176.4135
2024-03-20 13:30:00,1710959400000,176.63,177.13,175.83,177.108,1543324.0,176.5788
2024-03-20 13:45:00,1710960300000,177.12,178.2,177.12,177.8499,2020996.0,177.7479
2024-03-20 14:00:00,1710961200000,177.85,178.53,177.68,177.8195,1520316.0,178.1896
2024-03-20 14:15:00,1710962100000,177.82,178.3493,177.793,178.24,1080717.0,178.1354
2024-03-20 14:30:00,1710963000000,178.245,178.35,177.73,177.745,988596.0,178.0608
2024-03-20 14:45:00,1710963900000,177.745,178.28,177.7,178.13,2540156.0,178.003
2024-03-20 15:00:00,1710964800000,178.15,178.39,177.56,178.0,564290.0,178.1368
2024-03-20 15:15:00,1710965700000,178.0,178.29,177.72,178.0,41716.0,178.0707
2024-03-20 15:30:00,1710966600000,178.04,178.13,177.84,177.88,29630.0,177.9705
2024-03-20 15:45:00,1710967500000,177.91,178.14,177.83,177.94,218251.0,178.1169
2024-03-20 16:00:00,1710968400000,177.99,178.13,177.91,177.91,13207.0,178.0367
2024-03-20 16:15:00,1710969300000,177.98,178.15,177.76,178.0,15869.0,177.7454
2024-03-20 16:30:00,1710970200000,177.95,178.1174,177.95,178.07,5358.0,178.0132
2024-03-20 16:45:00,1710971100000,178.09,178.15,178.0644,178.15,8455.0,178.1182
2024-03-20 17:00:00,1710972000000,178.1787,178.5,178.1,178.5,7387.0,178.264
2024-03-20 17:15:00,1710972900000,178.31,178.48,178.3,178.39,7854.0,178.4081
2024-03-20 17:30:00,1710973800000,178.41,178.57,178.3,178.52,10613.0,178.492
2024-03-20 17:45:00,1710974700000,178.57,178.8771,178.57,178.8,11109.0,178.7294
2024-03-20 18:00:00,1710975600000,178.81,178.95,178.72,178.9,18621.0,178.8704
2024-03-20 18:15:00,1710976500000,178.8501,178.97,178.85,178.9406,6674.0,178.915
2024-03-20 18:30:00,1710977400000,178.94,178.99,178.71,178.99,12309.0,178.9071
2024-03-20 18:45:00,1710978300000,178.96,178.96,178.62,178.73,7261.0,178.806
2024-03-21 03:00:00,1711008000000,179.26,179.36,178.91,179.33,13217.0,179.1762
2024-03-21 03:15:00,1711008900000,179.35,179.36,179.06,179.23,10406.0,179.2619
2024-03-21 03:30:00,1711009800000,179.15,179.29,179.15,179.15,4458.0,179.2053
2024-03-21 03:45:00,1711010700000,179.22,179.23,179.15,179.15,2941.0,179.2097
2024-03-21 04:00:00,1711011600000,179.15,179.15,179.05,179.05,1056.0,179.1059
2024-03-21 04:15:00,1711012500000,179.01,179.1,178.75,178.89,10377.0,178.8957
2024-03-21 04:30:00,1711013400000,178.82,178.96,178.75,178.96,7923.0,178.8205
2024-03-21 04:45:00,1711014300000,178.99,178.99,178.93,178.93,2565.0,178.9596
2024-03-21 05:00:00,1711015200000,178.99,179.0,178.91,178.93,1468.0,178.9685
2024-03-21 05:15:00,1711016100000,178.93,179.0,178.93,179.0,747.0,178.9499
2024-03-21 05:30:00,1711017000000,178.91,178.91,178.88,178.88,1608.0,178.8811
2024-03-21 05:45:00,1711017900000,178.81,178.83,178.79,178.83,2021.0,178.8098
2024-03-21 06:00:00,1711018800000,178.76,178.94,178.7,178.8,17914.0,178.7996
2024-03-21 06:15:00,1711019700000,178.85,179.18,178.85,179.09,38447.0,179.0134
2024-03-21 06:30:00,1711020600000,179.14,179.41,179.14,179.3,23120.0,179.258
2024-03-21 06:45:00,1711021500000,179.34,179.34,179.24,179.3,6096.0,179.2857
2024-03-21 07:00:00,1711022400000,179.33,179.84,178.6801,179.79,116730.0,179.3876
2024-03-21 07:15:00,1711023300000,179.79,179.99,179.56,179.75,60746.0,179.8055
2024-03-21 07:30:00,1711024200000,179.8,179.87,179.5,179.699,30856.0,179.6674
2024-03-21 07:45:00,1711025100000,179.749,179.92,179.62,179.9,28937.0,179.7673
2024-03-21 08:00:00,1711026000000,179.85,180.0,179.7148,179.7148,86165.0,179.9194
2024-03-21 08:15:00,1711026900000,179.7594,180.4,179.49,179.96,332761.0,180.0259
2024-03-21 08:30:00,1711027800000,179.988,181.415,179.26,179.83,5610022.0,180.3984
2024-03-21 08:45:00,1711028700000,179.8,180.02,178.6,179.895,1460740.0,179.6584
2024-03-21 09:00:00,1711029600000,179.88,180.74,179.702,180.3899,1345354.0,180.3149
2024-03-21 09:15:00,1711030500000,180.4,180.5161,180.07,180.15,923787.0,180.318
2024-03-21 09:30:00,1711031400000,180.14,180.2,179.66,179.91,1285479.0,179.9787
2024-03-21 09:45:00,1711032300000,179.9,179.9,179.47,179.5,803738.0,179.6821
2024-03-21 10:00:00,1711033200000,179.4799,179.8,179.06,179.415,987120.0,179.39
2024-03-21 10:15:00,1711034100000,179.41,179.64,179.18,179.5517,632349.0,179.4776
2024-03-21 10:30:00,1711035000000,179.556,179.58,179.3001,179.355,576397.0,179.436
2024-03-21 10:45:00,1711035900000,179.36,179.45,179.19,179.3575,488989.0,179.3439
2024-03-21 11:00:00,1711036800000,179.36,179.83,179.35,179.75,611944.0,179.585
2024-03-21 11:15:00,1711037700000,179.75,180.0,179.64,179.97,903927.0,179.8634
2024-03-21 11:30:00,1711038600000,179.98,180.0752,179.57,179.575,554684.0,179.8674
2024-03-21 11:45:00,1711039500000,179.58,179.83,179.55,179.725,422276.0,179.7159
2024-03-21 12:00:00,1711040400000,179.7183,179.72,179.39,179.435,473987.0,179.5289
2024-03-21 12:15:00,1711041300000,179.43,179.515,179.13,179.4301,527198.0,179.3303
2024-03-21 12:30:00,1711042200000,179.43,179.51,179.295,179.48,361370.0,179.404
2024-03-21 12:45:00,1711043100000,179.48,179.48,179.115,179.2,477515.0,179.2697
2024-03-21 13:00:00,1711044000000,179.192,179.2999,179.07,179.15,502631.0,179.1796
2024-03-21 13:15:00,1711044900000,179.1501,179.41,178.95,179.3786,439782.0,179.189
2024-03-21 13:30:00,1711045800000,179.37,179.37,178.83,178.98,493645.0,179.0396
2024-03-21 13:45:00,1711046700000,178.97,179.075,178.785,178.88,509084.0,178.9412
2024-03-21 14:00:00,1711047600000,178.882,178.91,178.61,178.82,705456.0,178.7106
2024-03-21 14:15:00,1711048500000,178.83,178.836,178.5201,178.61,651793.0,178.6567
2024-03-21 14:30:00,1711049400000,178.62,178.8,178.475,178.74,948607.0,178.6317
2024-03-21 14:45:00,1711050300000,178.735,178.83,178.15,178.18,3053098.0,178.488
2024-03-21 15:00:00,1711051200000,178.15,178.32,178.01,178.3,647573.0,178.336
2024-03-21 15:15:00,1711052100000,178.25,178.3,178.13,178.16,37534.0,178.1602
2024-03-21 15:30:00,1711053000000,178.16,178.29,178.14,178.23,166415.0,178.1512
2024-03-21 15:45:00,1711053900000,178.25,178.37,178.22,178.28,168127.0,178.1628
2024-03-21 16:00:00,1711054800000,178.2799,178.29,178.25,178.28,36979.0,178.1523
2024-03-21 16:15:00,1711055700000,178.28,178.29,178.26,178.29,7766.0,178.2787
2024-03-21 16:30:00,1711056600000,178.26,178.28,178.26,178.26,2872.0,178.2633
2024-03-21 16:45:00,1711057500000,178.26,178.28,178.26,178.28,1394.0,178.2636
2024-03-21 17:00:00,1711058400000,178.28,178.3858,178.25,178.28,2687.0,178.302
2024-03-21 17:15:00,1711059300000,178.29,178.39,178.28,178.39,1219.0,178.3258
2024-03-21 17:30:00,1711060200000,178.36,178.36,178.36,178.36,109.0,178.359
2024-03-21 17:45:00,1711061100000,178.37,178.44,178.35,178.44,4009.0,178.4036
2024-03-21 18:00:00,1711062000000,178.45,178.72,178.45,178.61,6580.0,178.5412
2024-03-21 18:15:00,1711062900000,178.56,178.75,178.55,178.6,11455.0,178.6169
2024-03-21 18:30:00,1711063800000,178.68,178.7,178.5714,178.7,4242.0,178.6213
2024-03-21 18:45:00,1711064700000,178.57,178.75,178.57,178.67,11997.0,178.712
2024-03-22 03:00:00,1711094400000,178.2,178.55,178.2,178.33,3832.0,178.3342
2024-03-22 03:15:00,1711095300000,178.48,178.58,178.45,178.5,1561.0,178.5124
2024-03-22 03:30:00,1711096200000,178.53,178.54,178.53,178.54,683.0,178.5305
2024-03-22 03:45:00,1711097100000,178.7,178.84,178.7,178.84,1846.0,178.8048
2024-03-22 04:15:00,1711098900000,178.86,178.86,178.66,178.66,413.0,178.7558
2024-03-22 04:30:00,1711099800000,178.6,178.61,178.37,178.37,3585.0,178.4574
2024-03-22 04:45:00,1711100700000,178.67,178.67,178.67,178.67,501.0,178.6696
2024-03-22 05:00:00,1711101600000,178.58,178.58,178.55,178.55,2566.0,178.5445
2024-03-22 05:15:00,1711102500000,178.57,178.58,178.57,178.58,678.0,178.5744
2024-03-22 05:30:00,1711103400000,178.64,178.7,178.64,178.7,951.0,178.6907
2024-03-22 05:45:00,1711104300000,178.74,178.74,178.51,178.55,7147.0,178.5671
2024-03-22 06:00:00,1711105200000,178.56,178.6,178.55,178.55,4716.0,178.5751
2024-03-22 06:15:00,1711106100000,178.56,178.59,178.54,178.55,9568.0,178.5573
2024-03-22 06:30:00,1711107000000,178.55,178.6,178.48,178.5,23073.0,178.5125
2024-03-22 06:45:00,1711107900000,178.45,178.45,177.9,177.97,52458.0,178.2147
2024-03-22 07:00:00,1711108800000,178.5988,178.65,177.8513,177.9204,46323.0,178.2911
2024-03-22 07:15:00,1711109700000,177.95,178.0771,177.85,177.85,11148.0,177.9454
2024-03-22 07:30:00,1711110600000,177.75,177.83,177.56,177.83,24490.0,177.7016
2024-03-22 07:45:00,1711111500000,177.85,177.99,177.8,177.95,19302.0,177.9047
2024-03-22 08:00:00,1711112400000,178.0,178.17,177.92,178.12,23618.0,178.0325
2024-03-22 08:15:00,1711113300000,178.1399,178.3,177.71,177.73,32245.0,178.022
2024-03-22 08:30:00,1711114200000,177.752,178.02,177.09,177.225,1747133.0,177.3956
2024-03-22 08:45:00,1711115100000,177.22,177.8099,176.75,177.67,1530881.0,177.187
2024-03-22 09:00:00,1711116000000,177.68,178.47,177.68,177.83,1545004.0,178.185
2024-03-22 09:15:00,1711116900000,177.83,178.18,177.71,178.165,740484.0,177.9614
2024-03-22 09:30:00,1711117800000,178.17,178.1901,177.82,177.96,667001.0,177.9807
2024-03-22 09:45:00,1711118700000,177.95,178.3699,177.92,178.06,773797.0,178.0873
2024-03-22 10:00:00,1711119600000,178.065,178.54,178.02,178.43,721880.0,178.3007
2024-03-22 10:15:00,1711120500000,178.4253,178.51,178.22,178.465,671793.0,178.3589
2024-03-22 10:30:00,1711121400000,178.48,178.68,178.3,178.3,623077.0,178.5053
2024-03-22 10:45:00,1711122300000,178.315,178.595,178.295,178.59,398114.0,178.486
2024-03-22 11:00:00,1711123200000,178.6,178.74,178.482,178.56,438098.0,178.6103
2024-03-22 11:15:00,1711124100000,178.565,178.98,178.455,178.84,859796.0,178.7734
2024-03-22 11:30:00,1711125000000,178.84,178.93,178.4553,178.5572,487801.0,178.6511
2024-03-22 11:45:00,1711125900000,178.57,178.7294,178.53,178.63,388866.0,178.6221
2024-03-22 12:00:00,1711126800000,178.63,178.94,178.63,178.89,364680.0,178.7801
2024-03-22 12:15:00,1711127700000,178.89,178.93,178.73,178.812,349640.0,178.8282
2024-03-22 12:30:00,1711128600000,178.82,178.98,178.8135,178.9397,372932.0,178.9098
2024-03-22 12:45:00,1711129500000,178.94,179.16,178.87,179.05,530848.0,179.028
2024-03-22 13:00:00,1711130400000,179.0599,179.21,179.01,179.08,456533.0,179.1169
2024-03-22 13:15:00,1711131300000,179.0701,179.255,178.95,179.225,474069.0,179.0558
2024-03-22 13:30:00,1711132200000,179.2225,179.25,179.04,179.055,442878.0,179.1795
2024-03-22 13:45:00,1711133100000,179.055,179.165,178.98,179.055,411909.0,179.0633
2024-03-22 14:00:00,1711134000000,179.05,179.1981,178.8432,178.97,603691.0,179.0404
2024-03-22 14:15:00,1711134900000,178.98,179.005,178.85,178.93,472026.0,178.9359
2024-03-22 14:30:00,1711135800000,178.94,179.01,178.7023,178.985,740409.0,178.8723
2024-03-22 14:45:00,1711136700000,178.98,179.18,178.84,178.87,1796369.0,178.9918
2024-03-22 15:00:00,1711137600000,178.87,179.15,178.6,178.64,874699.0,178.9144
2024-03-22 15:15:00,1711138500000,178.87,178.87,178.56,178.56,50419.0,178.8293
2024-03-22 15:30:00,1711139400000,178.59,178.87,178.56,178.65,16136.0,178.7547
2024-03-22 15:45:00,1711140300000,178.66,178.84,178.65,178.71,24631.0,178.7468
2024-03-22 16:00:00,1711141200000,178.77,178.84,178.74,178.78,5324.0,178.7867
2024-03-22 16:15:00,1711142100000,178.7396,178.78,178.72,178.7398,1198.0,178.7506
2024-03-22 16:30:00,1711143000000,178.7399,178.84,178.58,178.8,685011.0,178.8691
2024-03-22 16:45:00,1711143900000,178.8348,178.8348,178.61,178.7,723.0,178.6966
2024-03-22 17:00:00,1711144800000,178.8,178.86,178.79,178.86,4805.0,178.8316
2024-03-22 17:15:00,1711145700000,178.87,178.87,178.72,178.75,5235.0,178.8158
2024-03-22 17:30:00,1711146600000,178.67,178.72,178.67,178.7,1011.0,178.6983
2024-03-22 17:45:00,1711147500000,178.6508,178.6508,178.6006,178.6006,1947.0,178.6299
2024-03-22 18:00:00,1711148400000,178.63,178.63,178.61,178.6299,2861.0,178.6282
2024-03-22 18:15:00,1711149300000,178.62,178.62,178.6,178.6,1175.0,178.6088
2024-03-22 18:30:00,1711150200000,178.6,178.65,178.59,178.65,5117.0,178.625
2024-03-22 18:45:00,1711151100000,178.76,178.84,178.63,178.84,6521.0,178.7568
2024-03-25 03:00:00,1711353600000,179.0,179.0,178.74,178.9,2210.0,178.8357
2024-03-25 03:15:00,1711354500000,178.91,178.99,178.91,178.99,1127.0,178.9453
2024-03-25 03:30:00,1711355400000,179.0,179.0,179.0,179.0,766.0,178.999
2024-03-25 03:45:00,1711356300000,178.98,179.01,178.98,179.0,1926.0,178.9987
2024-03-25 04:00:00,1711357200000,178.81,178.81,178.75,178.75,2609.0,178.7866
2024-03-25 04:15:00,1711358100000,178.69,178.69,178.37,178.37,4911.0,178.5351
2024-03-25 04:30:00,1711359000000,178.4,178.4,178.25,178.4,4815.0,178.3017
2024-03-25 04:45:00,1711359900000,178.48,178.58,178.44,178.44,1159.0,178.5012
2024-03-25 05:00:00,1711360800000,178.6,178.71,178.57,178.71,6629.0,178.6384
2024-03-25 05:15:00,1711361700000,178.7,178.7,178.61,178.61,1120.0,178.6544
2024-03-25 05:45:00,1711363500000,178.56,178.56,178.47,178.51,1974.0,178.497
2024-03-25 06:00:00,1711364400000,178.51,178.63,178.15,178.18,16019.0,178.443
2024-03-25 06:15:00,1711365300000,178.33,178.35,178.2,178.21,4220.0,178.2409
2024-03-25 06:30:00,1711366200000,178.21,178.21,178.18,178.21,3328.0,178.1841
2024-03-25 06:45:00,1711367100000,178.2,178.2,178.13,178.14,5467.0,178.1502
2024-03-25 07:00:00,1711368000000,178.15,179.12,178.1482,178.25,39503.0,178.3823
2024-03-25 07:15:00,1711368900000,178.29,178.62,178.266,178.6,13830.0,178.4527
2024-03-25 07:30:00,1711369800000,178.48,178.639,178.43,178.5,10756.0,178.527
2024-03-25 07:45:00,1711370700000,178.6,178.69,178.51,178.52,14200.0,178.6057
2024-03-25 08:00:00,1711371600000,178.51,178.6,178.3,178.6,16548.0,178.4623
2024-03-25 08:15:00,1711372500000,178.65,178.6899,178.0,178.06,35916.0,178.2964
2024-03-25 08:30:00,1711373400000,178.01,178.54,177.24,178.23,2702967.0,177.9545
2024-03-25 08:45:00,1711374300000,178.21,179.35,178.19,179.28,1263063.0,179.0238
2024-03-25 09:00:00,1711375200000,179.28,180.78,179.26,180.63,2555930.0,179.8948
2024-03-25 09:15:00,1711376100000,180.63,180.99,180.13,180.205,1807600.0,180.6291
2024-03-25 09:30:00,1711377000000,180.2,180.38,179.69,179.7452,1528507.0,180.0326
2024-03-25 09:45:00,1711377900000,179.75,179.78,179.521,179.62,771977.0,179.6601
2024-03-25 10:00:00,1711378800000,179.62,179.83,179.3413,179.67,887957.0,179.5892
2024-03-25 10:15:00,1711379700000,179.685,179.95,179.5,179.915,778701.0,179.7394
2024-03-25 10:30:00,1711380600000,179.92,179.98,179.64,179.6599,537436.0,179.8031
2024-03-25 10:45:00,1711381500000,179.65,180.015,179.63,179.9001,617884.0,179.8838
2024-03-25 11:00:00,1711382400000,179.91,180.1099,179.86,180.055,702088.0,179.9686
2024-03-25 11:15:00,1711383300000,180.06,180.07,179.34,179.375,641408.0,179.7581
2024-03-25 11:30:00,1711384200000,179.3725,179.56,179.26,179.47,443533.0,179.3863
2024-03-25 11:45:00,1711385100000,179.4614,179.654,179.315,179.53,456697.0,179.4811
2024-03-25 12:00:00,1711386000000,179.54,179.84,179.4299,179.8209,432339.0,179.6128
2024-03-25 12:15:00,1711386900000,179.8203,180.07,179.8,180.01,504287.0,179.9384
2024-03-25 12:30:00,1711387800000,180.02,180.3,179.93,180.26,450048.0,180.1591
2024-03-25 12:45:00,1711388700000,180.2787,180.29,179.89,179.975,460779.0,180.066
2024-03-25 13:00:00,1711389600000,179.975,180.1,179.91,180.03,421211.0,179.9991
2024-03-25 13:15:00,1711390500000,180.03,180.16,179.98,180.07,334520.0,180.0778
2024-03-25 13:30:00,1711391400000,180.08,180.19,180.01,180.144,342254.0,180.103
2024-03-25 13:45:00,1711392300000,180.14,180.2499,180.0303,180.09,650461.0,180.1231
2024-03-25 14:00:00,1711393200000,180.085,180.1,179.64,179.7101,667664.0,179.9643
2024-03-25 14:15:00,1711394100000,179.72,179.97,179.685,179.805,513812.0,179.865
2024-03-25 14:30:00,1711395000000,179.805,180.03,179.7301,179.92,573233.0,179.8863
2024-03-25 14:45:00,1711395900000,179.92,179.9902,179.48,179.73,2143857.0,179.7081
2024-03-25 15:00:00,1711396800000,179.71,179.87,179.6416,179.73,734930.0,179.7109
2024-03-25 15:15:00,1711397700000,179.8,179.8,179.71,179.72,7235.0,179.762
2024-03-25 15:30:00,1711398600000,179.72,179.8,179.71,179.76,6069.0,179.7753
2024-03-25 15:45:00,1711399500000,179.76,179.9,179.71,179.71,508645.0,179.7089
2024-03-25 16:00:00,1711400400000,179.88,179.89,179.52,179.73,4479.0,179.8028
2024-03-25 16:15:00,1711401300000,179.87,179.87,179.87,179.87,1401.0,179.87
2024-03-25 16:30:00,1711402200000,179.8,179.8003,179.8,179.8003,933.0,179.807
2024-03-25 16:45:00,1711403100000,179.75,179.85,179.75,179.8499,1628.0,179.8085
2024-03-25 17:00:00,1711404000000,179.85,179.9,179.71,179.76,1896.0,179.8002
2024-03-25 17:15:00,1711404900000,179.92,180.01,179.85,179.98,10242.0,179.9554
2024-03-25 17:30:00,1711405800000,179.98,179.99,179.87,179.99,2240.0,179.9623
2024-03-25 17:45:00,1711406700000,179.9506,179.97,179.67,179.9,3272.0,179.8987
2024-03-25 18:00:00,1711407600000,179.91,179.97,179.9,179.96,4067.0,179.9333
2024-03-25 18:15:00,1711408500000,179.96,179.99,179.92,179.99,2177.0,179.9726
2024-03-25 18:30:00,1711409400000,179.95,179.99,179.9,179.99,4322.0,179.9645
2024-03-25 18:45:00,1711410300000,179.99,179.99,179.93,179.97,4609.0,179.9739
2024-03-26 03:00:00,1711440000000,180.6,180.6,180.25,180.36,2889.0,180.337
2024-03-26 03:15:00,1711440900000,180.3,180.31,180.25,180.25,2761.0,180.2908
2024-03-26 03:30:00,1711441800000,180.29,180.39,180.25,180.39,3799.0,180.3131
2024-03-26 03:45:00,1711442700000,180.35,180.35,180.35,180.35,874.0,180.3432
2024-03-26 04:00:00,1711443600000,180.25,180.35,180.21,180.21,3194.0,180.2825
2024-03-26 04:15:00,1711444500000,180.3,180.3,180.21,180.21,736.0,180.244
2024-03-26 04:30:00,1711445400000,180.36,180.36,180.26,180.26,2089.0,180.2881
2024-03-26 04:45:00,1711446300000,180.25,180.31,180.25,180.31,1343.0,180.2945
2024-03-26 05:00:00,1711447200000,180.4,180.56,180.39,180.55,3696.0,180.4782
2024-03-26 05:15:00,1711448100000,180.56,180.56,180.5,180.5,5241.0,180.5279
2024-03-26 05:30:00,1711449000000,180.41,180.41,180.41,180.41,329.0,180.415
2024-03-26 05:45:00,1711449900000,180.43,180.56,180.43,180.5,4786.0,180.5187
2024-03-26 06:00:00,1711450800000,180.45,180.92,180.45,180.76,28828.0,180.744
2024-03-26 06:15:00,1711451700000,180.76,180.86,180.6,180.6,7062.0,180.7134
2024-03-26 06:30:00,1711452600000,180.6,181.23,180.6,181.1,43276.0,181.0201
2024-03-26 06:45:00,1711453500000,181.12,181.15,181.06,181.11,11473.0,181.1118
2024-03-26 07:00:00,1711454400000,180.69,181.21,179.71,180.8,103305.0,180.8462
2024-03-26 07:15:00,1711455300000,180.764,180.9999,180.762,180.87,17077.0,180.8826
2024-03-26 07:30:00,1711456200000,180.87,180.9,180.7,180.77,29930.0,180.8236
2024-03-26 07:45:00,1711457100000,180.8,180.9599,180.75,180.88,19369.0,180.8734
2024-03-26 08:00:00,1711458000000,180.81,180.92,180.66,180.66,20888.0,180.7689
2024-03-26 08:15:00,1711458900000,180.6,180.86,180.0,180.15,71363.0,180.3867
2024-03-26 08:30:00,1711459800000,180.15,180.45,179.43,179.95,2559166.0,179.9788
2024-03-26 08:45:00,1711460700000,179.95,180.24,178.82,179.1,1586364.0,179.3229
2024-03-26 09:00:00,1711461600000,179.13,179.85,179.04,179.7016,1070107.0,179.5475
2024-03-26 09:15:00,1711462500000,179.71,179.83,179.17,179.2501,979308.0,179.5827
2024-03-26 09:30:00,1711463400000,179.265,179.71,179.1543,179.49,681383.0,179.472
2024-03-26 09:45:00,1711464300000,179.48,179.61,179.36,179.565,521288.0,179.4882
2024-03-26 10:00:00,1711465200000,179.56,179.73,179.45,179.682,527356.0,179.6154
2024-03-26 10:15:00,1711466100000,179.685,180.04,179.64,179.875,796442.0,179.8734
2024-03-26 10:30:00,1711467000000,179.885,180.36,179.78,180.14,776373.0,180.1412
2024-03-26 10:45:00,1711467900000,180.145,180.145,179.895,180.105,473460.0,180.022
2024-03-26 11:00:00,1711468800000,180.085,180.17,179.93,180.0725,389250.0,180.0669
2024-03-26 11:15:00,1711469700000,180.08,180.1299,179.59,179.66,589966.0,179.8355
2024-03-26 11:30:00,1711470600000,179.65,179.75,179.52,179.6999,513123.0,179.6426
2024-03-26 11:45:00,1711471500000,179.69,179.8,179.52,179.6219,386213.0,179.6761
2024-03-26 12:00:00,1711472400000,179.63,179.94,179.565,179.8858,408218.0,179.812
2024-03-26 12:15:00,1711473300000,179.89,179.897,179.61,179.67,261284.0,179.7278
2024-03-26 12:30:00,1711474200000,179.6599,179.7,179.52,179.522,300970.0,179.6328
2024-03-26 12:45:00,1711475100000,179.515,179.605,179.38,179.4823,380762.0,179.4894
2024-03-26 13:00:00,1711476000000,179.475,179.81,179.4723,179.76,371503.0,179.6646
2024-03-26 13:15:00,1711476900000,179.755,180.0,179.7501,179.96,433501.0,179.9331
2024-03-26 13:30:00,1711477800000,179.96,179.99,179.73,179.735,373578.0,179.9035
2024-03-26 13:45:00,1711478700000,179.73,179.76,179.57,179.72,335694.0,179.6774
2024-03-26 14:00:00,1711479600000,179.72,179.763,179.37,179.42,567578.0,179.5484
2024-03-26 14:15:00,1711480500000,179.42,179.455,178.79,178.915,757537.0,179.1797
2024-03-26 14:30:00,1711481400000,178.925,178.95,178.56,178.6,981752.0,178.7973
2024-03-26 14:45:00,1711482300000,178.61,178.82,177.95,178.45,4592402.0,178.3911
2024-03-26 15:00:00,1711483200000,178.3,178.7,178.3,178.63,1029153.0,178.3149
2024-03-26 15:15:00,1711484100000,178.65,178.7,178.58,178.7,12021.0,178.655
2024-03-26 15:30:00,1711485000000,178.67,178.71,178.63,178.65,9711.0,178.6852
2024-03-26 15:45:00,1711485900000,178.64,178.69,178.61,178.69,515203.0,178.3086
2024-03-26 16:00:00,1711486800000,178.7,179.3293,178.69,178.7092,41015.0,179.2352
2024-03-26 16:15:00,1711487700000,178.71,178.78,178.7,178.73,7159.0,178.73
2024-03-26 16:30:00,1711488600000,178.78,178.78,178.3,178.7109,29393.0,178.3373
2024-03-26 16:45:00,1711489500000,178.7104,178.84,178.7104,178.76,3431.0,178.7675
2024-03-26 17:00:00,1711490400000,178.7573,178.83,178.75,178.83,3323.0,178.8142
2024-03-26 17:15:00,1711491300000,178.83,178.85,178.83,178.8361,3166.0,178.8465
2024-03-26 17:30:00,1711492200000,178.8316,178.84,178.7,178.76,6665.0,178.7878
2024-03-26 17:45:00,1711493100000,178.73,178.86,178.73,178.85,1592.0,178.7772
2024-03-26 18:00:00,1711494000000,178.78,178.82,178.77,178.8,1781.0,178.7888
2024-03-26 18:15:00,1711494900000,178.87,179.0,178.77,178.91,4412.0,178.9434
2024-03-26 18:30:00,1711495800000,179.05,179.09,178.96,179.09,5685.0,179.0568
2024-03-26 18:45:00,1711496700000,178.99,179.2,178.99,179.05,7113.0,179.1016
2024-03-27 03:00:00,1711526400000,179.03,179.08,179.03,179.08,1463.0,179.0535
2024-03-27 03:15:00,1711527300000,179.09,179.09,179.02,179.02,1044.0,179.0401
2024-03-27 03:30:00,1711528200000,179.01,179.02,178.96,178.96,2672.0,178.9835
2024-03-27 03:45:00,1711529100000,179.0,179.1,179.0,179.1,1817.0,179.0563
2024-03-27 04:00:00,1711530000000,179.08,179.08,179.08,179.08,133.0,179.0874
2024-03-27 04:15:00,1711530900000,179.05,179.05,179.0,179.0,1782.0,179.0266
2024-03-27 04:30:00,1711531800000,178.99,179.0,178.75,179.0,4995.0,178.9124
2024-03-27 04:45:00,1711532700000,178.99,178.99,178.94,178.94,1195.0,178.9488
2024-03-27 05:00:00,1711533600000,179.0,179.0,179.0,179.0,1698.0,178.9988
2024-03-27 05:15:00,1711534500000,178.99,179.11,178.99,179.11,3205.0,179.016
2024-03-27 05:30:00,1711535400000,179.01,179.01,179.01,179.01,231.0,179.0119
2024-03-27 05:45:00,1711536300000,179.07,179.07,179.07,179.07,175.0,179.0743
2024-03-27 06:00:00,1711537200000,179.1,179.28,179.08,179.22,5341.0,179.1979
2024-03-27 06:15:00,1711538100000,179.26,179.36,179.15,179.36,12829.0,179.2606
2024-03-27 06:30:00,1711539000000,179.31,179.31,179.17,179.17,2612.0,179.2618
2024-03-27 06:45:00,1711539900000,179.13,179.19,179.1,179.19,4696.0,179.1297
2024-03-27 07:00:00,1711540800000,179.24,179.38,178.96,179.22,38159.0,179.2046
2024-03-27 07:15:00,1711541700000,179.21,179.21,179.05,179.2,4782.0,179.1602
2024-03-27 07:30:00,1711542600000,179.2,179.38,179.09,179.35,26301.0,179.261
2024-03-27 07:45:00,1711543500000,179.2224,179.39,179.2,179.36,24949.0,179.2425
2024-03-27 08:00:00,1711544400000,179.41,179.6686,179.4,179.66,32230.0,179.5234
2024-03-27 08:15:00,1711545300000,179.64,179.9,179.55,179.77,52144.0,179.7221
2024-03-27 08:30:00,1711546200000,179.88,180.0,177.3099,178.18,2914712.0,178.5121
2024-03-27 08:45:00,1711547100000,178.18,178.75,178.145,178.7399,1462787.0,178.5236
2024-03-27 09:00:00,1711548000000,178.74,178.845,177.965,178.33,1236640.0,178.34
2024-03-27 09:15:00,1711548900000,178.3,178.65,178.25,178.335,735643.0,178.4661
2024-03-27 09:30:00,1711549800000,178.33,178.64,178.28,178.485,722929.0,178.4769
2024-03-27 09:45:00,1711550700000,178.485,178.69,178.4,178.525,531188.0,178.5391
2024-03-27 10:00:00,1711551600000,178.53,178.69,178.1503,178.33,715637.0,178.4321
2024-03-27 10:15:00,1711552500000,178.32,178.4,178.04,178.0699,518167.0,178.2755
2024-03-27 10:30:00,1711553400000,178.09,178.54,178.01,178.3301,627373.0,178.3218
2024-03-27 10:45:00,1711554300000,178.34,178.41,178.22,178.265,964675.0,178.418
2024-03-27 11:00:00,1711555200000,178.27,178.7,178.27,178.545,495984.0,178.5209
2024-03-27 11:15:00,1711556100000,178.545,178.81,178.54,178.72,508601.0,178.6905
2024-03-27 11:30:00,1711557000000,178.73,178.935,178.63,178.7,493294.0,178.7592
2024-03-27 11:45:00,1711557900000,178.71,179.09,178.7,178.99,1014688.0,178.9349
2024-03-27 12:00:00,1711558800000,179.0,179.3,178.96,179.24,872827.0,179.1723
2024-03-27 12:15:00,1711559700000,179.24,179.565,179.15,179.3619,640172.0,179.3868
2024-03-27 12:30:00,1711560600000,179.36,179.48,179.16,179.18,516807.0,179.3527
2024-03-27 12:45:00,1711561500000,179.1765,179.2,178.84,178.84,482264.0,179.0495
2024-03-27 13:00:00,1711562400000,178.86,179.09,178.6918,179.02,614464.0,178.8504
2024-03-27 13:15:00,1711563300000,179.04,179.11,178.99,179.03,445743.0,179.0458
2024-03-27 13:30:00,1711564200000,179.03,179.1,178.71,178.7897,407455.0,178.8513
2024-03-27 13:45:00,1711565100000,178.785,178.82,178.495,178.605,637593.0,178.6221
2024-03-27 14:00:00,1711566000000,178.61,178.84,178.57,178.69,627902.0,178.693
2024-03-27 14:15:00,1711566900000,178.69,178.935,178.37,178.92,1232725.0,178.6487
2024-03-27 14:30:00,1711567800000,178.93,179.78,178.825,179.7699,1519308.0,179.3343
2024-03-27 14:45:00,1711568700000,179.76,179.95,179.48,179.91,3171345.0,179.7931
2024-03-27 15:00:00,1711569600000,179.83,180.23,179.82,180.13,361215.0,179.8817
2024-03-27 15:15:00,1711570500000,180.14,180.16,179.83,180.0762,330290.0,179.8464
2024-03-27 15:30:00,1711571400000,180.1,180.2,180.06,180.15,32082.0,180.1304
2024-03-27 15:45:00,1711572300000,180.14,180.21,180.09,180.11,1104982.0,179.8367
2024-03-27 16:00:00,1711573200000,180.11,180.11,179.94,179.98,1313915.0,179.8314
2024-03-27 16:15:00,1711574100000,179.99,180.0,179.94,180.0,4338.0,179.9704
2024-03-27 16:30:00,1711575000000,179.9732,180.0092,179.9732,180.0092,2422.0,179.996
2024-03-27 16:45:00,1711575900000,180.0,180.11,180.0,180.0432,4783.0,180.0626
2024-03-27 17:00:00,1711576800000,180.03,180.04,179.96,179.98,11772.0,180.0026
2024-03-27 17:15:00,1711577700000,180.0,180.03,179.83,179.83,42137.0,179.8552
2024-03-27 17:30:00,1711578600000,179.95,180.0,179.94,179.94,4848.0,179.9714
2024-03-27 17:45:00,1711579500000,179.95,179.98,179.9,179.94,4957.0,179.9357
2024-03-27 18:00:00,1711580400000,179.94,180.03,179.94,180.0,2254.0,179.9906
2024-03-27 18:15:00,1711581300000,180.0,180.02,180.0,180.0,6702.0,180.0033
2024-03-27 18:30:00,1711582200000,180.0,180.0,179.85,179.9,4490.0,179.9415
2024-03-27 18:45:00,1711583100000,179.93,179.9594,179.9,179.9594,3126.0,179.9164
2024-03-28 03:00:00,1711612800000,179.94,180.14,179.6,179.6,14338.0,179.8833
2024-03-28 03:15:00,1711613700000,179.67,179.7,179.67,179.7,1032.0,179.7082
2024-03-28 03:45:00,1711615500000,179.68,179.68,179.68,179.68,1467.0,179.6789
2024-03-28 04:00:00,1711616400000,179.66,179.8,179.6,179.6,2485.0,179.6902
2024-03-28 04:15:00,1711617300000,179.58,179.58,179.51,179.55,2824.0,179.5521
2024-03-28 04:30:00,1711618200000,179.51,179.51,179.5,179.5,942.0,179.5076
2024-03-28 04:45:00,1711619100000,179.5,179.5,179.39,179.5,2591.0,179.4775
2024-03-28 05:00:00,1711620000000,179.48,179.57,179.48,179.57,2422.0,179.5091
2024-03-28 05:15:00,1711620900000,179.56,179.67,179.56,179.67,1722.0,179.5764
2024-03-28 05:30:00,1711621800000,179.61,179.62,179.61,179.61,1576.0,179.6235
2024-03-28 05:45:00,1711622700000,179.66,179.79,179.61,179.61,4733.0,179.7089
2024-03-28 06:00:00,1711623600000,179.64,179.83,179.64,179.81,6907.0,179.7494
2024-03-28 06:15:00,1711624500000,179.82,180.15,179.82,180.15,13497.0,180.0107
2024-03-28 06:30:00,1711625400000,180.05,180.05,179.94,180.0,3979.0,180.0038
2024-03-28 06:45:00,1711626300000,179.87,180.0,179.87,180.0,1649.0,179.9825
2024-03-28 07:00:00,1711627200000,179.72,180.11,179.6181,179.95,43766.0,179.9128
2024-03-28 07:15:00,1711628100000,179.9292,180.23,179.9292,180.23,27421.0,180.0834
2024-03-28 07:30:00,1711629000000,180.25,180.71,180.01,180.01,58160.0,180.3444
2024-03-28 07:45:00,1711629900000,180.05,180.47,179.9,180.45,42767.0,180.2579
2024-03-28 08:00:00,1711630800000,180.46,180.5,180.25,180.31,34322.0,180.4375
2024-03-28 08:15:00,1711631700000,180.32,180.42,179.64,180.09,88466.0,180.0626
2024-03-28 08:30:00,1711632600000,180.17,180.51,179.26,180.365,2533018.0,179.8596
2024-03-28 08:45:00,1711633500000,180.365,181.7,180.365,181.2,2673401.0,181.0389
2024-03-28 09:00:00,1711634400000,181.21,181.4669,180.47,180.86,1810543.0,181.0605
2024-03-28 09:15:00,1711635300000,180.86,181.37,180.75,181.0199,1304611.0,181.094
2024-03-28 09:30:00,1711636200000,181.02,181.2189,180.695,180.93,869880.0,180.9125
2024-03-28 09:45:00,1711637100000,180.93,180.96,180.68,180.92,631099.0,180.806
2024-03-28 10:00:00,1711638000000,180.92,181.23,180.7647,180.8,1537748.0,180.8656
2024-03-28 10:15:00,1711638900000,180.8,181.11,180.76,181.1089,560959.0,180.8753
2024-03-28 10:30:00,1711639800000,181.11,181.26,180.2801,180.3,1177114.0,180.9139
2024-03-28 10:45:00,1711640700000,180.3,180.66,180.215,180.62,846382.0,180.4098
2024-03-28 11:00:00,1711641600000,180.62,180.66,180.07,180.2888,720057.0,180.2824
2024-03-28 11:15:00,1711642500000,180.28,180.39,179.76,179.9847,893702.0,180.0114
2024-03-28 11:30:00,1711643400000,179.99,180.2,179.805,180.01,757385.0,179.9761
2024-03-28 11:45:00,1711644300000,180.01,180.31,179.915,180.2364,605954.0,180.1232
2024-03-28 12:00:00,1711645200000,180.24,180.25,179.91,179.9901,501576.0,180.0672
2024-03-28 12:15:00,1711646100000,180.0,180.2,179.9,180.1992,519678.0,180.0176
2024-03-28 12:30:00,1711647000000,180.18,180.3999,180.1,180.3768,458173.0,180.2684
2024-03-28 12:45:00,1711647900000,180.3781,180.59,180.36,180.41,582238.0,180.4739
2024-03-28 13:00:00,1711648800000,180.41,180.48,180.13,180.405,540307.0,180.3336
2024-03-28 13:15:00,1711649700000,180.41,180.5,180.19,180.265,479427.0,180.2967
2024-03-28 13:30:00,1711650600000,180.28,180.37,179.975,180.03,564292.0,180.1738
2024-03-28 13:45:00,1711651500000,180.03,180.65,179.99,180.6,702085.0,180.3803
2024-03-28 14:00:00,1711652400000,180.605,180.76,180.34,180.445,719882.0,180.5421
2024-03-28 14:15:00,1711653300000,180.45,180.67,180.44,180.61,659524.0,180.5688
2024-03-28 14:30:00,1711654200000,180.62,180.66,180.46,180.515,956280.0,180.5575
2024-03-28 14:45:00,1711655100000,180.5176,180.69,180.16,180.25,3586599.0,180.4168
2024-03-28 15:00:00,1711656000000,180.26,180.47,180.1,180.15,2149194.0,180.3746
2024-03-28 15:15:00,1711656900000,180.15,180.38,180.03,180.04,260234.0,180.3583
2024-03-28 15:30:00,1711657800000,180.03,180.38,179.91,180.02,26488.0,180.0973
2024-03-28 15:45:00,1711658700000,180.0,180.05,179.96,180.05,18737.0,180.0086
2024-03-28 16:00:00,1711659600000,180.03,180.04,179.99,179.99,6820.0,180.0136
2024-03-28 16:15:00,1711660500000,179.99,180.01,179.98,180.0,4343.0,179.9911
2024-03-28 16:30:00,1711661400000,180.0099,180.1,179.98,179.99,3067.0,179.2584
2024-03-28 16:45:00,1711662300000,180.04,180.07,180.0,180.0,1672.0,180.0342
2024-03-28 17:00:00,1711663200000,180.0,180.38,179.79,179.7999,9392.0,179.9381
2024-03-28 17:15:00,1711664100000,179.79,179.9695,179.79,179.94,1590.0,179.9013
2024-03-28 17:30:00,1711665000000,179.8601,179.99,179.8601,179.99,2720.0,179.924
2024-03-28 17:45:00,1711665900000,179.96,179.96,179.92,179.93,1623.0,179.9498
2024-03-28 18:00:00,1711666800000,179.93,179.9499,179.91,179.91,2662.0,179.9123
2024-03-28 18:30:00,1711668600000,179.86,179.88,179.82,179.88,3197.0,179.8597
2024-03-28 18:45:00,1711669500000,179.9,179.9,179.77,179.82,8916.0,179.8283
2024-04-01 03:00:00,1711958400000,180.1,181.1,180.1,180.9,5746.0,181.0004
2024-04-01 03:15:00,1711959300000,180.89,181.25,180.89,181.25,7555.0,181.0718
2024-04-01 03:30:00,1711960200000,181.38,181.4,181.38,181.4,1007.0,181.3729
2024-04-01 03:45:00,1711961100000,181.25,181.28,181.25,181.28,733.0,181.2565
2024-04-01 04:00:00,1711962000000,181.3,181.3,181.29,181.3,2518.0,181.2964
2024-04-01 04:15:00,1711962900000,181.3,181.38,181.29,181.29,3609.0,181.3233
2024-04-01 04:30:00,1711963800000,181.29,181.29,181.21,181.21,2112.0,181.2457
2024-04-01 04:45:00,1711964700000,181.3,181.85,181.3,181.85,17321.0,181.5576
2024-04-01 05:00:00,1711965600000,181.75,181.75,181.65,181.65,2126.0,181.6923
2024-04-01 05:15:00,1711966500000,181.7,181.8,181.7,181.8,2564.0,181.763
2024-04-01 05:30:00,1711967400000,181.72,181.72,181.72,181.72,2167.0,181.728
2024-04-01 05:45:00,1711968300000,181.75,181.8,181.72,181.75,4326.0,181.7547
2024-04-01 06:00:00,1711969200000,181.77,181.78,181.19,181.56,28212.0,181.4329
2024-04-01 06:15:00,1711970100000,181.57,181.57,181.29,181.31,6908.0,181.3888
2024-04-01 06:30:00,1711971000000,181.39,181.61,181.35,181.61,14091.0,181.5208
2024-04-01 06:45:00,1711971900000,181.57,181.57,181.45,181.45,8195.0,181.5243
2024-04-01 07:00:00,1711972800000,181.4,181.62,180.38,181.1333,81983.0,181.2625
2024-04-01 07:15:00,1711973700000,181.24,181.4999,181.24,181.39,14035.0,181.3546
2024-04-01 07:30:00,1711974600000,181.325,181.4,181.2,181.4,9937.0,181.2947
2024-04-01 07:45:00,1711975500000,181.39,181.7,180.38,181.6001,36712.0,181.5009
2024-04-01 08:00:00,1711976400000,181.65,181.8,181.5,181.5,45463.0,181.6703
2024-04-01 08:15:00,1711977300000,181.5,181.548,180.74,180.74,79824.0,181.1181
2024-04-01 08:30:00,1711978200000,180.79,183.0,180.23,181.907,4395023.0,181.8776
2024-04-01 08:45:00,1711979100000,181.97,182.2899,180.37,180.7753,2147716.0,181.1205
2024-04-01 09:00:00,1711980000000,180.75,181.25,180.25,181.03,1536199.0,180.8084
2024-04-01 09:15:00,1711980900000,181.03,181.1092,180.25,180.69,1000193.0,180.6042
2024-04-01 09:30:00,1711981800000,180.692,180.93,180.26,180.5677,751589.0,180.634
2024-04-01 09:45:00,1711982700000,180.56,180.66,180.4,180.57,623629.0,180.5323
2024-04-01 10:00:00,1711983600000,180.57,180.85,180.29,180.495,728593.0,180.5606
2024-04-01 10:15:00,1711984500000,180.49,180.5899,179.95,180.58,937413.0,180.2021
2024-04-01 10:30:00,1711985400000,180.57,180.78,180.4298,180.75,571206.0,180.5582
2024-04-01 10:45:00,1711986300000,180.745,180.78,180.3297,180.41,570368.0,180.5431
2024-04-01 11:00:00,1711987200000,180.41,180.98,180.34,180.9202,660243.0,180.7618
2024-04-01 11:15:00,1711988100000,180.9291,181.05,180.66,180.74,533038.0,180.845
2024-04-01 11:30:00,1711989000000,180.75,180.95,180.75,180.95,428239.0,180.8604
2024-04-01 11:45:00,1711989900000,180.95,180.99,180.59,180.6,367439.0,180.8166
2024-04-01 12:00:00,1711990800000,180.6,180.81,180.515,180.5608,392451.0,180.6546
2024-04-01 12:15:00,1711991700000,180.56,180.59,180.16,180.41,467815.0,180.3762
2024-04-01 12:30:00,1711992600000,180.41,180.47,180.135,180.27,568297.0,180.2699
2024-04-01 12:45:00,1711993500000,180.26,180.3,179.97,180.3,548167.0,180.148
2024-04-01 13:00:00,1711994400000,180.3,180.47,180.28,180.3299,373158.0,180.3854
2024-04-01 13:15:00,1711995300000,180.325,180.69,180.2901,180.5699,537576.0,180.48
2024-04-01 13:30:00,1711996200000,180.5501,180.7049,180.5501,180.615,359223.0,180.6366
2024-04-01 13:45:00,1711997100000,180.6184,180.84,180.53,180.585,607770.0,180.7654
2024-04-01 14:00:00,1711998000000,180.58,180.785,180.47,180.725,527148.0,180.644
2024-04-01 14:15:00,1711998900000,180.73,180.8899,180.5101,180.54,514725.0,180.7095
2024-04-01 14:30:00,1711999800000,180.54,180.66,180.28,180.43,638024.0,180.4664
2024-04-01 14:45:00,1712000700000,180.43,181.09,180.27,180.93,2953936.0,180.8368
2024-04-01 15:00:00,1712001600000,180.95,181.01,180.81,180.85,715479.0,180.9032
2024-04-01 15:15:00,1712002500000,180.85,180.86,180.7118,180.75,5456.0,180.7915
2024-04-01 15:30:00,1712003400000,180.79,180.79,180.71,180.79,7533.0,180.7535
2024-04-01 15:45:00,1712004300000,180.77,180.93,180.75,180.8599,8805.0,180.8183
2024-04-01 16:00:00,1712005200000,180.85,180.97,180.81,180.87,8101.0,180.9024
2024-04-01 16:15:00,1712006100000,180.91,180.93,180.86,180.91,3258.0,180.5745
2024-04-01 16:30:00,1712007000000,180.88,180.88,180.88,180.88,641.0,180.8863
2024-04-01 16:45:00,1712007900000,180.88,180.94,180.8621,180.94,9234.0,180.9135
2024-04-01 17:00:00,1712008800000,180.9597,180.96,180.86,180.88,14385.0,180.9111
2024-04-01 17:15:00,1712009700000,180.87,180.9397,180.8682,180.87,1831.0,180.8942
2024-04-01 17:30:00,1712010600000,180.86,180.94,180.86,180.94,4121.0,180.9
2024-04-01 17:45:00,1712011500000,180.87,180.94,180.87,180.93,2202.0,180.9138
2024-04-01 18:00:00,1712012400000,180.9,180.9,180.86,180.86,3230.0,180.8705
2024-04-01 18:15:00,1712013300000,180.91,180.92,180.87,180.89,3415.0,180.8916
2024-04-01 18:30:00,1712014200000,180.89,180.9,180.8,180.81,7459.0,180.8578
2024-04-01 18:45:00,1712015100000,180.83,180.89,180.77,180.89,10904.0,180.859
2024-04-02 03:00:00,1712044800000,180.76,180.82,180.7,180.7,3027.0,180.7637
2024-04-02 03:15:00,1712045700000,180.87,181.01,180.87,181.0,3534.0,180.9483
2024-04-02 03:30:00,1712046600000,181.05,181.14,180.91,180.91,3140.0,181.0164
2024-04-02 03:45:00,1712047500000,180.75,180.9,180.75,180.9,5058.0,180.8273
2024-04-02 04:00:00,1712048400000,181.1,181.1,181.04,181.04,1320.0,181.0582
2024-04-02 04:15:00,1712049300000,181.01,181.01,181.01,181.01,553.0,181.0129
2024-04-02 04:30:00,1712050200000,181.11,181.17,181.11,181.16,3032.0,181.1568
2024-04-02 04:45:00,1712051100000,181.28,181.28,180.96,180.96,5571.0,181.0699
2024-04-02 05:00:00,1712052000000,180.9,181.0,180.9,180.91,4556.0,180.9105
2024-04-02 05:15:00,1712052900000,180.91,181.05,180.9,180.93,3627.0,180.9869
2024-04-02 05:30:00,1712053800000,180.86,180.86,180.62,180.62,6810.0,180.7721
2024-04-02 05:45:00,1712054700000,180.68,180.69,180.63,180.67,3170.0,180.6609
2024-04-02 06:00:00,1712055600000,180.77,180.8,180.6,180.63,3916.0,180.7071
2024-04-02 06:15:00,1712056500000,180.61,180.61,180.3,180.4,7054.0,180.4221
2024-04-02 06:30:00,1712057400000,180.4,180.48,180.4,180.45,4457.0,180.4474
2024-04-02 06:45:00,1712058300000,180.46,180.46,180.35,180.35,9416.0,180.4166
2024-04-02 07:00:00,1712059200000,180.91,181.0,180.27,180.35,40999.0,180.5402
2024-04-02 07:15:00,1712060100000,180.3,180.35,180.18,180.35,95243.0,180.8776
2024-04-02 07:30:00,1712061000000,180.31,180.4,179.92,179.94,29351.0,180.0587
2024-04-02 07:45:00,1712061900000,179.92,179.95,179.75,179.84,31999.0,179.8351
2024-04-02 08:00:00,1712062800000,179.84,179.9,179.33,179.33,75777.0,179.605
2024-04-02 08:15:00,1712063700000,179.37,179.38,178.48,179.05,163634.0,178.9537
2024-04-02 08:30:00,1712064600000,179.07,179.635,178.3762,178.7403,3061275.0,179.0142
2024-04-02 08:45:00,1712065500000,178.76,179.23,178.5601,179.09,1294651.0,178.9939
2024-04-02 09:00:00,1712066400000,179.12,179.43,178.6243,179.2199,1465349.0,179.1413
2024-04-02 09:15:00,1712067300000,179.24,180.15,179.1,179.87,1413644.0,179.6745
2024-04-02 09:30:00,1712068200000,179.85,179.96,179.66,179.8624,955986.0,179.8259
2024-04-02 09:45:00,1712069100000,179.87,179.9176,179.3,179.489,813214.0,179.6328
2024-04-02 10:00:00,1712070000000,179.48,179.945,179.46,179.92,842909.0,179.7083
2024-04-02 10:15:00,1712070900000,179.925,180.065,179.585,179.68,811418.0,179.8848
2024-04-02 10:30:00,1712071800000,179.67,180.03,179.615,179.86,704239.0,179.8203
2024-04-02 10:45:00,1712072700000,179.8501,179.87,179.525,179.62,580855.0,179.6629
2024-04-02 11:00:00,1712073600000,179.625,179.76,179.58,179.705,1472182.0,179.6311
2024-04-02 11:15:00,1712074500000,179.705,180.13,179.6199,180.115,560092.0,179.8249
2024-04-02 11:30:00,1712075400000,180.115,180.41,180.05,180.08,696840.0,180.222
2024-04-02 11:45:00,1712076300000,180.1,180.39,180.06,180.3829,439437.0,180.2546
2024-04-02 12:00:00,1712077200000,180.37,180.6299,180.37,180.49,570466.0,180.528
2024-04-02 12:15:00,1712078100000,180.4895,180.57,180.37,180.5428,422022.0,180.4695
2024-04-02 12:30:00,1712079000000,180.5599,180.6001,180.27,180.385,513063.0,180.489
2024-04-02 12:45:00,1712079900000,180.385,180.69,180.365,180.545,518350.0,180.5461
2024-04-02 13:00:00,1712080800000,180.55,180.79,180.55,180.555,804101.0,180.5911
2024-04-02 13:15:00,1712081700000,180.55,180.61,180.424,180.485,514637.0,180.5127
2024-04-02 13:30:00,1712082600000,180.485,180.65,180.33,180.45,451004.0,180.4881
2024-04-02 13:45:00,1712083500000,180.45,180.495,180.28,180.33,448257.0,180.3941
2024-04-02 14:00:00,1712084400000,180.32,180.5835,180.07,180.096,943524.0,180.3853
2024-04-02 14:15:00,1712085300000,180.1,180.4,180.075,180.26,855768.0,180.2603
2024-04-02 14:30:00,1712086200000,180.265,180.65,180.21,180.585,827258.0,180.5078
2024-04-02 14:45:00,1712087100000,180.585,180.79,180.44,180.72,2726521.0,180.6447
2024-04-02 15:00:00,1712088000000,180.69,180.99,180.67,180.85,1100516.0,180.6924
2024-04-02 15:15:00,1712088900000,180.8101,180.89,180.69,180.8701,47385.0,180.74
2024-04-02 15:30:00,1712089800000,180.89,180.94,180.84,180.94,12575.0,180.8884
2024-04-02 15:45:00,1712090700000,180.9203,180.97,180.69,180.93,596666.0,180.6912
2024-04-02 16:00:00,1712091600000,180.91,180.93,180.84,180.84,7730.0,180.887
2024-04-02 16:15:00,1712092500000,180.89,181.0,180.69,180.97,25220.0,180.8087
2024-04-02 16:30:00,1712093400000,180.97,180.98,180.9,180.97,2515.0,180.9399
2024-04-02 16:45:00,1712094300000,180.95,181.0,180.9,181.0,2405.0,180.9421
2024-04-02 17:00:00,1712095200000,180.9699,180.9699,180.75,180.85,4305.0,180.8943
2024-04-02 17:15:00,1712096100000,180.88,180.95,180.84,180.95,3297.0,180.8768
2024-04-02 17:30:00,1712097000000,180.9,180.93,180.84,180.84,1600.0,180.8725
2024-04-02 17:45:00,1712097900000,180.86,180.88,180.72,180.74,7500.0,180.7758
2024-04-02 18:00:00,1712098800000,180.84,180.84,180.74,180.84,1095.0,180.793
2024-04-02 18:15:00,1712099700000,180.8,180.8,180.8,180.8,458.0,180.7991
2024-04-02 18:30:00,1712100600000,180.8,180.8694,180.8,180.85,1994.0,180.8375
2024-04-02 18:45:00,1712101500000,180.94,180.95,180.81,180.84,8292.0,180.873
2024-04-03 03:00:00,1712131200000,180.09,180.4,180.09,180.33,2814.0,180.2844
2024-04-03 03:15:00,1712132100000,180.31,180.4,180.3,180.35,1466.0,180.3318
2024-04-03 03:30:00,1712133000000,180.4,180.4,180.39,180.4,1354.0,180.4095
2024-04-03 03:45:00,1712133900000,180.56,180.69,180.51,180.51,787.0,180.5801
2024-04-03 04:00:00,1712134800000,180.55,180.67,180.55,180.67,545.0,180.5905
2024-04-03 04:15:00,1712135700000,180.6,180.6,180.53,180.53,1197.0,180.554
2024-04-03 04:30:00,1712136600000,180.56,180.56,180.55,180.55,570.0,180.5518
2024-04-03 05:00:00,1712138400000,180.4,180.45,180.38,180.38,1897.0,180.419
2024-04-03 05:30:00,1712140200000,180.49,180.49,180.41,180.45,1371.0,180.4605
2024-04-03 05:45:00,1712141100000,180.48,180.48,180.44,180.44,417.0,180.4691
2024-04-03 06:00:00,1712142000000,180.45,180.55,180.4,180.49,4709.0,180.4687
2024-04-03 06:15:00,1712142900000,180.52,180.55,180.42,180.42,7226.0,180.4844
2024-04-03 06:30:00,1712143800000,180.6,180.65,180.55,180.55,2733.0,180.5808
2024-04-03 06:45:00,1712144700000,180.47,180.47,180.43,180.43,889.0,180.447
2024-04-03 07:00:00,1712145600000,180.53,180.75,180.04,180.73,34340.0,180.5972
2024-04-03 07:15:00,1712146500000,180.7,180.74,180.18,180.25,15415.0,180.418
2024-04-03 07:30:00,1712147400000,180.25,180.35,180.23,180.31,8477.0,180.2823
2024-04-03 07:45:00,1712148300000,180.23,180.25,180.06,180.25,20599.0,180.1365
2024-04-03 08:00:00,1712149200000,180.4,180.5,180.2,180.2,10376.0,180.3754
2024-04-03 08:15:00,1712150100000,180.27,180.3,179.84,179.91,48078.0,180.0749
2024-04-03 08:30:00,1712151000000,179.9,181.45,179.8,180.31,2512944.0,180.7101
2024-04-03 08:45:00,1712151900000,180.31,180.925,180.24,180.69,1268117.0,180.4926
2024-04-03 09:00:00,1712152800000,180.7,181.74,180.685,181.736,1577042.0,181.3441
2024-04-03 09:15:00,1712153700000,181.73,181.99,181.69,181.89,1046437.0,181.8324
2024-04-03 09:30:00,1712154600000,181.8976,182.34,181.865,182.3211,1058698.0,182.0455
2024-04-03 09:45:00,1712155500000,182.33,182.35,182.15,182.275,856918.0,182.2411
2024-04-03 10:00:00,1712156400000,182.275,182.49,182.15,182.4169,761782.0,182.3484
2024-04-03 10:15:00,1712157300000,182.43,182.86,182.39,182.7925,865732.0,182.6214
2024-04-03 10:30:00,1712158200000,182.8,182.87,182.3952,182.595,755134.0,182.6218
2024-04-03 10:45:00,1712159100000,182.57,182.6,182.23,182.3412,581075.0,182.4098
2024-04-03 11:00:00,1712160000000,182.35,182.36,182.05,182.34,674766.0,182.2105
2024-04-03 11:15:00,1712160900000,182.335,182.68,182.13,182.6773,789984.0,182.4398
2024-04-03 11:30:00,1712161800000,182.66,182.79,182.08,182.365,669823.0,182.4797
2024-04-03 11:45:00,1712162700000,182.36,182.525,182.275,182.28,342892.0,182.3955
2024-04-03 12:00:00,1712163600000,182.29,182.6,182.29,182.56,459149.0,182.4772
2024-04-03 12:15:00,1712164500000,182.58,182.73,182.47,182.655,422038.0,182.6004
2024-04-03 12:30:00,1712165400000,182.66,182.74,182.54,182.63,379174.0,182.6371
2024-04-03 12:45:00,1712166300000,182.63,182.82,182.58,182.655,519246.0,182.7219
2024-04-03 13:00:00,1712167200000,182.655,182.79,182.555,182.615,470988.0,182.6784
2024-04-03 13:15:00,1712168100000,182.62,182.735,182.4401,182.505,467903.0,182.599
2024-04-03 13:30:00,1712169000000,182.5082,182.71,182.4,182.6168,532976.0,182.5659
2024-04-03 13:45:00,1712169900000,182.62,182.65,182.44,182.48,880244.0,182.5255
2024-04-03 14:00:00,1712170800000,182.465,182.5,181.96,182.035,723578.0,182.3318
2024-04-03 14:15:00,1712171700000,182.03,182.222,181.58,181.83,985245.0,181.9332
2024-04-03 14:30:00,1712172600000,181.83,182.22,181.66,182.1659,1064409.0,182.0336
2024-04-03 14:45:00,1712173500000,182.16,182.5,182.1,182.46,2958106.0,182.2993
2024-04-03 15:00:00,1712174400000,182.41,182.79,182.41,182.74,418709.0,182.4564
2024-04-03 15:15:00,1712175300000,182.68,182.75,182.41,182.67,98925.0,182.5237
2024-04-03 15:30:00,1712176200000,182.6626,182.7,182.6001,182.67,4630.0,182.6609
2024-04-03 15:45:00,1712177100000,182.66,182.7984,182.41,182.78,26495.0,182.5148
2024-04-03 16:00:00,1712178000000,182.75,182.78,182.41,182.75,10107.0,182.6431
2024-04-03 16:15:00,1712178900000,182.7795,182.78,182.75,182.75,2499.0,182.7683
2024-04-03 16:30:00,1712179800000,182.76,182.76,182.41,182.76,24431.0,182.4312
2024-04-03 16:45:00,1712180700000,182.71,182.74,182.6914,182.74,1054.0,182.7218
2024-04-03 17:00:00,1712181600000,182.7,182.7,182.62,182.63,6146.0,182.638
2024-04-03 17:15:00,1712182500000,182.6897,182.76,182.6897,182.76,5215.0,182.7299
2024-04-03 17:30:00,1712183400000,182.76,182.79,182.72,182.77,7413.0,182.7603
2024-04-03 17:45:00,1712184300000,182.75,182.78,182.7,182.78,1743.0,182.7464
2024-04-03 18:00:00,1712185200000,182.78,182.8,182.74,182.8,3468.0,182.7813
2024-04-03 18:15:00,1712186100000,182.84,182.93,182.81,182.9,5512.0,182.8795
2024-04-03 18:30:00,1712187000000,182.9,183.38,182.9,183.25,51347.0,183.0384
2024-04-03 18:45:00,1712187900000,183.25,183.36,183.12,183.34,7581.0,183.2826
2024-04-04 03:00:00,1712217600000,183.64,183.64,183.22,183.25,9433.0,183.4835
2024-04-04 03:15:00,1712218500000,183.31,183.78,183.31,183.59,8438.0,183.5505
2024-04-04 03:30:00,1712219400000,183.68,183.68,183.55,183.62,2868.0,183.6072
2024-04-04 03:45:00,1712220300000,183.51,183.57,183.51,183.51,1979.0,183.522
2024-04-04 04:00:00,1712221200000,183.55,183.55,183.55,183.55,421.0,183.5187
2024-04-04 04:15:00,1712222100000,183.58,183.7,183.58,183.7,1410.0,183.6508
2024-04-04 04:30:00,1712223000000,183.65,183.65,183.31,183.31,6031.0,183.5381
2024-04-04 04:45:00,1712223900000,183.4,183.4,183.35,183.35,1353.0,183.3759
2024-04-04 05:00:00,1712224800000,183.27,183.27,183.05,183.26,3854.0,183.1409
2024-04-04 05:15:00,1712225700000,183.21,183.24,183.21,183.24,859.0,183.2169
2024-04-04 05:30:00,1712226600000,183.21,183.21,183.2,183.2,772.0,183.2069
2024-04-04 05:45:00,1712227500000,183.3,183.45,183.3,183.45,4274.0,183.3446
2024-04-04 06:00:00,1712228400000,183.42,183.67,183.3,183.64,27782.0,183.4144
2024-04-04 06:15:00,1712229300000,183.55,183.55,183.42,183.5,4157.0,183.5005
2024-04-04 06:30:00,1712230200000,183.47,183.5,183.28,183.44,7562.0,183.3842
2024-04-04 06:45:00,1712231100000,183.42,183.9,183.42,183.9,22058.0,183.7319
2024-04-04 07:00:00,1712232000000,183.34,184.15,183.04,183.9693,170346.0,183.8692
2024-04-04 07:15:00,1712232900000,183.97,183.97,183.83,183.88,15822.0,183.9005
2024-04-04 07:30:00,1712233800000,183.95,184.09,183.73,183.98,43354.0,183.9397
2024-04-04 07:45:00,1712234700000,183.97,184.46,183.97,184.3,63912.0,184.2546
2024-04-04 08:00:00,1712235600000,184.3,184.48,184.04,184.24,78384.0,184.314
2024-04-04 08:15:00,1712236500000,184.25,184.3488,183.73,184.0,98190.0,184.037
2024-04-04 08:30:00,1712237400000,184.0,184.89,183.5101,183.5101,3632004.0,184.1736
2024-04-04 08:45:00,1712238300000,183.52,183.89,183.31,183.72,1416467.0,183.6303
2024-04-04 09:00:00,1712239200000,183.73,184.17,183.65,184.095,1219187.0,183.918
2024-04-04 09:15:00,1712240100000,184.09,184.43,183.87,184.055,1200379.0,184.1804
2024-04-04 09:30:00,1712241000000,184.055,184.31,184.021,184.1595,825284.0,184.1957
2024-04-04 09:45:00,1712241900000,184.1499,184.185,183.83,184.105,732635.0,183.9928
2024-04-04 10:00:00,1712242800000,184.11,184.35,184.07,184.07,612518.0,184.2137
2024-04-04 10:15:00,1712243700000,184.06,184.45,184.03,184.4336,735385.0,184.2724
2024-04-04 10:30:00,1712244600000,184.45,184.6999,184.41,184.685,877320.0,184.5459
2024-04-04 10:45:00,1712245500000,184.69,184.8,184.57,184.62,791642.0,184.6985
2024-04-04 11:00:00,1712246400000,184.625,184.95,184.61,184.795,648468.0,184.8115
2024-04-04 11:15:00,1712247300000,184.8,184.805,184.61,184.695,699463.0,184.6926
2024-04-04 11:30:00,1712248200000,184.7,185.0,184.698,184.955,907279.0,184.8942
2024-04-04 11:45:00,1712249100000,184.9582,185.1,184.8338,184.8992,1388751.0,185.0003
2024-04-04 12:00:00,1712250000000,184.9,184.9,184.45,184.63,589182.0,184.6497
2024-04-04 12:15:00,1712250900000,184.64,184.74,184.475,184.5801,437919.0,184.5953
2024-04-04 12:30:00,1712251800000,184.585,184.7,184.36,184.41,584766.0,184.556
2024-04-04 12:45:00,1712252700000,184.41,184.58,184.27,184.38,644671.0,184.4076
2024-04-04 13:00:00,1712253600000,184.37,184.376,183.4,183.43,1095363.0,183.9156
2024-04-04 13:15:00,1712254500000,183.43,183.49,182.7,182.83,1611743.0,183.2521
2024-04-04 13:30:00,1712255400000,182.82,182.92,181.915,181.9792,1659701.0,182.4995
2024-04-04 13:45:00,1712256300000,181.99,182.415,181.31,181.53,1655024.0,181.8906
2024-04-04 14:00:00,1712257200000,181.52,181.91,181.07,181.81,1985675.0,181.5662
2024-04-04 14:15:00,1712258100000,181.815,181.85,181.405,181.43,1232920.0,181.5771
2024-04-04 14:30:00,1712259000000,181.43,181.54,180.585,180.7448,1698515.0,181.0969
2024-04-04 14:45:00,1712259900000,180.75,180.925,180.0,180.06,4905896.0,180.2623
2024-04-04 15:00:00,1712260800000,180.07,180.13,179.8,180.04,1206538.0,179.9987
2024-04-04 15:15:00,1712261700000,180.04,180.13,179.82,179.96,279763.0,179.9893
2024-04-04 15:30:00,1712262600000,179.97,180.13,179.9001,180.1,32552.0,180.0212
2024-04-04 15:45:00,1712263500000,180.18,180.3441,180.13,180.25,26539.0,179.7038
2024-04-04 16:00:00,1712264400000,180.3,180.58,180.21,180.3,28180.0,180.4207
2024-04-04 16:15:00,1712265300000,180.35,180.527,180.0,180.4,15602.0,180.336
2024-04-04 16:30:00,1712266200000,180.32,180.4,180.25,180.25,4616.0,180.3172
2024-04-04 16:45:00,1712267100000,180.25,180.4,180.25,180.4,7089.0,180.2776
2024-04-04 17:00:00,1712268000000,180.4,180.87,180.35,180.87,12106.0,180.5557
2024-04-04 17:15:00,1712268900000,180.77,180.77,180.31,180.36,14222.0,180.5484
2024-04-04 17:30:00,1712269800000,180.5475,180.6,180.31,180.55,10318.0,180.5115
2024-04-04 17:45:00,1712270700000,180.53,180.6,180.4,180.5,6686.0,180.5186
2024-04-04 18:00:00,1712271600000,180.5,180.69,180.39,180.55,15611.0,180.5101
2024-04-04 18:15:00,1712272500000,180.55,180.68,180.4,180.4,9390.0,180.4659
2024-04-04 18:30:00,1712273400000,180.58,180.58,180.28,180.28,6902.0,180.3984
2024-04-04 18:45:00,1712274300000,180.28,180.36,180.25,180.25,14093.0,180.297
2024-04-05 03:00:00,1712304000000,181.06,181.37,181.03,181.23,5967.0,181.2676
2024-04-05 03:15:00,1712304900000,181.16,181.16,181.16,181.16,412.0,181.1682
2024-04-05 03:30:00,1712305800000,181.24,181.24,181.21,181.21,951.0,181.2423
2024-04-05 03:45:00,1712306700000,181.2,181.2,181.1,181.1,667.0,181.148
2024-04-05 04:00:00,1712307600000,181.2,181.23,181.16,181.16,1120.0,181.2001
2024-04-05 04:15:00,1712308500000,181.11,181.22,181.11,181.22,2112.0,181.1433
2024-04-05 04:30:00,1712309400000,181.12,181.2,181.12,181.2,1574.0,181.1609
2024-04-05 04:45:00,1712310300000,181.35,181.35,181.35,181.35,301.0,181.348
2024-04-05 05:00:00,1712311200000,181.21,181.34,181.2,181.34,2527.0,181.262
2024-04-05 05:15:00,1712312100000,181.12,181.12,181.11,181.11,1396.0,181.1319
2024-04-05 05:30:00,1712313000000,181.23,181.26,181.23,181.26,1877.0,181.2491
2024-04-05 05:45:00,1712313900000,181.27,181.38,181.27,181.3,5733.0,181.3062
2024-04-05 06:00:00,1712314800000,181.25,181.25,181.08,181.1,12943.0,181.2015
2024-04-05 06:15:00,1712315700000,181.1,181.19,181.1,181.1,5167.0,181.12
2024-04-05 06:30:00,1712316600000,181.11,181.35,181.09,181.35,11609.0,181.2013
2024-04-05 06:45:00,1712317500000,181.28,181.3,181.15,181.15,3837.0,181.2646
2024-04-05 07:00:00,1712318400000,181.16,181.35,180.45,181.28,77579.0,181.143
2024-04-05 07:15:00,1712319300000,181.27,181.5,181.27,181.47,30450.0,181.3859
2024-04-05 07:30:00,1712320200000,181.4,182.1997,180.51,182.099,163708.0,181.523
2024-04-05 07:45:00,1712321100000,182.01,182.04,181.35,181.699,236689.0,181.4499
2024-04-05 08:00:00,1712322000000,181.6611,182.0,181.4,181.41,63564.0,181.6593
2024-04-05 08:15:00,1712322900000,181.4014,182.68,181.39,182.39,108171.0,182.1001
2024-04-05 08:30:00,1712323800000,182.38,183.89,181.97,183.5899,4124564.0,182.73
2024-04-05 08:45:00,1712324700000,183.57,184.93,183.54,184.59,3106332.0,184.3248
2024-04-05 09:00:00,1712325600000,184.58,185.25,184.35,185.1399,2486960.0,184.8091
2024-04-05 09:15:00,1712326500000,185.14,185.31,184.25,184.3297,2036226.0,184.9229
2024-04-05 09:30:00,1712327400000,184.33,184.97,184.22,184.6875,1381255.0,184.5913
2024-04-05 09:45:00,1712328300000,184.67,185.61,184.66,185.51,1625169.0,185.2441
2024-04-05 10:00:00,1712329200000,185.51,185.64,184.77,184.86,1288611.0,185.1607
2024-04-05 10:15:00,1712330100000,184.86,185.01,184.3696,184.98,1190396.0,184.7533
2024-04-05 10:30:00,1712331000000,184.97,185.5,184.8799,185.4501,1329490.0,185.1811
2024-04-05 10:45:00,1712331900000,185.46,185.71,185.14,185.6099,1239936.0,185.4634
2024-04-05 11:00:00,1712332800000,185.62,185.765,185.46,185.64,788095.0,185.6248
2024-04-05 11:15:00,1712333700000,185.64,186.03,185.63,185.885,1023628.0,185.9017
2024-04-05 11:30:00,1712334600000,185.89,185.95,185.5,185.56,810286.0,185.6722
2024-04-05 11:45:00,1712335500000,185.56,186.22,185.54,186.21,775096.0,185.8519
2024-04-05 12:00:00,1712336400000,186.2,186.27,185.5801,185.63,846260.0,185.9838
2024-04-05 12:15:00,1712337300000,185.65,185.84,185.52,185.62,602419.0,185.7131
2024-04-05 12:30:00,1712338200000,185.62,185.84,185.22,185.305,950887.0,185.5596
2024-04-05 12:45:00,1712339100000,185.305,185.32,184.34,184.41,1504858.0,184.8908
2024-04-05 13:00:00,1712340000000,184.405,184.86,184.09,184.68,1339858.0,184.4922
2024-04-05 13:15:00,1712340900000,184.7,184.96,184.26,184.275,956379.0,184.6459
2024-04-05 13:30:00,1712341800000,184.29,184.73,184.27,184.51,786785.0,184.5131
2024-04-05 13:45:00,1712342700000,184.5648,184.58,184.135,184.566,700917.0,184.3261
2024-04-05 14:00:00,1712343600000,184.57,184.67,184.3,184.5782,639602.0,184.4779
2024-04-05 14:15:00,1712344500000,184.575,184.7089,184.41,184.69,575453.0,184.5784
2024-04-05 14:30:00,1712345400000,184.685,184.95,184.65,184.7,839482.0,184.8136
2024-04-05 14:45:00,1712346300000,184.69,185.43,184.6,184.94,2721260.0,185.0412
2024-04-05 15:00:00,1712347200000,185.07,185.24,184.98,185.0399,608362.0,185.0691
2024-04-05 15:15:00,1712348100000,185.02,185.0878,185.01,185.05,103567.0,185.0666
2024-04-05 15:30:00,1712349000000,185.12,185.2,182.53,185.07,22151.0,184.8544
2024-04-05 15:45:00,1712349900000,185.08,185.22,185.08,185.19,108986.0,185.0387
2024-04-05 16:00:00,1712350800000,185.19,185.25,185.15,185.23,90562.0,185.0957
2024-04-05 16:15:00,1712351700000,185.25,185.3,185.0801,185.2691,14028.0,185.2023
2024-04-05 16:30:00,1712352600000,185.19,185.3,185.19,185.2,4379.0,185.2456
2024-04-05 16:45:00,1712353500000,185.2,185.298,185.05,185.2116,17579.0,185.0995
2024-04-05 17:00:00,1712354400000,185.07,185.2641,185.07,185.16,3220.0,185.1675
2024-04-05 17:15:00,1712355300000,185.2,185.2,185.0788,185.15,2121.0,185.1729
2024-04-05 17:30:00,1712356200000,185.14,185.15,185.1,185.15,3831.0,185.1316
2024-04-05 17:45:00,1712357100000,185.1986,185.2188,185.07,185.0716,6720.0,185.1329
2024-04-05 18:00:00,1712358000000,185.1,185.21,185.07,185.19,6571.0,185.152
2024-04-05 18:15:00,1712358900000,185.18,185.18,185.08,185.15,3530.0,185.128
2024-04-05 18:30:00,1712359800000,185.15,185.18,185.1,185.1696,1756.0,185.1544
2024-04-05 18:45:00,1712360700000,185.15,185.2,185.07,185.2,8928.0,185.1397
2024-04-08 03:00:00,1712563200000,185.54,185.98,185.54,185.98,12691.0,185.8087
2024-04-08 03:15:00,1712564100000,185.91,185.91,185.37,185.6,11907.0,185.6604
2024-04-08 03:30:00,1712565000000,185.75,186.36,185.75,186.35,11633.0,186.0771
2024-04-08 03:45:00,1712565900000,186.3,186.67,186.3,186.3,14801.0,186.4027
2024-04-08 04:00:00,1712566800000,186.32,186.5,186.3,186.5,6356.0,186.3745
2024-04-08 04:15:00,1712567700000,186.5,187.0,186.49,186.91,11658.0,186.7379
2024-04-08 04:30:00,1712568600000,186.85,186.86,186.7,186.86,6344.0,186.7793
2024-04-08 04:45:00,1712569500000,186.96,187.8,186.94,187.49,21658.0,187.3215
2024-04-08 05:00:00,1712570400000,187.45,187.45,186.75,186.99,12578.0,187.0393
2024-04-08 05:15:00,1712571300000,186.98,187.28,186.98,187.25,5836.0,187.1327
2024-04-08 05:30:00,1712572200000,187.3,187.33,187.03,187.19,5935.0,187.1777
2024-04-08 05:45:00,1712573100000,187.19,187.5,187.19,187.5,4573.0,187.3556
2024-04-08 06:00:00,1712574000000,187.36,187.36,186.74,187.04,43169.0,187.0236
2024-04-08 06:15:00,1712574900000,187.0,187.15,186.92,186.92,21654.0,187.0077
2024-04-08 06:30:00,1712575800000,186.95,186.95,186.6,186.6,22026.0,186.8145
2024-04-08 06:45:00,1712576700000,186.62,187.05,186.54,187.0,15961.0,186.8562
2024-04-08 07:00:00,1712577600000,187.01,187.3,185.24,186.9048,100871.0,186.7681
2024-04-08 07:15:00,1712578500000,186.99,187.35,186.99,187.27,30371.0,187.1887
2024-04-08 07:30:00,1712579400000,187.26,187.6,187.16,187.5891,47318.0,187.351
2024-04-08 07:45:00,1712580300000,187.59,187.88,187.5,187.8,71160.0,187.7285
2024-04-08 08:00:00,1712581200000,187.78,187.88,187.67,187.68,75539.0,187.7393
2024-04-08 08:15:00,1712582100000,187.7,187.71,186.75,186.95,115379.0,187.2539
2024-04-08 08:30:00,1712583000000,186.9,187.29,185.329,186.0,4200248.0,186.3445
2024-04-08 08:45:00,1712583900000,186.02,186.27,185.76,186.04,2168583.0,186.0659
2024-04-08 09:00:00,1712584800000,186.04,186.6,185.86,186.2,1803535.0,186.2577
2024-04-08 09:15:00,1712585700000,186.1915,186.67,185.895,186.52,1405502.0,186.3343
2024-04-08 09:30:00,1712586600000,186.55,186.915,186.5,186.7,1128532.0,186.7149
2024-04-08 09:45:00,1712587500000,186.71,187.105,186.56,187.0426,1096796.0,186.9189
2024-04-08 10:00:00,1712588400000,187.05,187.15,186.62,186.79,1198424.0,186.8882
2024-04-08 10:15:00,1712589300000,186.78,186.8199,186.43,186.505,812039.0,186.6425
2024-04-08 10:30:00,1712590200000,186.5,186.5,186.01,186.255,1024290.0,186.2711
2024-04-08 10:45:00,1712591100000,186.235,186.2399,185.57,185.745,1204649.0,185.843
2024-04-08 11:00:00,1712592000000,185.74,185.81,185.26,185.32,910424.0,185.6019
2024-04-08 11:15:00,1712592900000,185.3001,185.38,184.81,185.07,1350307.0,185.1617
2024-04-08 11:30:00,1712593800000,185.065,185.77,185.045,185.765,875875.0,185.4472
2024-04-08 11:45:00,1712594700000,185.76,185.81,185.5,185.6617,625965.0,185.6238
2024-04-08 12:00:00,1712595600000,185.66,185.75,185.34,185.36,593787.0,185.5822
2024-04-08 12:15:00,1712596500000,185.35,185.5,185.2601,185.48,528547.0,185.3942
2024-04-08 12:30:00,1712597400000,185.49,185.49,184.9932,185.03,857018.0,185.2036
2024-04-08 12:45:00,1712598300000,185.035,185.38,184.86,185.38,909160.0,185.0455
2024-04-08 13:00:00,1712599200000,185.39,185.4715,185.23,185.3,612213.0,185.3496
2024-04-08 13:15:00,1712600100000,185.3,185.47,185.25,185.3385,439828.0,185.3633
2024-04-08 13:30:00,1712601000000,185.34,185.4399,185.295,185.392,512480.0,185.3525
2024-04-08 13:45:00,1712601900000,185.4,185.8,185.3,185.8,813130.0,185.5638
2024-04-08 14:00:00,1712602800000,185.81,185.86,185.53,185.71,680895.0,185.7106
2024-04-08 14:15:00,1712603700000,185.705,185.77,185.466,185.7501,819993.0,185.645
2024-04-08 14:30:00,1712604600000,185.74,185.97,185.6001,185.625,961916.0,185.8272
2024-04-08 14:45:00,1712605500000,185.625,185.8,185.19,185.32,3951529.0,185.3818
2024-04-08 15:00:00,1712606400000,185.19,185.67,185.19,185.38,472401.0,185.2255
2024-04-08 15:15:00,1712607300000,185.34,185.37,185.19,185.32,19403.0,185.239
2024-04-08 15:30:00,1712608200000,185.26,185.45,185.24,185.45,8821.0,185.339
2024-04-08 15:45:00,1712609100000,185.41,185.44,185.19,185.42,9636.0,185.2389
2024-04-08 16:00:00,1712610000000,185.44,185.47,185.41,185.45,6650.0,185.4519
2024-04-08 16:15:00,1712610900000,185.4501,185.47,185.45,185.47,2196.0,185.4544
2024-04-08 16:30:00,1712611800000,185.4693,185.4693,185.41,185.41,1494.0,185.4286
2024-04-08 16:45:00,1712612700000,185.46,185.58,185.46,185.58,7534.0,185.4934
2024-04-08 17:00:00,1712613600000,185.58,185.69,185.58,185.6,6279.0,185.6377
2024-04-08 17:15:00,1712614500000,185.58,185.6,185.19,185.6,28331.0,185.1967
2024-04-08 17:30:00,1712615400000,185.6,185.6,185.55,185.6,1487.0,185.5845
2024-04-08 17:45:00,1712616300000,185.56,185.6,185.5,185.6,6972.0,185.5559
2024-04-08 18:00:00,1712617200000,185.6,185.6,185.5,185.6,8874.0,185.5903
2024-04-08 18:15:00,1712618100000,185.5,185.56,185.49,185.49,1698.0,185.5217
2024-04-08 18:30:00,1712619000000,185.54,185.56,185.49,185.49,2045.0,185.5088
2024-04-08 18:45:00,1712619900000,185.5,185.55,185.45,185.45,6284.0,185.4901
2024-04-09 03:00:00,1712649600000,185.75,185.75,185.48,185.5,4159.0,185.4972
2024-04-09 03:15:00,1712650500000,185.64,185.68,185.64,185.68,980.0,185.6422
2024-04-09 03:30:00,1712651400000,185.72,185.74,185.59,185.59,4404.0,185.6785
2024-04-09 03:45:00,1712652300000,185.58,185.58,185.55,185.55,2155.0,185.5677
2024-04-09 04:00:00,1712653200000,185.55,185.55,185.48,185.48,1449.0,185.5067
2024-04-09 04:15:00,1712654100000,185.56,185.56,185.55,185.56,2120.0,185.5554
2024-04-09 04:45:00,1712655900000,185.63,185.64,185.63,185.64,1441.0,185.6367
2024-04-09 05:00:00,1712656800000,185.52,185.54,185.45,185.45,5217.0,185.4973
2024-04-09 05:15:00,1712657700000,185.5,185.62,185.5,185.62,7724.0,185.6078
2024-04-09 05:30:00,1712658600000,185.48,185.48,185.31,185.31,4190.0,185.397
2024-04-09 05:45:00,1712659500000,185.3,185.45,185.3,185.45,3518.0,185.3891
2024-04-09 06:00:00,1712660400000,185.5,185.75,185.5,185.7,7431.0,185.5971
2024-04-09 06:15:00,1712661300000,185.78,185.87,185.7,185.81,5308.0,185.8192
2024-04-09 06:30:00,1712662200000,185.81,185.88,185.81,185.81,3538.0,185.8431
2024-04-09 06:45:00,1712663100000,185.81,186.0,185.81,186.0,7482.0,185.9031
2024-04-09 07:00:00,1712664000000,185.58,186.15,185.43,186.13,101042.0,185.5767
2024-04-09 07:15:00,1712664900000,186.12,186.29,186.05,186.05,23686.0,186.1987
2024-04-09 07:30:00,1712665800000,186.09,186.2,186.01,186.2,13914.0,186.1392
2024-04-09 07:45:00,1712666700000,186.1671,186.5,186.05,186.3599,65739.0,186.2874
2024-04-09 08:00:00,1712667600000,186.27,186.42,186.15,186.33,46056.0,186.2811
2024-04-09 08:15:00,1712668500000,186.38,187.4,186.15,187.25,157095.0,186.8438
2024-04-09 08:30:00,1712669400000,187.24,187.34,185.24,185.83,3462992.0,186.3821
2024-04-09 08:45:00,1712670300000,185.81,185.972,185.23,185.595,1378922.0,185.6064
2024-04-09 09:00:00,1712671200000,185.61,186.32,185.59,186.305,1692402.0,186.0035
2024-04-09 09:15:00,1712672100000,186.32,186.73,185.84,186.03,1652038.0,186.4192
2024-04-09 09:30:00,1712673000000,186.04,186.1344,184.91,184.97,1938492.0,185.514
2024-04-09 09:45:00,1712673900000,184.98,185.72,184.94,185.65,1489052.0,185.233
2024-04-09 10:00:00,1712674800000,185.65,185.88,185.14,185.14,1163710.0,185.6124
2024-04-09 10:15:00,1712675700000,185.15,185.43,184.924,185.02,855308.0,185.1722
2024-04-09 10:30:00,1712676600000,185.0214,185.58,184.89,185.4699,733832.0,185.1574
2024-04-09 10:45:00,1712677500000,185.46,185.5499,185.11,185.2,873662.0,185.2969
2024-04-09 11:00:00,1712678400000,185.2,185.8276,185.17,185.65,564260.0,185.4641
2024-04-09 11:15:00,1712679300000,185.655,185.69,185.385,185.4449,744257.0,185.5078
2024-04-09 11:30:00,1712680200000,185.45,185.72,185.3488,185.35,569350.0,185.4988
2024-04-09 11:45:00,1712681100000,185.3597,185.43,185.0,185.05,813411.0,185.19
2024-04-09 12:00:00,1712682000000,185.06,185.22,184.946,185.105,752095.0,185.1072
2024-04-09 12:15:00,1712682900000,185.09,185.32,184.91,185.02,708015.0,185.0969
2024-04-09 12:30:00,1712683800000,185.01,185.1199,184.645,184.6999,720775.0,184.9137
2024-04-09 12:45:00,1712684700000,184.7,184.755,184.41,184.415,924319.0,184.6182
2024-04-09 13:00:00,1712685600000,184.42,184.89,184.355,184.755,714892.0,184.618
2024-04-09 13:15:00,1712686500000,184.75,184.98,184.7127,184.77,691350.0,184.8535
2024-04-09 13:30:00,1712687400000,184.78,184.9098,184.615,184.75,538135.0,184.7518
2024-04-09 13:45:00,1712688300000,184.755,184.839,184.626,184.6475,449705.0,184.7261
2024-04-09 14:00:00,1712689200000,184.64,184.64,184.2,184.275,853060.0,184.3839
2024-04-09 14:15:00,1712690100000,184.27,185.46,184.27,185.425,1405453.0,184.845
2024-04-09 14:30:00,1712691000000,185.42,185.73,185.11,185.31,1366364.0,185.4827
2024-04-09 14:45:00,1712691900000,185.31,185.78,185.02,185.72,2405771.0,185.4457
2024-04-09 15:00:00,1712692800000,185.67,186.09,185.6,185.9499,546608.0,185.7051
2024-04-09 15:15:00,1712693700000,185.9494,185.95,185.67,185.87,61264.0,185.7155
2024-04-09 15:30:00,1712694600000,185.88,185.9,185.67,185.84,13452.0,185.789
2024-04-09 15:45:00,1712695500000,185.8,185.8,185.67,185.67,128280.0,185.6767
2024-04-09 16:00:00,1712696400000,185.67,185.7008,185.63,185.68,18347.0,185.6733
2024-04-09 16:15:00,1712697300000,185.65,185.67,185.47,185.65,7587.0,185.6402
2024-04-09 16:30:00,1712698200000,185.63,185.6302,185.11,185.62,4559.0,185.5771
2024-04-09 16:45:00,1712699100000,185.5901,185.64,185.5901,185.63,3991.0,185.6278
2024-04-09 17:00:00,1712700000000,185.64,185.69,185.63,185.6803,4427.0,185.6622
2024-04-09 17:15:00,1712700900000,185.69,185.7096,185.67,185.67,1179.0,185.6743
2024-04-09 17:30:00,1712701800000,185.62,185.65,185.5343,185.5343,2397.0,185.5857
2024-04-09 17:45:00,1712702700000,185.65,185.65,185.6002,185.6002,1643.0,185.6433
2024-04-09 18:00:00,1712703600000,185.65,185.69,185.53,185.6,3482.0,185.6016
2024-04-09 18:15:00,1712704500000,185.56,185.58,185.53,185.58,2632.0,185.5511
2024-04-09 18:30:00,1712705400000,185.58,185.61,185.5,185.61,3462.0,185.5563
2024-04-09 18:45:00,1712706300000,185.62,185.62,185.41,185.47,6068.0,185.5037
2024-04-10 03:00:00,1712736000000,185.77,185.88,185.58,185.63,5315.0,185.7845
2024-04-10 03:15:00,1712736900000,185.74,185.74,185.63,185.7,4749.0,185.7055
2024-04-10 03:30:00,1712737800000,185.69,185.75,185.69,185.75,2673.0,185.7175
2024-04-10 03:45:00,1712738700000,185.75,185.79,185.74,185.79,3328.0,185.7443
2024-04-10 04:00:00,1712739600000,185.89,185.89,185.78,185.78,2411.0,185.8481
2024-04-10 04:15:00,1712740500000,185.71,185.71,185.71,185.71,707.0,185.7101
2024-04-10 04:30:00,1712741400000,185.72,185.72,185.62,185.67,3963.0,185.6773
2024-04-10 04:45:00,1712742300000,185.58,185.58,185.58,185.58,2039.0,185.581
2024-04-10 05:00:00,1712743200000,185.37,185.4,185.31,185.31,2417.0,185.3572
2024-04-10 05:15:00,1712744100000,185.52,185.65,185.46,185.46,5249.0,185.5037
2024-04-10 05:30:00,1712745000000,185.41,185.49,185.41,185.49,1219.0,185.4604
2024-04-10 05:45:00,1712745900000,185.49,185.62,185.49,185.62,1070.0,185.5548
2024-04-10 06:00:00,1712746800000,185.61,185.73,185.59,185.7,8836.0,185.6573
2024-04-10 06:15:00,1712747700000,185.72,185.77,185.7,185.77,2762.0,185.7221
2024-04-10 06:30:00,1712748600000,185.76,185.83,185.76,185.82,6078.0,185.7901
2024-04-10 06:45:00,1712749500000,185.85,185.87,185.74,185.79,5011.0,185.8047
2024-04-10 07:00:00,1712750400000,185.77,185.88,185.4826,185.85,55341.0,185.7277
2024-04-10 07:15:00,1712751300000,185.85,186.5,185.79,186.27,48055.0,185.9462
2024-04-10 07:30:00,1712752200000,185.8,185.8,181.85,182.26,514485.0,182.9594
2024-04-10 07:45:00,1712753100000,182.15,183.0,182.15,182.67,187390.0,182.7664
2024-04-10 08:00:00,1712754000000,182.67,182.67,182.01,182.1,146662.0,182.3087
2024-04-10 08:15:00,1712754900000,182.15,182.8,181.97,182.68,225111.0,182.2716
2024-04-10 08:30:00,1712755800000,182.765,184.88,182.67,184.64,3804939.0,183.8715
2024-04-10 08:45:00,1712756700000,184.64,184.65,183.55,184.385,2186897.0,184.0058
2024-04-10 09:00:00,1712757600000,184.36,184.8693,184.12,184.7497,1484119.0,184.5247
2024-04-10 09:15:00,1712758500000,184.735,185.1,184.41,184.62,1445314.0,184.6674
2024-04-10 09:30:00,1712759400000,184.61,185.38,184.49,185.0,1302637.0,184.9965
2024-04-10 09:45:00,1712760300000,185.03,185.135,184.26,184.62,1045548.0,184.641
2024-04-10 10:00:00,1712761200000,184.63,185.23,184.5,185.16,1204521.0,184.9326
2024-04-10 10:15:00,1712762100000,185.1655,185.25,184.81,185.245,802117.0,185.0679
2024-04-10 10:30:00,1712763000000,185.26,185.26,184.54,184.665,668507.0,184.7988
2024-04-10 10:45:00,1712763900000,184.67,184.82,184.56,184.805,580734.0,184.7014
2024-04-10 11:00:00,1712764800000,184.8,185.14,184.7,184.84,547350.0,184.9311
2024-04-10 11:15:00,1712765700000,184.8599,185.245,184.8599,185.1008,562254.0,185.0558
2024-04-10 11:30:00,1712766600000,185.12,185.22,185.04,185.055,421841.0,185.1137
2024-04-10 11:45:00,1712767500000,185.05,185.84,185.02,185.7914,1337569.0,185.4138
2024-04-10 12:00:00,1712768400000,185.8,186.02,185.07,185.51,1423550.0,185.52
2024-04-10 12:15:00,1712769300000,185.5,186.2699,185.245,185.68,1251589.0,185.9256
2024-04-10 12:30:00,1712770200000,185.68,185.89,184.9,185.11,1191086.0,185.2521
2024-04-10 12:45:00,1712771100000,185.1,186.01,185.03,185.505,800880.0,185.4195
2024-04-10 13:00:00,1712772000000,185.5168,185.81,185.23,185.76,724511.0,185.5515
2024-04-10 13:15:00,1712772900000,185.76,185.85,185.0605,185.13,649117.0,185.3739
2024-04-10 13:30:00,1712773800000,185.111,185.63,185.03,185.55,610616.0,185.3498
2024-04-10 13:45:00,1712774700000,185.5674,185.75,185.05,185.05,637265.0,185.44
2024-04-10 14:00:00,1712775600000,185.055,185.3468,184.96,185.27,811068.0,185.1244
2024-04-10 14:15:00,1712776500000,185.27,185.74,185.13,185.31,939352.0,185.4104
2024-04-10 14:30:00,1712777400000,185.3102,185.78,184.91,185.67,902149.0,185.2779
2024-04-10 14:45:00,1712778300000,185.675,186.23,185.6,185.89,2782707.0,185.9935
2024-04-10 15:00:00,1712779200000,185.9,185.95,185.39,185.56,470211.0,185.9007
2024-04-10 15:15:00,1712780100000,185.54,185.95,185.54,185.58,26578.0,185.7559
2024-04-10 15:30:00,1712781000000,185.58,185.58,185.52,185.5301,11948.0,185.5437
2024-04-10 15:45:00,1712781900000,185.53,185.6,185.2214,185.6,15677.0,185.4196
2024-04-10 16:00:00,1712782800000,185.68,185.7289,185.62,185.63,8668.0,185.6846
2024-04-10 16:15:00,1712783700000,185.6,185.95,185.58,185.6,6822.0,185.7197
2024-04-10 16:30:00,1712784600000,185.5,185.68,185.5,185.68,10896.0,185.5536
2024-04-10 16:45:00,1712785500000,185.54,185.54,185.5,185.53,7920.0,185.5166
2024-04-10 17:00:00,1712786400000,185.53,185.59,185.45,185.5285,4240.0,185.526
2024-04-10 17:15:00,1712787300000,185.47,185.53,185.43,185.5263,8678.0,185.4924
2024-04-10 17:30:00,1712788200000,185.51,185.51,185.42,185.45,5257.0,185.4521
2024-04-10 17:45:00,1712789100000,185.5288,185.5288,185.4,185.49,3270.0,185.4172
2024-04-10 18:00:00,1712790000000,185.38,185.4,185.3,185.3,5920.0,185.3303
2024-04-10 18:15:00,1712790900000,185.32,185.32,185.12,185.22,15967.0,185.2578
2024-04-10 18:30:00,1712791800000,185.24,185.28,185.05,185.23,16658.0,185.1569
2024-04-10 18:45:00,1712792700000,185.11,185.15,185.07,185.07,4967.0,185.0953
2024-04-11 03:00:00,1712822400000,185.65,185.8,185.61,185.61,8170.0,185.6912
2024-04-11 03:15:00,1712823300000,185.68,185.68,185.42,185.42,1302.0,185.5209
2024-04-11 03:30:00,1712824200000,185.45,185.49,185.43,185.49,2854.0,185.4478
2024-04-11 03:45:00,1712825100000,185.42,185.43,185.25,185.25,4566.0,185.3524
2024-04-11 04:00:00,1712826000000,185.13,185.13,184.9,184.9,7450.0,184.9962
2024-04-11 04:15:00,1712826900000,184.89,184.89,184.65,184.71,2685.0,184.7639
2024-04-11 04:30:00,1712827800000,184.71,185.07,184.71,185.07,4342.0,184.9149
2024-04-11 04:45:00,1712828700000,185.05,185.1,184.94,184.94,5457.0,185.027
2024-04-11 05:00:00,1712829600000,185.13,185.2,182.0,184.3,35667.0,184.4776
2024-04-11 05:15:00,1712830500000,184.2,184.41,184.2,184.41,5293.0,184.2524
2024-04-11 05:30:00,1712831400000,184.46,184.99,184.46,184.99,6687.0,184.7051
2024-04-11 05:45:00,1712832300000,184.99,185.15,184.75,184.85,10482.0,184.9637
2024-04-11 06:00:00,1712833200000,184.85,185.18,184.85,185.1,17945.0,184.9991
2024-04-11 06:15:00,1712834100000,185.1,185.65,185.02,185.5,33462.0,185.3783
2024-04-11 06:30:00,1712835000000,185.6,185.65,185.4,185.54,19601.0,185.5644
2024-04-11 06:45:00,1712835900000,185.54,185.68,185.2,185.25,10182.0,185.3945
2024-04-11 07:00:00,1712836800000,185.15,185.7,184.85,185.11,77269.0,185.3522
2024-04-11 07:15:00,1712837700000,185.23,185.499,185.2,185.45,33017.0,185.4037
2024-04-11 07:30:00,1712838600000,185.45,187.08,185.2,186.7839,311042.0,186.6461
2024-04-11 07:45:00,1712839500000,186.72,187.14,186.5,187.04,150624.0,186.9267
2024-04-11 08:00:00,1712840400000,187.0001,187.34,186.8106,187.2,126915.0,187.1353
2024-04-11 08:15:00,1712841300000,187.24,187.27,186.65,186.73,94892.0,186.9519
2024-04-11 08:30:00,1712842200000,186.74,187.0,185.51,185.91,3540553.0,186.145
2024-04-11 08:45:00,1712843100000,185.93,186.82,185.92,186.63,1712523.0,186.3989
2024-04-11 09:00:00,1712844000000,186.655,186.68,185.84,186.11,1639498.0,186.2194
2024-04-11 09:15:00,1712844900000,186.08,186.44,185.78,186.2,1323542.0,186.1394
2024-04-11 09:30:00,1712845800000,186.2,186.73,186.12,186.61,1161703.0,186.5105
2024-04-11 09:45:00,1712846700000,186.61,186.93,186.32,186.37,845962.0,186.624
2024-04-11 10:00:00,1712847600000,186.39,186.78,186.35,186.77,595842.0,186.6009
2024-04-11 10:15:00,1712848500000,186.78,187.13,186.53,186.535,1001279.0,186.8695
2024-04-11 10:30:00,1712849400000,186.54,187.23,186.4,186.9241,963610.0,186.8009
2024-04-11 10:45:00,1712850300000,186.93,187.87,186.88,187.8,1358706.0,187.3687
2024-04-11 11:00:00,1712851200000,187.8,187.84,187.4227,187.75,1168813.0,187.6032
2024-04-11 11:15:00,1712852100000,187.74,188.15,187.5639,187.855,1450306.0,187.8951
2024-04-11 11:30:00,1712853000000,187.89,187.971,187.67,187.7201,807556.0,187.8346
2024-04-11 11:45:00,1712853900000,187.72,187.91,187.65,187.78,624081.0,187.8275
2024-04-11 12:00:00,1712854800000,187.79,188.64,187.64,188.5096,1398422.0,188.3137
2024-04-11 12:15:00,1712855700000,188.505,189.41,188.5,189.037,1857252.0,189.0491
2024-04-11 12:30:00,1712856600000,189.04,189.1,188.8,188.99,1386957.0,188.974
2024-04-11 12:45:00,1712857500000,188.99,189.11,188.71,188.755,864832.0,188.8621
2024-04-11 13:00:00,1712858400000,188.78,189.285,188.7101,189.275,1037368.0,189.0246
2024-04-11 13:15:00,1712859300000,189.28,189.3,188.86,189.25,856631.0,189.1304
2024-04-11 13:30:00,1712860200000,189.255,189.545,189.225,189.45,791393.0,189.3986
2024-04-11 13:45:00,1712861100000,189.46,189.56,189.19,189.36,815352.0,189.3566
2024-04-11 14:00:00,1712862000000,189.36,189.5,189.28,189.315,838762.0,189.3928
2024-04-11 14:15:00,1712862900000,189.31,189.45,189.195,189.34,809995.0,189.3439
2024-04-11 14:30:00,1712863800000,189.34,189.5,189.28,189.455,1070972.0,189.3998
2024-04-11 14:45:00,1712864700000,189.455,189.77,189.0,189.03,3100599.0,189.3075
2024-04-11 15:00:00,1712865600000,189.05,189.16,188.92,189.12,541861.0,189.0498
2024-04-11 15:15:00,1712866500000,189.14,189.2,189.05,189.14,88087.0,189.0681
2024-04-11 15:30:00,1712867400000,189.1467,189.15,189.07,189.13,19905.0,189.1128
2024-04-11 15:45:00,1712868300000,189.13,189.1595,189.05,189.0998,36071.0,189.093
2024-04-11 16:00:00,1712869200000,189.07,189.1,188.91,188.91,12965.0,189.0239
2024-04-11 16:15:00,1712870100000,188.92,188.99,188.9,188.96,8739.0,188.9502
2024-04-11 16:30:00,1712871000000,188.99,189.0798,188.99,189.0798,13574.0,189.0477
2024-04-11 16:45:00,1712871900000,189.0799,189.11,189.03,189.0601,6712.0,189.0732
2024-04-11 17:00:00,1712872800000,189.07,189.17,189.06,189.17,10965.0,189.1126
2024-04-11 17:15:00,1712873700000,189.08,189.1799,189.02,189.12,8668.0,189.0904
2024-04-11 17:30:00,1712874600000,189.1191,189.1469,189.06,189.1228,5993.0,189.0993
2024-04-11 17:45:00,1712875500000,189.04,189.11,189.03,189.06,11821.0,189.0829
2024-04-11 18:00:00,1712876400000,189.04,189.11,189.02,189.07,10064.0,189.0638
2024-04-11 18:15:00,1712877300000,189.07,189.1,189.05,189.1,3716.0,189.0708
2024-04-11 18:30:00,1712878200000,189.09,189.19,189.05,189.08,11966.0,189.1178
2024-04-11 18:45:00,1712879100000,189.18,189.18,188.6,189.0,22789.0,188.9287
2024-04-12 03:00:00,1712908800000,189.33,189.55,188.2,188.7,17062.0,188.8938
2024-04-12 03:15:00,1712909700000,188.82,189.03,188.77,189.03,2239.0,188.9273
2024-04-12 03:30:00,1712910600000,189.0,189.05,189.0,189.0,7186.0,189.0074
2024-04-12 03:45:00,1712911500000,188.99,189.0,188.9,188.9,954.0,188.9817
2024-04-12 04:00:00,1712912400000,188.84,188.91,188.63,188.63,4095.0,188.7862
2024-04-12 04:15:00,1712913300000,188.68,188.8,188.61,188.66,5073.0,188.6698
2024-04-12 04:30:00,1712914200000,188.66,188.85,188.66,188.77,2044.0,188.753
2024-04-12 04:45:00,1712915100000,188.76,188.77,188.76,188.77,3753.0,188.7654
2024-04-12 05:00:00,1712916000000,188.81,188.95,188.76,188.95,4260.0,188.8468
2024-04-12 05:15:00,1712916900000,188.99,189.09,188.99,189.01,3723.0,189.0389
2024-04-12 05:30:00,1712917800000,189.01,189.01,189.01,189.01,204.0,189.011
2024-04-12 05:45:00,1712918700000,188.93,188.93,188.55,188.6,5071.0,188.6913
2024-04-12 06:00:00,1712919600000,188.74,188.76,188.49,188.72,30946.0,188.6477
2024-04-12 06:15:00,1712920500000,188.65,188.66,188.58,188.66,7432.0,188.6321
2024-04-12 06:30:00,1712921400000,188.83,189.18,188.79,189.1,15007.0,189.019
2024-04-12 06:45:00,1712922300000,189.09,189.63,189.09,189.45,28686.0,189.431
2024-04-12 07:00:00,1712923200000,188.78,189.99,188.42,189.45,102090.0,189.3182
2024-04-12 07:15:00,1712924100000,189.36,189.53,189.0,189.53,40643.0,189.2818
2024-04-12 07:30:00,1712925000000,189.53,189.59,188.3,188.4,211333.0,189.0577
2024-04-12 07:45:00,1712925900000,188.3,188.7,188.0,188.2,69316.0,188.333
2024-04-12 08:00:00,1712926800000,188.12,188.26,187.8,188.18,74670.0,188.0449
2024-04-12 08:15:00,1712927700000,188.18,188.2,187.3,187.64,106928.0,187.806
2024-04-12 08:30:00,1712928600000,187.72,188.38,187.35,187.975,3662354.0,187.8109
2024-04-12 08:45:00,1712929500000,187.9934,188.2701,187.53,188.16,2115644.0,187.9664
2024-04-12 09:00:00,1712930400000,188.16,188.22,187.33,187.495,1876730.0,187.7064
2024-04-12 09:15:00,1712931300000,187.49,187.945,186.88,187.1,1681438.0,187.3772
2024-04-12 09:30:00,1712932200000,187.11,187.2,186.34,186.73,1683928.0,186.7768
2024-04-12 09:45:00,1712933100000,186.73,186.7751,186.23,186.39,1022482.0,186.4986
2024-04-12 10:00:00,1712934000000,186.4,186.79,186.31,186.7128,833069.0,186.5821
2024-04-12 10:15:00,1712934900000,186.72,187.47,186.67,187.47,979860.0,187.1162
2024-04-12 10:30:00,1712935800000,187.465,187.59,187.2,187.4,879320.0,187.3651
2024-04-12 10:45:00,1712936700000,187.405,187.76,187.28,187.3,731852.0,187.5378
2024-04-12 11:00:00,1712937600000,187.3,187.44,186.31,186.31,1309669.0,187.0301
2024-04-12 11:15:00,1712938500000,186.31,186.3908,185.83,185.99,1063019.0,186.1161
2024-04-12 11:30:00,1712939400000,186.0,186.165,185.36,185.51,1145306.0,185.6865
2024-04-12 11:45:00,1712940300000,185.51,185.91,185.47,185.71,943225.0,185.7161
2024-04-12 12:00:00,1712941200000,185.72,185.79,185.445,185.61,624699.0,185.6316
2024-04-12 12:15:00,1712942100000,185.6,185.84,185.295,185.4,804478.0,185.5461
2024-04-12 12:30:00,1712943000000,185.42,185.7,185.15,185.645,682855.0,185.374
2024-04-12 12:45:00,1712943900000,185.64,185.94,185.59,185.705,637225.0,185.7448
2024-04-12 13:00:00,1712944800000,185.705,185.97,185.51,185.6508,906117.0,185.7706
2024-04-12 13:15:00,1712945700000,185.63,185.88,185.49,185.68,556523.0,185.6939
2024-04-12 13:30:00,1712946600000,185.68,185.8,185.47,185.6703,982299.0,185.6555
2024-04-12 13:45:00,1712947500000,185.7,185.72,185.35,185.37,676301.0,185.5817
2024-04-12 14:00:00,1712948400000,185.37,185.53,185.16,185.1799,956833.0,185.3293
2024-04-12 14:15:00,1712949300000,185.17,185.46,185.08,185.315,1026527.0,185.2699
2024-04-12 14:30:00,1712950200000,185.32,185.73,185.27,185.7,945258.0,185.4685
2024-04-12 14:45:00,1712951100000,185.7,186.2,185.65,186.16,2886620.0,185.9516
2024-04-12 15:00:00,1712952000000,186.13,186.55,186.02,186.15,408582.0,186.1346
2024-04-12 15:15:00,1712952900000,186.15,186.1929,186.1289,186.15,18413.0,186.1472
2024-04-12 15:30:00,1712953800000,186.15,186.25,186.13,186.24,86867.0,186.1421
2024-04-12 15:45:00,1712954700000,186.24,186.27,186.0359,186.12,93067.0,186.1467
2024-04-12 16:00:00,1712955600000,186.1101,186.2958,186.11,186.1817,14180.0,186.1432
2024-04-12 16:15:00,1712956500000,186.2,186.2,186.06,186.107,5315.0,186.1103
2024-04-12 16:30:00,1712957400000,186.13,186.13,186.0603,186.0603,7471.0,186.0735
2024-04-12 16:45:00,1712958300000,186.05,186.05,185.93,185.93,5842.0,185.9952
2024-04-12 17:00:00,1712959200000,186.0,186.0,185.82,185.82,6381.0,185.9205
2024-04-12 17:15:00,1712960100000,185.83,185.9,185.82,185.82,1807.0,185.843
2024-04-12 17:30:00,1712961000000,185.82,185.94,185.818,185.85,3414.0,185.854
2024-04-12 17:45:00,1712961900000,185.86,185.86,185.8,185.8,2974.0,185.8307
2024-04-12 18:00:00,1712962800000,185.84,185.84,185.61,185.61,3836.0,185.7438
2024-04-12 18:15:00,1712963700000,185.61,185.65,185.51,185.56,4436.0,185.5724
2024-04-12 18:30:00,1712964600000,185.5,185.5,185.0,185.2,18623.0,185.192
2024-04-12 18:45:00,1712965500000,185.18,185.4999,185.06,185.42,12509.0,185.1968
2024-04-15 03:00:00,1713168000000,186.93,187.51,186.43,187.33,20292.0,187.2663
2024-04-15 03:15:00,1713168900000,187.27,187.41,187.2,187.21,11116.0,187.2709
2024-04-15 03:30:00,1713169800000,187.4,187.4,187.31,187.31,1816.0,187.3455
2024-04-15 03:45:00,1713170700000,187.31,187.34,187.3,187.34,3035.0,187.3276
2024-04-15 04:00:00,1713171600000,187.36,187.5,187.34,187.44,8546.0,187.4463
2024-04-15 04:15:00,1713172500000,187.48,187.49,187.34,187.34,1345.0,187.3786
2024-04-15 04:30:00,1713173400000,187.33,187.33,187.11,187.16,8073.0,187.1978
2024-04-15 04:45:00,1713174300000,187.2,187.2,187.0,187.06,2530.0,187.1204
2024-04-15 05:00:00,1713175200000,187.0,187.14,187.0,187.11,6793.0,187.0759
2024-04-15 05:15:00,1713176100000,187.08,187.11,187.05,187.11,2548.0,187.0922
2024-04-15 05:30:00,1713177000000,187.14,187.25,187.14,187.25,3551.0,187.1985
2024-04-15 05:45:00,1713177900000,187.25,187.4,187.25,187.4,3702.0,187.367
2024-04-15 06:00:00,1713178800000,187.25,187.3,187.01,187.26,28993.0,187.2048
2024-04-15 06:15:00,1713179700000,187.3,187.5,187.25,187.46,13246.0,187.3899
2024-04-15 06:30:00,1713180600000,187.42,187.7,187.42,187.7,10641.0,187.5164
2024-04-15 06:45:00,1713181500000,187.69,187.79,187.49,187.59,21250.0,187.679
2024-04-15 07:00:00,1713182400000,187.25,187.7999,186.28,187.42,126357.0,187.1561
2024-04-15 07:15:00,1713183300000,187.4032,187.85,187.4032,187.73,39824.0,187.7093
2024-04-15 07:30:00,1713184200000,187.6,187.99,187.4,187.71,127054.0,187.6972
2024-04-15 07:45:00,1713185100000,187.7953,187.83,187.6,187.8,50852.0,187.736
2024-04-15 08:00:00,1713186000000,187.82,188.1972,187.82,188.11,77656.0,187.9974
2024-04-15 08:15:00,1713186900000,188.11,188.25,187.3,187.39,228795.0,187.6891
2024-04-15 08:30:00,1713187800000,187.425,187.64,186.18,187.305,4225538.0,186.9844
2024-04-15 08:45:00,1713188700000,187.3,188.69,187.245,187.97,2810922.0,188.118
2024-04-15 09:00:00,1713189600000,187.96,188.36,187.23,187.35,2069572.0,187.809
2024-04-15 09:15:00,1713190500000,187.35,187.7,186.98,187.3399,2120975.0,187.297
2024-04-15 09:30:00,1713191400000,187.35,187.81,187.26,187.57,1504754.0,187.5161
2024-04-15 09:45:00,1713192300000,187.57,187.65,186.8,186.8023,1218800.0,187.2654
2024-04-15 10:00:00,1713193200000,186.805,186.91,186.54,186.69,1047618.0,186.7
2024-04-15 10:15:00,1713194100000,186.695,186.9999,186.55,186.98,785291.0,186.7487
2024-04-15 10:30:00,1713195000000,186.985,187.1,186.28,186.51,977503.0,186.7358
2024-04-15 10:45:00,1713195900000,186.54,187.085,186.52,186.995,787217.0,186.8416
2024-04-15 11:00:00,1713196800000,187.01,187.02,186.68,186.875,570016.0,186.8702
2024-04-15 11:15:00,1713197700000,186.88,186.89,186.18,186.245,906762.0,186.4167
2024-04-15 11:30:00,1713198600000,186.25,186.25,185.6,185.745,1234233.0,185.9109
2024-04-15 11:45:00,1713199500000,185.73,185.97,185.59,185.785,825819.0,185.7377
2024-04-15 12:00:00,1713200400000,185.785,186.155,185.72,185.74,2196744.0,186.6514
2024-04-15 12:15:00,1713201300000,185.74,185.7501,184.09,184.19,1445240.0,184.9892
2024-04-15 12:30:00,1713202200000,184.2,184.3,183.44,183.52,1864538.0,183.8674
2024-04-15 12:45:00,1713203100000,183.51,183.76,183.07,183.72,1390533.0,183.4264
2024-04-15 13:00:00,1713204000000,183.69,183.895,183.39,183.6,938031.0,183.6294
2024-04-15 13:15:00,1713204900000,183.6,183.96,183.42,183.8599,1331401.0,183.7048
2024-04-15 13:30:00,1713205800000,183.85,184.37,183.71,184.06,1354719.0,184.1043
2024-04-15 13:45:00,1713206700000,184.06,184.175,183.77,183.88,952794.0,183.9185
2024-04-15 14:00:00,1713207600000,183.86,184.11,183.72,183.85,1091083.0,183.8772
2024-04-15 14:15:00,1713208500000,183.86,184.17,183.56,183.82,1149010.0,183.8983
2024-04-15 14:30:00,1713209400000,183.82,184.15,183.53,183.63,1353969.0,183.8404
2024-04-15 14:45:00,1713210300000,183.635,184.04,183.56,183.62,3415254.0,183.7461
2024-04-15 15:00:00,1713211200000,183.62,184.0,183.0,183.23,736101.0,183.5901
2024-04-15 15:15:00,1713212100000,183.23,183.62,183.0,183.49,69018.0,183.5056
2024-04-15 15:30:00,1713213000000,183.46,183.46,183.14,183.29,19868.0,183.2806
2024-04-15 15:45:00,1713213900000,183.21,183.59,183.1,183.59,72393.0,183.4849
2024-04-15 16:00:00,1713214800000,183.55,183.56,183.45,183.46,12189.0,183.392
2024-04-15 16:15:00,1713215700000,183.49,183.56,183.4,183.48,5522.0,182.6761
2024-04-15 16:30:00,1713216600000,183.36,183.45,183.36,183.3834,2747.0,183.4006
2024-04-15 16:45:00,1713217500000,183.41,183.45,183.31,183.31,6097.0,183.3888
2024-04-15 17:00:00,1713218400000,183.4,183.94,183.32,183.72,19811.0,183.688
2024-04-15 17:15:00,1713219300000,183.8,183.8,183.6014,183.79,6216.0,183.6997
2024-04-15 17:30:00,1713220200000,183.72,183.78,183.6528,183.6528,6892.0,183.7174
2024-04-15 17:45:00,1713221100000,183.65,183.66,183.3213,183.41,19129.0,183.5161
2024-04-15 18:00:00,1713222000000,183.41,183.41,183.3,183.37,4317.0,183.3252
2024-04-15 18:15:00,1713222900000,183.36,183.36,183.01,183.21,12813.0,183.1592
2024-04-15 18:30:00,1713223800000,183.25,183.36,183.25,183.2996,4656.0,183.2962
2024-04-15 18:45:00,1713224700000,183.27,183.5484,183.27,183.52,10437.0,183.4527
2024-04-16 03:00:00,1713254400000,183.62,183.62,183.06,183.25,4228.0,183.2691
2024-04-16 03:15:00,1713255300000,183.27,183.3,183.23,183.3,2145.0,183.2461
2024-04-16 03:30:00,1713256200000,183.07,183.07,183.07,183.07,532.0,183.1022
2024-04-16 03:45:00,1713257100000,183.06,183.06,182.93,183.0,2761.0,183.0175
2024-04-16 04:00:00,1713258000000,183.12,183.12,183.02,183.02,2418.0,183.0312
2024-04-16 04:15:00,1713258900000,183.05,183.05,182.73,183.0,4311.0,182.9335
2024-04-16 04:30:00,1713259800000,182.91,182.94,182.91,182.94,212.0,182.9275
2024-04-16 04:45:00,1713260700000,182.9,182.98,182.61,182.98,4826.0,182.7303
2024-04-16 05:00:00,1713261600000,182.8,182.96,182.65,182.65,3843.0,182.7784
2024-04-16 05:15:00,1713262500000,182.67,182.75,182.28,182.28,10303.0,182.514
2024-04-16 05:30:00,1713263400000,182.36,182.95,182.36,182.95,11824.0,182.5932
2024-04-16 05:45:00,1713264300000,182.9,183.0,182.8,182.84,2838.0,182.8786
2024-04-16 06:00:00,1713265200000,182.88,183.52,182.79,183.52,25574.0,183.3118
2024-04-16 06:15:00,1713266100000,183.62,183.87,183.35,183.6,22606.0,183.5873
2024-04-16 06:30:00,1713267000000,183.6,184.02,183.6,183.78,15197.0,183.8612
2024-04-16 06:45:00,1713267900000,183.76,184.2,183.76,184.15,19631.0,184.0777
2024-04-16 07:00:00,1713268800000,183.44,184.29,182.5,184.0,97133.0,183.6642
2024-04-16 07:15:00,1713269700000,184.1,184.11,183.77,184.0,26067.0,183.9257
2024-04-16 07:30:00,1713270600000,184.19,184.2,183.9,183.95,49383.0,184.0424
2024-04-16 07:45:00,1713271500000,184.1179,184.1179,183.85,183.85,27781.0,183.9689
2024-04-16 08:00:00,1713272400000,183.9,183.9,183.67,183.78,26739.0,183.8115
2024-04-16 08:15:00,1713273300000,183.81,183.81,183.0,183.33,45150.0,183.2866
2024-04-16 08:30:00,1713274200000,183.27,183.58,182.26,182.94,3105862.0,183.0047
2024-04-16 08:45:00,1713275100000,182.92,184.26,182.51,183.885,2073845.0,183.453
2024-04-16 09:00:00,1713276000000,183.88,184.28,183.5231,184.2301,1455566.0,183.9636
2024-04-16 09:15:00,1713276900000,184.23,184.7,183.77,183.79,1685971.0,184.3398
2024-04-16 09:30:00,1713277800000,183.77,183.97,183.105,183.41,1196406.0,183.4918
2024-04-16 09:45:00,1713278700000,183.4,184.3,183.365,183.92,1077230.0,183.8556
2024-04-16 10:00:00,1713279600000,183.92,184.54,183.9,184.4099,964224.0,184.251
2024-04-16 10:15:00,1713280500000,184.4,184.655,184.15,184.19,790174.0,184.3909
2024-04-16 10:30:00,1713281400000,184.19,184.3,183.8,184.14,587785.0,184.0443
2024-04-16 10:45:00,1713282300000,184.135,184.6,183.96,183.995,1153813.0,184.247
2024-04-16 11:00:00,1713283200000,183.99,184.285,183.61,184.1849,725044.0,183.9487
2024-04-16 11:15:00,1713284100000,184.15,184.25,183.84,183.89,479039.0,184.0455
2024-04-16 11:30:00,1713285000000,183.87,184.08,183.62,183.66,519269.0,183.8168
2024-04-16 11:45:00,1713285900000,183.67,184.1542,183.65,183.8463,577050.0,183.8664
2024-04-16 12:00:00,1713286800000,183.85,183.99,183.465,183.9184,601941.0,183.7255
2024-04-16 12:15:00,1713287700000,183.91,184.14,183.72,183.78,499950.0,183.9727
2024-04-16 12:30:00,1713288600000,183.8,184.1,182.84,183.6613,1200617.0,183.5189
2024-04-16 12:45:00,1713289500000,183.67,183.83,182.91,183.75,944052.0,183.4642
2024-04-16 13:00:00,1713290400000,183.7344,184.83,183.43,184.145,1364017.0,184.1936
2024-04-16 13:15:00,1713291300000,184.1699,184.24,183.06,183.24,906980.0,183.608
2024-04-16 13:30:00,1713292200000,183.23,183.93,183.1924,183.81,764660.0,183.6211
2024-04-16 13:45:00,1713293100000,183.8209,184.23,183.64,184.13,608687.0,183.9375
2024-04-16 14:00:00,1713294000000,184.12,184.27,183.885,183.925,840819.0,184.0447
2024-04-16 14:15:00,1713294900000,183.925,184.13,183.64,184.055,624260.0,183.9746
2024-04-16 14:30:00,1713295800000,184.05,184.05,183.47,183.69,938898.0,183.7427
2024-04-16 14:45:00,1713296700000,183.695,183.96,183.17,183.27,2213151.0,183.5403
2024-04-16 15:00:00,1713297600000,183.32,183.5,183.12,183.25,544178.0,183.3186
2024-04-16 15:15:00,1713298500000,183.25,183.32,183.25,183.2807,15650.0,183.3068
2024-04-16 15:30:00,1713299400000,183.32,183.5,183.32,183.4209,16532.0,183.3856
2024-04-16 15:45:00,1713300300000,183.41,183.43,183.32,183.36,11169.0,183.2237
2024-04-16 16:00:00,1713301200000,183.4062,183.49,183.37,183.42,5359.0,183.424
2024-04-16 16:15:00,1713302100000,183.44,183.55,183.32,183.32,7502.0,183.5158
2024-04-16 16:30:00,1713303000000,183.49,183.5,183.4,183.4892,3997.0,183.4875
2024-04-16 16:45:00,1713303900000,183.4495,183.45,183.44,183.45,2950.0,183.448
2024-04-16 17:00:00,1713304800000,183.49,183.6474,183.49,183.55,7816.0,183.5602
2024-04-16 17:15:00,1713305700000,183.4994,183.6152,183.4993,183.6152,4578.0,183.5067
2024-04-16 17:30:00,1713306600000,183.5004,183.5911,183.5,183.5911,2081.0,183.5377
2024-04-16 17:45:00,1713307500000,183.62,183.62,183.59,183.6,8873.0,183.5928
2024-04-16 18:00:00,1713308400000,183.64,183.68,183.6,183.6019,4668.0,183.6205
2024-04-16 18:15:00,1713309300000,183.63,183.84,183.61,183.84,2877.0,183.6844
2024-04-16 18:30:00,1713310200000,183.87,183.91,183.75,183.91,9866.0,183.8684
2024-04-16 18:45:00,1713311100000,183.9,183.9,183.75,183.75,10719.0,183.8182
2024-04-17 03:00:00,1713340800000,183.55,183.89,183.53,183.89,2574.0,183.6194
2024-04-17 03:15:00,1713341700000,184.05,184.12,183.92,184.12,1581.0,184.0467
2024-04-17 03:30:00,1713342600000,184.1,184.39,184.1,184.39,3644.0,184.282
2024-04-17 04:00:00,1713344400000,184.3,184.43,184.29,184.42,3017.0,184.3923
2024-04-17 04:15:00,1713345300000,184.35,184.48,184.25,184.29,5155.0,184.363
2024-04-17 04:30:00,1713346200000,184.31,184.31,184.31,184.31,302.0,184.3099
2024-04-17 04:45:00,1713347100000,184.34,184.55,184.34,184.55,3847.0,184.4561
2024-04-17 05:15:00,1713348900000,184.5,184.5,184.25,184.25,3103.0,184.409
2024-04-17 05:30:00,1713349800000,184.36,184.36,184.26,184.26,1783.0,184.2894
2024-04-17 05:45:00,1713350700000,184.46,184.5,184.4,184.4,8085.0,184.4326
2024-04-17 06:00:00,1713351600000,184.31,184.32,184.0,184.2,13052.0,184.158
2024-04-17 06:15:00,1713352500000,184.19,184.23,184.05,184.2,9075.0,184.1465
2024-04-17 06:30:00,1713353400000,184.25,184.42,184.25,184.3,11457.0,184.2925
2024-04-17 06:45:00,1713354300000,184.32,184.44,184.13,184.13,8850.0,184.3064
2024-04-17 07:00:00,1713355200000,184.0202,184.45,182.99,184.31,69964.0,184.1585
2024-04-17 07:15:00,1713356100000,184.3999,184.57,184.15,184.33,30457.0,184.4597
2024-04-17 07:30:00,1713357000000,184.3899,184.48,184.25,184.3,21581.0,184.3841
2024-04-17 07:45:00,1713357900000,184.25,184.4699,184.25,184.4556,21081.0,184.3944
2024-04-17 08:00:00,1713358800000,184.45,184.5,184.31,184.5,23713.0,184.4007
2024-04-17 08:15:00,1713359700000,184.5,184.86,184.1,184.34,83756.0,184.499
2024-04-17 08:30:00,1713360600000,184.31,184.57,183.51,184.35,2158120.0,184.1596
2024-04-17 08:45:00,1713361500000,184.34,184.56,183.49,183.675,1365651.0,183.9735
2024-04-17 09:00:00,1713362400000,183.69,183.86,183.33,183.54,1074221.0,183.5894
2024-04-17 09:15:00,1713363300000,183.54,183.84,183.12,183.82,874089.0,183.4934
2024-04-17 09:30:00,1713364200000,183.8199,184.13,183.5166,183.69,1196398.0,183.8675
2024-04-17 09:45:00,1713365100000,183.7,184.017,183.05,183.19,993709.0,183.4404
2024-04-17 10:00:00,1713366000000,183.18,183.58,183.01,183.08,892460.0,183.3591
2024-04-17 10:15:00,1713366900000,183.088,183.31,182.42,182.42,942573.0,182.8227
2024-04-17 10:30:00,1713367800000,182.43,182.51,181.7,181.88,1330049.0,181.9713
2024-04-17 10:45:00,1713368700000,181.885,182.01,181.55,181.93,1111952.0,181.7777
2024-04-17 11:00:00,1713369600000,181.91,181.96,180.95,181.54,1093447.0,181.393
2024-04-17 11:15:00,1713370500000,181.55,181.675,181.03,181.18,689028.0,181.35
2024-04-17 11:30:00,1713371400000,181.155,181.4,180.48,180.5,993622.0,180.9862
2024-04-17 11:45:00,1713372300000,180.5,180.695,179.82,180.42,1940816.0,180.2437
2024-04-17 12:00:00,1713373200000,180.43,181.1,180.37,180.9699,863621.0,180.785
2024-04-17 12:15:00,1713374100000,180.98,181.35,180.98,181.33,638476.0,181.1561
2024-04-17 12:30:00,1713375000000,181.34,181.58,181.2,181.38,654821.0,181.3763
2024-04-17 12:45:00,1713375900000,181.375,181.8,181.095,181.71,642958.0,181.4842
2024-04-17 13:00:00,1713376800000,181.71,181.83,181.51,181.54,541650.0,181.6714
2024-04-17 13:15:00,1713377700000,181.55,181.67,181.21,181.44,636321.0,181.4078
2024-04-17 13:30:00,1713378600000,181.45,182.23,181.15,182.2192,696481.0,181.6557
2024-04-17 13:45:00,1713379500000,182.2,182.2326,181.21,181.44,768115.0,181.735
2024-04-17 14:00:00,1713380400000,181.43,181.43,181.04,181.1,634329.0,181.2016
2024-04-17 14:15:00,1713381300000,181.08,181.5,181.07,181.12,724058.0,181.2594
2024-04-17 14:30:00,1713382200000,181.11,181.38,180.905,181.0615,892086.0,181.1498
2024-04-17 14:45:00,1713383100000,181.06,181.535,180.89,181.23,2178373.0,181.3106
2024-04-17 15:00:00,1713384000000,181.28,181.39,181.16,181.18,808658.0,181.2801
2024-04-17 15:15:00,1713384900000,181.21,181.28,181.15,181.25,13154.0,181.2042
2024-04-17 15:30:00,1713385800000,181.2,181.28,181.19,181.21,8725.0,181.2237
2024-04-17 15:45:00,1713386700000,181.2,181.2383,181.0,181.2,35454.0,181.1435
2024-04-17 16:00:00,1713387600000,181.18,181.3,181.18,181.3,66912.0,181.2756
2024-04-17 16:15:00,1713388500000,181.25,181.36,181.25,181.3,3484.0,181.3038
2024-04-17 16:30:00,1713389400000,181.3,181.37,181.3,181.32,1925.0,181.3345
2024-04-17 16:45:00,1713390300000,181.33,181.37,181.25,181.25,3560.0,181.3086
2024-04-17 17:00:00,1713391200000,181.28,181.29,181.15,181.15,18100.0,181.2395
2024-04-17 17:15:00,1713392100000,181.14,181.15,181.1,181.13,6702.0,181.1369
2024-04-17 17:30:00,1713393000000,181.16,181.1975,181.1,181.15,4135.0,181.1363
2024-04-17 17:45:00,1713393900000,181.13,181.15,181.0501,181.0501,3924.0,181.1023
2024-04-17 18:00:00,1713394800000,181.11,181.15,181.08,181.15,7051.0,181.1254
2024-04-17 18:15:00,1713395700000,181.08,181.15,181.06,181.15,7567.0,181.1317
2024-04-17 18:30:00,1713396600000,181.15,181.19,181.1,181.15,11951.0,181.1444
2024-04-17 18:45:00,1713397500000,181.14,181.14,181.05,181.13,7518.0,181.0965
2024-04-18 03:00:00,1713427200000,181.31,182.1,181.31,182.0,8374.0,182.0383
2024-04-18 03:15:00,1713428100000,181.9,181.9,181.83,181.83,1459.0,181.8804
2024-04-18 03:30:00,1713429000000,181.89,181.99,181.89,181.99,863.0,181.9066
2024-04-18 03:45:00,1713429900000,181.82,181.9,181.82,181.9,715.0,181.8842
2024-04-18 04:00:00,1713430800000,181.9,181.97,181.9,181.97,2078.0,181.9352
2024-04-18 04:15:00,1713431700000,181.93,181.93,181.7,181.73,3218.0,181.7377
2024-04-18 04:30:00,1713432600000,181.68,181.75,181.68,181.75,890.0,181.6885
2024-04-18 04:45:00,1713433500000,181.88,181.88,181.87,181.87,1667.0,181.8781
2024-04-18 05:00:00,1713434400000,181.94,181.94,181.94,181.94,404.0,181.8855
2024-04-18 05:15:00,1713435300000,181.8,181.95,181.8,181.9,2438.0,181.8544
2024-04-18 05:30:00,1713436200000,181.95,181.96,181.89,181.93,1914.0,181.94
2024-04-18 05:45:00,1713437100000,181.89,181.89,181.84,181.88,2593.0,181.8584
2024-04-18 06:00:00,1713438000000,181.86,181.86,181.58,181.58,10298.0,181.751
2024-04-18 06:15:00,1713438900000,181.67,181.75,181.67,181.74,1437.0,181.7172
2024-04-18 06:30:00,1713439800000,181.79,181.85,181.75,181.8,12985.0,181.7678
2024-04-18 06:45:00,1713440700000,181.82,181.86,181.75,181.75,3822.0,181.7945
2024-04-18 07:00:00,1713441600000,181.75,182.2,181.37,181.51,53288.0,181.7733
2024-04-18 07:15:00,1713442500000,181.5,181.82,181.5,181.54,18288.0,181.6103
2024-04-18 07:30:00,1713443400000,181.69,181.9,181.6,181.8,19306.0,181.7961
2024-04-18 07:45:00,1713444300000,181.6601,181.87,181.5,181.8,22232.0,181.7625
2024-04-18 08:00:00,1713445200000,181.8,182.0,181.69,181.82,27200.0,181.8798
2024-04-18 08:15:00,1713446100000,181.83,181.95,181.2,181.41,55444.0,181.5438
2024-04-18 08:30:00,1713447000000,181.47,181.6,179.87,180.85,2571040.0,180.6307
2024-04-18 08:45:00,1713447900000,180.8562,181.35,180.35,180.41,1235741.0,180.8707
2024-04-18 09:00:00,1713448800000,180.41,181.22,180.16,181.18,1352067.0,180.709
2024-04-18 09:15:00,1713449700000,181.18,181.415,180.94,181.2,1109700.0,181.1908
2024-04-18 09:30:00,1713450600000,181.19,181.91,181.145,181.8999,906443.0,181.5396
2024-04-18 09:45:00,1713451500000,181.9,182.355,181.7,182.18,1226231.0,182.0188
2024-04-18 10:00:00,1713452400000,182.2,182.38,181.955,182.2,824062.0,182.1616
2024-04-18 10:15:00,1713453300000,182.185,182.39,182.0,182.07,633965.0,182.241
2024-04-18 10:30:00,1713454200000,182.075,182.33,181.97,182.225,633115.0,182.1516
2024-04-18 10:45:00,1713455100000,182.21,182.28,181.785,181.84,599616.0,181.9896
2024-04-18 11:00:00,1713456000000,181.84,181.92,181.36,181.47,926149.0,181.6575
2024-04-18 11:15:00,1713456900000,181.46,181.8799,181.43,181.87,512991.0,181.6576
2024-04-18 11:30:00,1713457800000,181.87,181.96,181.3164,181.43,597384.0,181.6916
2024-04-18 11:45:00,1713458700000,181.43,181.45,180.765,180.85,587046.0,181.0427
2024-04-18 12:00:00,1713459600000,180.85,180.87,179.885,179.98,1063290.0,180.3063
2024-04-18 12:15:00,1713460500000,179.98,180.01,179.18,179.76,1566523.0,179.5537
2024-04-18 12:30:00,1713461400000,179.76,179.83,178.89,179.26,1210522.0,179.2618
2024-04-18 12:45:00,1713462300000,179.266,179.42,178.93,179.17,674894.0,179.1473
2024-04-18 13:00:00,1713463200000,179.15,179.185,178.65,178.98,687780.0,178.9598
2024-04-18 13:15:00,1713464100000,178.98,179.81,178.97,179.41,943975.0,179.481
2024-04-18 13:30:00,1713465000000,179.42,179.44,178.8,179.1343,603242.0,179.0344
2024-04-18 13:45:00,1713465900000,179.12,179.218,178.8368,178.8799,572568.0,179.0081
2024-04-18 14:00:00,1713466800000,178.865,179.6,178.8632,179.405,859571.0,179.315
2024-04-18 14:15:00,1713467700000,179.405,179.58,179.25,179.3913,720731.0,179.3973
2024-04-18 14:30:00,1713468600000,179.3858,179.67,179.35,179.62,750454.0,179.4897
2024-04-18 14:45:00,1713469500000,179.62,179.79,179.01,179.19,1899993.0,179.3151
2024-04-18 15:00:00,1713470400000,179.22,180.0251,178.12,178.71,935138.0,179.1831
2024-04-18 15:15:00,1713471300000,178.8,179.22,178.7,178.7002,129428.0,179.1039
2024-04-18 15:30:00,1713472200000,178.75,178.8,178.55,178.57,21937.0,178.7003
2024-04-18 15:45:00,1713473100000,178.57,178.75,178.55,178.7332,326833.0,179.186
2024-04-18 16:00:00,1713474000000,178.68,178.77,178.63,178.71,10451.0,178.7046
2024-04-18 16:15:00,1713474900000,178.71,178.84,178.7,178.75,13496.0,178.7631
2024-04-18 16:30:00,1713475800000,178.6911,178.8394,178.6911,178.76,4146.0,178.7995
2024-04-18 16:45:00,1713476700000,178.7422,178.85,178.73,178.73,8814.0,178.7877
2024-04-18 17:00:00,1713477600000,178.97,179.2,178.97,179.0862,17699.0,179.0658
2024-04-18 17:15:00,1713478500000,179.06,179.1,179.04,179.1,4125.0,179.0806
2024-04-18 17:30:00,1713479400000,179.031,179.22,179.03,179.05,3972.0,179.072
2024-04-18 17:45:00,1713480300000,179.05,179.12,179.0,179.0,9057.0,179.0555
2024-04-18 18:00:00,1713481200000,178.82,178.94,178.81,178.83,8384.0,178.8344
2024-04-18 18:15:00,1713482100000,178.8814,178.8814,178.65,178.7,6731.0,178.7652
2024-04-18 18:30:00,1713483000000,178.69,178.75,178.6193,178.6193,9237.0,178.6793
2024-04-18 18:45:00,1713483900000,178.59,178.72,178.36,178.43,14718.0,178.5291
2024-04-19 03:00:00,1713513600000,177.0,177.37,175.91,177.37,29765.0,177.0743
2024-04-19 03:15:00,1713514500000,177.39,177.9,177.39,177.9,22221.0,177.603
2024-04-19 03:30:00,1713515400000,177.89,177.89,177.4,177.42,13490.0,177.5167
2024-04-19 03:45:00,1713516300000,177.4,177.57,177.4,177.5,3195.0,177.4602
2024-04-19 04:00:00,1713517200000,177.46,177.57,177.46,177.52,3421.0,177.5234
2024-04-19 04:15:00,1713518100000,177.62,177.89,177.62,177.89,5345.0,177.7363
2024-04-19 04:30:00,1713519000000,177.99,178.1,177.85,177.85,5687.0,178.0083
2024-04-19 04:45:00,1713519900000,177.8,178.22,177.79,178.22,7023.0,177.9303
2024-04-19 05:00:00,1713520800000,178.05,178.25,178.0,178.0,6743.0,178.1467
2024-04-19 05:15:00,1713521700000,177.89,177.89,177.34,177.36,15677.0,177.4326
2024-04-19 05:30:00,1713522600000,177.37,177.38,177.1,177.15,5772.0,177.2535
2024-04-19 05:45:00,1713523500000,177.13,177.76,177.13,177.67,5988.0,177.4106
2024-04-19 06:00:00,1713524400000,177.55,177.86,177.4,177.53,24730.0,177.5503
2024-04-19 06:15:00,1713525300000,177.54,178.37,177.53,178.26,26304.0,178.0841
2024-04-19 06:30:00,1713526200000,178.23,178.66,178.2,178.56,22603.0,178.4033
2024-04-19 06:45:00,1713527100000,178.55,178.55,177.98,178.33,20277.0,178.2231
2024-04-19 07:00:00,1713528000000,177.89,178.7,175.5,178.45,79673.0,178.0202
2024-04-19 07:15:00,1713528900000,178.4785,179.2094,178.44,179.0,49263.0,178.9214
2024-04-19 07:30:00,1713529800000,179.0,179.21,178.7472,178.7472,56902.0,179.0915
2024-04-19 07:45:00,1713530700000,178.8,179.0,178.74,179.0,31516.0,178.9164
2024-04-19 08:00:00,1713531600000,178.91,179.0,178.538,178.538,30892.0,178.7593
2024-04-19 08:15:00,1713532500000,178.7,179.0,177.8,178.98,131720.0,178.4938
2024-04-19 08:30:00,1713533400000,178.74,179.0,176.31,178.265,6174427.0,177.9565
2024-04-19 08:45:00,1713534300000,178.27,178.84,177.69,177.785,2873852.0,177.7597
2024-04-19 09:00:00,1713535200000,177.8,178.04,176.87,177.03,1454264.0,177.5039
2024-04-19 09:15:00,1713536100000,177.04,177.1697,175.45,175.82,2520457.0,176.3548
2024-04-19 09:30:00,1713537000000,175.79,176.61,175.705,176.5028,1537147.0,176.2489
2024-04-19 09:45:00,1713537900000,176.48,177.14,176.28,176.3099,1077781.0,176.6747
2024-04-19 10:00:00,1713538800000,176.29,176.43,175.65,176.15,1277712.0,176.0518
2024-04-19 10:15:00,1713539700000,176.17,176.49,176.04,176.4879,831865.0,176.2429
2024-04-19 10:30:00,1713540600000,176.46,176.58,175.82,176.18,1235920.0,176.2528
2024-04-19 10:45:00,1713541500000,176.155,176.25,175.745,175.78,1111906.0,176.0468
2024-04-19 11:00:00,1713542400000,175.77,175.935,174.44,174.5,3045895.0,175.2194
2024-04-19 11:15:00,1713543300000,174.49,174.94,174.32,174.33,1672524.0,174.8264
2024-04-19 11:30:00,1713544200000,174.325,174.67,173.92,174.67,1735335.0,174.3449
2024-04-19 11:45:00,1713545100000,174.65,174.9,174.35,174.77,887537.0,174.6256
2024-04-19 12:00:00,1713546000000,174.7642,174.99,174.59,174.75,910044.0,174.813
2024-04-19 12:15:00,1713546900000,174.74,174.98,174.6,174.6997,831469.0,174.7765
2024-04-19 12:30:00,1713547800000,174.69,175.18,174.68,174.87,1004652.0,174.8906
2024-04-19 12:45:00,1713548700000,174.88,175.9282,174.8715,175.4828,1125520.0,175.4858
2024-04-19 13:00:00,1713549600000,175.475,175.54,174.76,174.87,2880251.0,174.9746
2024-04-19 13:15:00,1713550500000,174.86,175.11,174.47,174.53,816901.0,174.8528
2024-04-19 13:30:00,1713551400000,174.51,174.8,173.81,174.0,1172667.0,174.253
2024-04-19 13:45:00,1713552300000,173.99,174.17,173.685,173.97,1316500.0,173.9236
2024-04-19 14:00:00,1713553200000,173.97,174.53,173.72,174.36,1333213.0,174.0762
2024-04-19 14:15:00,1713554100000,174.34,174.555,174.06,174.26,1375044.0,174.2907
2024-04-19 14:30:00,1713555000000,174.26,174.4,173.46,173.6,2145865.0,173.9453
2024-04-19 14:45:00,1713555900000,173.61,174.75,173.44,174.58,3912755.0,174.2462
2024-04-19 15:00:00,1713556800000,174.63,174.68,174.42,174.6,643601.0,174.6256
2024-04-19 15:15:00,1713557700000,174.6099,174.79,174.6099,174.73,659450.0,174.6313
2024-04-19 15:30:00,1713558600000,174.72,174.74,174.48,174.48,101784.0,174.6277
2024-04-19 15:45:00,1713559500000,174.53,174.66,174.42,174.56,1677603.0,174.6293
2024-04-19 16:00:00,1713560400000,174.6,174.6,174.41,174.41,11962.0,174.4339
2024-04-19 16:15:00,1713561300000,174.28,174.34,174.18,174.22,9501.0,174.2552
2024-04-19 16:30:00,1713562200000,174.25,174.4261,174.2,174.23,3587.0,174.2604
2024-04-19 16:45:00,1713563100000,174.22,174.33,174.15,174.15,3665.0,174.195
2024-04-19 17:00:00,1713564000000,174.24,174.299,174.15,174.15,6036.0,174.213
2024-04-19 17:15:00,1713564900000,174.1585,174.2399,174.15,174.1999,2494.0,174.1765
2024-04-19 17:30:00,1713565800000,174.2,174.2,174.05,174.05,2796.0,174.117
2024-04-19 17:45:00,1713566700000,174.0158,174.1166,173.76,173.76,9755.0,173.9496
2024-04-19 18:00:00,1713567600000,173.82,174.03,173.77,173.77,7578.0,173.8905
2024-04-19 18:15:00,1713568500000,173.77,174.0,173.62,173.64,8475.0,173.7189
2024-04-19 18:30:00,1713569400000,173.64,173.82,173.64,173.67,4452.0,173.7459
2024-04-19 18:45:00,1713570300000,173.75,173.99,173.75,173.99,7762.0,173.8374
2024-04-22 03:00:00,1713772800000,175.16,175.53,175.16,175.5,12189.0,175.426
2024-04-22 03:15:00,1713773700000,175.52,175.86,175.5,175.85,6582.0,175.6176
2024-04-22 03:30:00,1713774600000,175.72,175.85,175.72,175.73,2730.0,175.7764
2024-04-22 03:45:00,1713775500000,175.8,175.8,175.67,175.77,4570.0,175.7343
2024-04-22 04:00:00,1713776400000,175.83,175.92,175.83,175.92,2389.0,175.8689
2024-04-22 04:15:00,1713777300000,175.97,176.0,175.97,176.0,1612.0,175.9778
2024-04-22 04:30:00,1713778200000,175.98,176.1,175.95,176.0,9523.0,176.0294
2024-04-22 04:45:00,1713779100000,176.02,176.04,175.73,175.73,4443.0,175.9019
2024-04-22 05:00:00,1713780000000,175.75,175.82,175.75,175.82,3242.0,175.8069
2024-04-22 05:15:00,1713780900000,175.9,175.94,175.9,175.94,1989.0,175.9254
2024-04-22 05:30:00,1713781800000,175.95,175.95,175.7,175.7,6433.0,175.784
2024-04-22 05:45:00,1713782700000,175.65,175.75,175.65,175.75,1822.0,175.6991
2024-04-22 06:00:00,1713783600000,175.65,175.75,175.5,175.6,34108.0,175.6509
2024-04-22 06:15:00,1713784500000,175.6,175.98,175.6,175.98,51517.0,175.7537
2024-04-22 06:30:00,1713785400000,175.99,176.25,175.99,176.19,25617.0,176.1561
2024-04-22 06:45:00,1713786300000,176.2,176.44,176.19,176.32,21261.0,176.2971
2024-04-22 07:00:00,1713787200000,175.75,176.88,174.78,176.4399,148981.0,176.1305
2024-04-22 07:15:00,1713788100000,176.44,176.75,176.16,176.25,64240.0,176.4684
2024-04-22 07:30:00,1713789000000,176.44,176.45,176.07,176.4,71153.0,176.2533
2024-04-22 07:45:00,1713789900000,176.38,176.97,176.38,176.65,58987.0,176.7149
2024-04-22 08:00:00,1713790800000,176.75,177.0,176.39,176.41,43951.0,176.7737
2024-04-22 08:15:00,1713791700000,176.56,177.0,176.01,177.0,90629.0,176.588
2024-04-22 08:30:00,1713792600000,176.94,178.87,176.62,177.59,3783980.0,177.8379
2024-04-22 08:45:00,1713793500000,177.58,177.93,176.91,177.06,1531402.0,177.4217
2024-04-22 09:00:00,1713794400000,177.03,177.44,176.2542,176.37,1113625.0,176.8311
2024-04-22 09:15:00,1713795300000,176.38,176.48,174.9197,174.95,2026187.0,175.54
2024-04-22 09:30:00,1713796200000,174.95,175.47,174.94,175.2035,1105045.0,175.2203
2024-04-22 09:45:00,1713797100000,175.205,175.4,174.73,175.0008,1628567.0,175.2064
2024-04-22 10:00:00,1713798000000,174.98,175.08,174.585,174.7,978178.0,174.8182
2024-04-22 10:15:00,1713798900000,174.695,175.25,174.56,175.1676,1100248.0,174.8341
2024-04-22 10:30:00,1713799800000,175.17,175.6,175.0915,175.31,703441.0,175.3678
2024-04-22 10:45:00,1713800700000,175.293,175.5451,175.15,175.2399,689727.0,175.3298
2024-04-22 11:00:00,1713801600000,175.23,175.49,175.14,175.4824,604795.0,175.282
2024-04-22 11:15:00,1713802500000,175.49,175.88,175.36,175.465,626996.0,175.5941
2024-04-22 11:30:00,1713803400000,175.4649,175.5247,175.2503,175.44,468653.0,175.4042
2024-04-22 11:45:00,1713804300000,175.45,175.88,175.435,175.74,613016.0,175.6789
2024-04-22 12:00:00,1713805200000,175.75,176.37,175.64,176.37,656977.0,176.0867
2024-04-22 12:15:00,1713806100000,176.38,176.84,176.2174,176.83,679956.0,176.4878
2024-04-22 12:30:00,1713807000000,176.82,177.11,176.64,176.71,826952.0,176.8763
2024-04-22 12:45:00,1713807900000,176.72,177.52,176.71,177.1807,786179.0,177.1501
2024-04-22 13:00:00,1713808800000,177.2,177.52,177.05,177.44,698725.0,177.269
2024-04-22 13:15:00,1713809700000,177.44,178.06,177.3999,177.97,1020917.0,177.8218
2024-04-22 13:30:00,1713810600000,177.98,178.245,177.6999,177.8,896629.0,178.0271
2024-04-22 13:45:00,1713811500000,177.8,177.84,177.4201,177.77,715998.0,177.6576
2024-04-22 14:00:00,1713812400000,177.76,177.765,177.43,177.585,560475.0,177.5669
2024-04-22 14:15:00,1713813300000,177.58,177.65,177.19,177.505,787034.0,177.4056
2024-04-22 14:30:00,1713814200000,177.51,177.535,176.8,177.09,908403.0,177.1047
2024-04-22 14:45:00,1713815100000,177.09,177.38,176.85,177.22,1909553.0,177.1271
2024-04-22 15:00:00,1713816000000,177.23,177.23,176.83,176.86,1015575.0,177.2178
2024-04-22 15:15:00,1713816900000,176.85,177.23,176.8103,176.9,69551.0,177.161
2024-04-22 15:30:00,1713817800000,176.9,177.23,176.85,176.85,36950.0,177.091
2024-04-22 15:45:00,1713818700000,176.93,177.0,176.8,176.8,2554274.0,177.2258
2024-04-22 16:00:00,1713819600000,176.8,176.99,176.8,176.99,16122.0,176.8334
2024-04-22 16:15:00,1713820500000,176.95,177.15,176.9401,177.0516,7204.0,177.0474
2024-04-22 16:30:00,1713821400000,177.01,177.1,177.0002,177.01,3574.0,177.0463
2024-04-22 16:45:00,1713822300000,177.0,177.03,176.9401,176.9401,6239.0,176.9764
2024-04-22 17:00:00,1713823200000,177.02,177.11,176.85,176.9,9637.0,176.9813
2024-04-22 17:15:00,1713824100000,176.85,176.95,176.69,176.85,6363.0,176.8117
2024-04-22 17:30:00,1713825000000,176.9429,177.23,176.7911,177.23,2117.0,176.8941
2024-04-22 17:45:00,1713825900000,176.81,176.81,176.7978,176.7978,280.0,176.7995
2024-04-22 18:00:00,1713826800000,176.75,176.79,176.54,176.54,10305.0,176.7136
2024-04-22 18:15:00,1713827700000,176.6,176.65,176.47,176.6,10671.0,176.5517
2024-04-22 18:30:00,1713828600000,176.62,176.69,176.53,176.69,4304.0,176.6486
2024-04-22 18:45:00,1713829500000,176.69,176.94,176.69,176.84,4136.0,176.7993
2024-04-23 03:00:00,1713859200000,177.6,177.64,177.4,177.49,6695.0,177.5177
2024-04-23 03:15:00,1713860100000,177.51,177.65,177.51,177.6,1275.0,177.5878
2024-04-23 03:30:00,1713861000000,177.56,177.56,177.5,177.5,4360.0,177.5296
2024-04-23 03:45:00,1713861900000,177.33,177.51,177.33,177.51,3140.0,177.446
2024-04-23 04:00:00,1713862800000,177.47,177.62,177.39,177.62,1071.0,177.4615
2024-04-23 04:15:00,1713863700000,177.63,177.86,177.6,177.86,7027.0,177.6915
2024-04-23 04:30:00,1713864600000,177.51,177.56,177.47,177.56,1168.0,177.5222
2024-04-23 04:45:00,1713865500000,177.56,177.58,177.49,177.53,1419.0,177.5759
2024-04-23 05:00:00,1713866400000,177.66,177.88,177.66,177.79,11424.0,177.7312
2024-04-23 05:15:00,1713867300000,177.84,177.84,177.53,177.69,2580.0,177.751
2024-04-23 05:30:00,1713868200000,177.81,178.0,177.81,177.98,11733.0,177.9184
2024-04-23 05:45:00,1713869100000,177.9,177.91,177.85,177.85,1387.0,177.8852
2024-04-23 06:00:00,1713870000000,177.86,178.29,177.8,178.1,22207.0,178.0658
2024-04-23 06:15:00,1713870900000,178.1,178.51,178.1,178.35,49698.0,178.3491
2024-04-23 06:30:00,1713871800000,178.35,178.45,178.33,178.4,15976.0,178.3732
2024-04-23 06:45:00,1713872700000,178.32,178.32,178.02,178.1,11515.0,178.1576
2024-04-23 07:00:00,1713873600000,178.19,178.5,176.92,178.04,95449.0,178.1467
2024-04-23 07:15:00,1713874500000,178.03,178.39,178.0,178.26,32832.0,178.1629
2024-04-23 07:30:00,1713875400000,178.2,178.87,178.164,178.73,59084.0,178.5958
2024-04-23 07:45:00,1713876300000,178.74,178.79,178.42,178.76,47384.0,178.666
2024-04-23 08:00:00,1713877200000,178.7501,179.0,177.23,178.7,97354.0,178.2184
2024-04-23 08:15:00,1713878100000,178.68,178.7,178.0,178.07,59617.0,178.3523
2024-04-23 08:30:00,1713879000000,178.08,178.51,176.69,176.72,2903543.0,177.4782
2024-04-23 08:45:00,1713879900000,176.75,177.56,175.975,176.88,3368060.0,176.6735
2024-04-23 09:00:00,1713880800000,176.9,177.81,176.72,177.26,1882064.0,177.2456
2024-04-23 09:15:00,1713881700000,177.29,177.49,176.67,177.2545,1385837.0,177.1084
2024-04-23 09:30:00,1713882600000,177.26,178.08,177.26,177.74,1383785.0,177.7838
2024-04-23 09:45:00,1713883500000,177.73,178.2,177.42,178.1,1024116.0,177.7837
2024-04-23 10:00:00,1713884400000,178.11,178.19,177.32,178.1101,854963.0,177.7222
2024-04-23 10:15:00,1713885300000,178.13,178.33,178.03,178.27,873321.0,178.2079
2024-04-23 10:30:00,1713886200000,178.27,178.68,178.15,178.575,960399.0,178.4247
2024-04-23 10:45:00,1713887100000,178.58,178.72,178.12,178.21,1105803.0,178.5017
2024-04-23 11:00:00,1713888000000,178.22,178.78,178.04,178.73,953972.0,178.394
2024-04-23 11:15:00,1713888900000,178.74,178.9,178.48,178.84,856930.0,178.7407
2024-04-23 11:30:00,1713889800000,178.8392,179.02,178.61,178.78,799183.0,178.7995
2024-04-23 11:45:00,1713890700000,178.77,179.046,178.55,178.6375,698032.0,178.8041
2024-04-23 12:00:00,1713891600000,178.645,178.895,178.38,178.49,538666.0,178.6588
2024-04-23 12:15:00,1713892500000,178.465,178.8199,178.37,178.73,478811.0,178.6029
2024-04-23 12:30:00,1713893400000,178.725,178.885,178.5099,178.795,418307.0,178.6533
2024-04-23 12:45:00,1713894300000,178.805,179.29,178.74,179.28,748105.0,179.0737
2024-04-23 13:00:00,1713895200000,179.29,179.57,179.15,179.38,1045697.0,179.3345
2024-04-23 13:15:00,1713896100000,179.3986,179.6699,179.29,179.53,617982.0,179.4933
2024-04-23 13:30:00,1713897000000,179.53,179.93,179.47,179.92,869373.0,179.6445
2024-04-23 13:45:00,1713897900000,179.92,179.92,179.5712,179.91,742733.0,179.7506
2024-04-23 14:00:00,1713898800000,179.91,179.92,179.49,179.79,768107.0,179.6792
2024-04-23 14:15:00,1713899700000,179.79,179.82,179.52,179.66,741139.0,179.6625
2024-04-23 14:30:00,1713900600000,179.655,179.75,179.485,179.585,794419.0,179.6129
2024-04-23 14:45:00,1713901500000,179.57,179.89,179.41,179.59,2515288.0,179.6326
2024-04-23 15:00:00,1713902400000,179.54,179.83,179.35,179.42,1257416.0,179.54
2024-04-23 15:15:00,1713903300000,179.42,179.66,179.3,179.46,32679.0,179.4931
2024-04-23 15:30:00,1713904200000,179.46,179.6,179.0,179.3,36194.0,179.4092
2024-04-23 15:45:00,1713905100000,179.32,179.58,179.25,179.5,953327.0,179.5337
2024-04-23 16:00:00,1713906000000,179.55,179.85,179.55,179.8,37102.0,179.7237
2024-04-23 16:15:00,1713906900000,179.8,179.89,179.71,179.8,12468.0,179.7702
2024-04-23 16:30:00,1713907800000,179.82,179.9,179.8,179.88,9654.0,179.8576
2024-04-23 16:45:00,1713908700000,179.75,180.5,179.7,180.0,46129.0,180.0095
2024-04-23 17:00:00,1713909600000,179.73,179.99,179.32,179.49,36448.0,179.5283
2024-04-23 17:15:00,1713910500000,179.5,179.66,179.35,179.35,17457.0,179.4422
2024-04-23 17:30:00,1713911400000,179.4403,179.53,179.35,179.53,11703.0,179.449
2024-04-23 17:45:00,1713912300000,179.5294,179.7,179.3543,179.68,9956.0,179.5648
2024-04-23 18:00:00,1713913200000,179.59,179.68,179.44,179.54,8546.0,179.5638
2024-04-23 18:15:00,1713914100000,179.6,179.68,179.5,179.5,5518.0,179.612
2024-04-23 18:30:00,1713915000000,179.65,179.67,179.4,179.64,15637.0,179.5249
2024-04-23 18:45:00,1713915900000,179.64,179.93,179.5,179.67,24469.0,179.7124
2024-04-24 03:00:00,1713945600000,180.22,180.5,180.1,180.2,12005.0,180.2258
2024-04-24 03:15:00,1713946500000,180.39,180.48,180.29,180.35,13834.0,180.3783
2024-04-24 03:30:00,1713947400000,180.35,180.57,180.26,180.48,4078.0,180.3754
2024-04-24 03:45:00,1713948300000,180.48,180.5,180.3,180.3,10957.0,180.3481
2024-04-24 04:00:00,1713949200000,180.11,180.13,180.1,180.13,1871.0,180.1147
2024-04-24 04:15:00,1713950100000,180.07,180.07,180.07,180.07,1434.0,180.075
2024-04-24 04:30:00,1713951000000,180.06,180.06,180.01,180.01,4409.0,180.0323
2024-04-24 04:45:00,1713951900000,180.01,180.15,180.0,180.0,2844.0,180.1092
2024-04-24 05:00:00,1713952800000,180.03,180.21,180.03,180.12,5315.0,180.1409
2024-04-24 05:15:00,1713953700000,180.25,180.57,180.2,180.57,8607.0,180.3807
2024-04-24 05:30:00,1713954600000,180.49,180.5,180.29,180.5,8590.0,180.4397
2024-04-24 05:45:00,1713955500000,180.49,180.64,180.43,180.51,6525.0,180.5317
2024-04-24 06:00:00,1713956400000,180.55,180.58,180.2,180.33,29962.0,180.4206
2024-04-24 06:15:00,1713957300000,180.39,180.42,180.02,180.42,17194.0,180.2641
2024-04-24 06:30:00,1713958200000,180.34,180.34,180.1,180.2,12595.0,180.2363
2024-04-24 06:45:00,1713959100000,180.2,180.46,180.19,180.44,11636.0,180.2815
2024-04-24 07:00:00,1713960000000,180.44,180.65,180.01,180.32,78751.0,180.3874
2024-04-24 07:15:00,1713960900000,180.32,180.5,180.3146,180.44,8798.0,180.3938
2024-04-24 07:30:00,1713961800000,180.45,180.73,180.2501,180.3,47188.0,180.5294
2024-04-24 07:45:00,1713962700000,180.29,180.4092,180.08,180.08,60034.0,180.2443
2024-04-24 08:00:00,1713963600000,180.1,180.24,180.07,180.07,18467.0,180.1446
2024-04-24 08:15:00,1713964500000,180.0699,180.35,179.93,179.93,55894.0,180.1087
2024-04-24 08:30:00,1713965400000,179.94,180.323,178.73,180.145,2848201.0,179.7264
2024-04-24 08:45:00,1713966300000,180.13,180.28,178.5,178.94,1716100.0,179.3954
2024-04-24 09:00:00,1713967200000,178.94,178.99,177.5801,177.63,1880997.0,178.2688
2024-04-24 09:15:00,1713968100000,177.66,178.3,177.6024,177.98,1357934.0,177.9174
2024-04-24 09:30:00,1713969000000,178.0,178.172,177.56,177.69,1142099.0,177.8011
2024-04-24 09:45:00,1713969900000,177.68,177.85,177.47,177.56,825061.0,177.6565
2024-04-24 10:00:00,1713970800000,177.555,177.645,177.15,177.21,1010821.0,177.3531
2024-04-24 10:15:00,1713971700000,177.21,177.29,176.95,177.26,1003895.0,177.0986
2024-04-24 10:30:00,1713972600000,177.27,177.3861,176.52,176.57,895670.0,177.0975
2024-04-24 10:45:00,1713973500000,176.5678,176.7501,176.36,176.485,909128.0,176.562
2024-04-24 11:00:00,1713974400000,176.485,176.78,176.28,176.42,749560.0,176.4963
2024-04-24 11:15:00,1713975300000,176.43,176.72,176.3001,176.62,649942.0,176.5282
2024-04-24 11:30:00,1713976200000,176.62,176.62,176.18,176.4,770541.0,176.4099
2024-04-24 11:45:00,1713977100000,176.39,176.84,176.23,176.81,645722.0,176.4909
2024-04-24 12:00:00,1713978000000,176.81,176.9,176.53,176.765,606276.0,176.7102
2024-04-24 12:15:00,1713978900000,176.755,177.0,176.6701,176.9719,542756.0,176.853
2024-04-24 12:30:00,1713979800000,176.975,177.28,176.915,177.28,569141.0,177.0706
2024-04-24 12:45:00,1713980700000,177.28,177.53,177.23,177.445,593980.0,177.3789
2024-04-24 13:00:00,1713981600000,177.45,177.505,176.9402,176.9494,730545.0,177.1685
2024-04-24 13:15:00,1713982500000,176.96,177.16,176.73,176.78,637776.0,176.9993
2024-04-24 13:30:00,1713983400000,176.785,176.86,176.58,176.77,616917.0,176.7122
2024-04-24 13:45:00,1713984300000,176.7707,176.81,176.38,176.4456,515145.0,176.5495
2024-04-24 14:00:00,1713985200000,176.43,176.86,176.33,176.77,582622.0,176.5748
2024-04-24 14:15:00,1713986100000,176.76,177.26,176.63,177.025,724956.0,176.9283
2024-04-24 14:30:00,1713987000000,177.02,177.12,176.83,177.0199,866849.0,176.9822
2024-04-24 14:45:00,1713987900000,177.01,177.35,176.5,176.5,2668709.0,176.79
2024-04-24 15:00:00,1713988800000,176.59,177.0092,174.61,175.07,384984.0,176.0044
2024-04-24 15:15:00,1713989700000,175.01,176.59,172.81,173.79,295229.0,173.6261
2024-04-24 15:30:00,1713990600000,173.77,176.59,172.73,172.82,186297.0,173.4539
2024-04-24 15:45:00,1713991500000,172.82,173.25,172.68,172.94,907598.0,175.9405
2024-04-24 16:00:00,1713992400000,172.9,173.06,172.0,172.21,136569.0,172.5072
2024-04-24 16:15:00,1713993300000,172.36,172.8239,171.99,172.19,112668.0,172.379
2024-04-24 16:30:00,1713994200000,172.13,172.25,171.77,171.93,62661.0,172.0308
2024-04-24 16:45:00,1713995100000,171.9,171.9,171.7412,171.83,41189.0,171.8554
2024-04-24 17:00:00,1713996000000,171.83,172.413,171.83,172.2,76050.0,172.0015
2024-04-24 17:15:00,1713996900000,172.36,172.8,172.0741,172.8,34381.0,172.365
2024-04-24 17:30:00,1713997800000,172.78,176.59,172.25,172.35,27817.0,172.8956
2024-04-24 17:45:00,1713998700000,172.39,172.45,171.98,172.06,24130.0,172.1219
2024-04-24 18:00:00,1713999600000,172.05,172.26,171.91,172.26,18253.0,172.1449
2024-04-24 18:15:00,1714000500000,172.25,172.26,172.15,172.26,16418.0,172.2464
2024-04-24 18:30:00,1714001400000,172.26,172.26,172.0101,172.1,23546.0,172.2436
2024-04-24 18:45:00,1714002300000,172.2,172.2,172.1,172.18,21848.0,172.1712
2024-04-25 03:00:00,1714032000000,172.39,172.75,171.87,172.43,24917.0,172.2829
2024-04-25 03:15:00,1714032900000,172.37,172.78,172.37,172.5,14177.0,172.5737
2024-04-25 03:30:00,1714033800000,172.55,172.8,172.55,172.68,10316.0,172.666
2024-04-25 03:45:00,1714034700000,172.79,172.8,172.59,172.59,6458.0,172.7083
2024-04-25 04:00:00,1714035600000,172.43,172.52,172.42,172.52,1384.0,172.4834
2024-04-25 04:15:00,1714036500000,172.52,172.7,172.52,172.7,5283.0,172.6146
2024-04-25 04:30:00,1714037400000,172.71,173.1,172.71,173.09,6127.0,172.89
2024-04-25 04:45:00,1714038300000,173.09,173.3,173.05,173.2,13757.0,173.1873
2024-04-25 05:00:00,1714039200000,173.21,173.21,172.6,172.7,22051.0,172.8185
2024-04-25 05:15:00,1714040100000,172.65,172.74,172.64,172.74,4029.0,172.6973
2024-04-25 05:30:00,1714041000000,172.81,172.81,172.57,172.6,8024.0,172.689
2024-04-25 05:45:00,1714041900000,172.58,172.71,172.3,172.3,13847.0,172.5285
2024-04-25 06:00:00,1714042800000,172.43,172.49,172.05,172.2,30054.0,172.2772
2024-04-25 06:15:00,1714043700000,172.29,172.64,172.1,172.44,35712.0,172.4262
2024-04-25 06:30:00,1714044600000,172.4,172.64,172.29,172.63,20807.0,172.524
2024-04-25 06:45:00,1714045500000,172.61,172.7,172.42,172.44,35096.0,172.6076
2024-04-25 07:00:00,1714046400000,172.3,173.18,171.16,172.08,134686.0,172.2345
2024-04-25 07:15:00,1714047300000,172.08,172.209,171.8884,172.0,35789.0,172.0383
2024-04-25 07:30:00,1714048200000,172.17,172.18,170.77,171.5,124748.0,171.3766
2024-04-25 07:45:00,1714049100000,171.45,171.49,170.8,171.0145,131268.0,171.0531
2024-04-25 08:00:00,1714050000000,171.25,171.25,170.0,170.13,161732.0,170.7345
2024-04-25 08:15:00,1714050900000,170.3,170.96,169.27,169.76,214176.0,170.2553
2024-04-25 08:30:00,1714051800000,169.68,171.01,166.32,170.63,11032097.0,168.9124
2024-04-25 08:45:00,1714052700000,170.64,171.414,170.03,170.375,2495137.0,170.6849
2024-04-25 09:00:00,1714053600000,170.375,171.54,170.04,171.34,1995992.0,171.0062
2024-04-25 09:15:00,1714054500000,171.3404,171.905,171.32,171.6,1999146.0,171.61
2024-04-25 09:30:00,1714055400000,171.5966,171.77,170.82,171.0275,1367655.0,171.2672
2024-04-25 09:45:00,1714056300000,171.03,171.49,170.555,171.43,1290347.0,170.9774
2024-04-25 10:00:00,1714057200000,171.41,171.79,171.33,171.3799,949785.0,171.523
2024-04-25 10:15:00,1714058100000,171.3601,171.41,170.84,171.37,1063356.0,171.0904
2024-04-25 10:30:00,1714059000000,171.36,171.72,171.07,171.6,1037341.0,171.4257
2024-04-25 10:45:00,1714059900000,171.59,172.38,171.2,172.33,1093337.0,171.6952
2024-04-25 11:00:00,1714060800000,172.31,172.47,171.78,172.1459,981369.0,172.1981
2024-04-25 11:15:00,1714061700000,172.15,172.59,171.84,172.395,808045.0,172.2702
2024-04-25 11:30:00,1714062600000,172.4001,172.53,172.11,172.47,876122.0,172.2744
2024-04-25 11:45:00,1714063500000,172.465,172.69,172.09,172.51,827559.0,172.3994
2024-04-25 12:00:00,1714064400000,172.525,172.82,172.11,172.1275,799800.0,172.4412
2024-04-25 12:15:00,1714065300000,172.13,172.39,171.79,172.3664,726069.0,172.0769
2024-04-25 12:30:00,1714066200000,172.35,172.95,172.3,172.86,745933.0,172.6744
2024-04-25 12:45:00,1714067100000,172.85,173.2399,172.7734,173.085,813062.0,173.0381
2024-04-25 13:00:00,1714068000000,173.085,173.14,172.8129,172.91,715547.0,172.9742
2024-04-25 13:15:00,1714068900000,172.91,173.12,172.34,172.34,609756.0,172.8852
2024-04-25 13:30:00,1714069800000,172.345,172.73,172.1803,172.45,685608.0,172.4708
2024-04-25 13:45:00,1714070700000,172.45,172.72,172.25,172.71,565641.0,172.4667
2024-04-25 14:00:00,1714071600000,172.72,173.39,172.69,173.3401,927845.0,173.1892
2024-04-25 14:15:00,1714072500000,173.35,173.92,173.32,173.81,1057532.0,173.6578
2024-04-25 14:30:00,1714073400000,173.81,173.8208,173.243,173.45,1015110.0,173.6076
2024-04-25 14:45:00,1714074300000,173.45,173.77,173.06,173.68,2386455.0,173.4512
2024-04-25 15:00:00,1714075200000,173.67,181.79,173.6,179.79,1534795.0,178.7929
2024-04-25 15:15:00,1714076100000,179.979,180.7,173.67,178.6,541799.0,179.9158
2024-04-25 15:30:00,1714077000000,178.6,179.79,173.67,179.58,340220.0,178.3854
2024-04-25 15:45:00,1714077900000,179.59,180.23,179.55,179.78,1258226.0,174.6138
2024-04-25 16:00:00,1714078800000,179.7,179.75,178.35,179.04,127166.0,178.86
2024-04-25 16:15:00,1714079700000,179.0,179.19,178.56,179.19,69232.0,178.8832
2024-04-25 16:30:00,1714080600000,179.1,179.84,178.75,179.2,65953.0,179.2116
2024-04-25 16:45:00,1714081500000,179.3,180.39,177.81,180.3773,160477.0,179.1663
2024-04-25 17:00:00,1714082400000,180.02,180.75,178.23,179.6,185682.0,179.6726
2024-04-25 17:15:00,1714083300000,179.58,180.1,179.3,179.8,70183.0,179.7224
2024-04-25 17:30:00,1714084200000,179.82,180.19,179.51,180.0,33610.0,179.8784
2024-04-25 17:45:00,1714085100000,180.0,180.1615,173.67,180.0,35411.0,177.6833
2024-04-25 18:00:00,1714086000000,180.05,180.29,179.68,179.76,33730.0,180.0892
2024-04-25 18:15:00,1714086900000,179.96,180.2,179.75,179.75,20056.0,180.043
2024-04-25 18:30:00,1714087800000,179.88,180.0,179.65,179.9,50556.0,179.8597
2024-04-25 18:45:00,1714088700000,179.95,180.0,179.0,179.01,45797.0,179.4054
2024-04-26 03:00:00,1714118400000,179.01,179.63,178.56,178.56,11591.0,179.0076
2024-04-26 03:15:00,1714119300000,178.64,179.3,178.64,179.09,12004.0,178.9921
2024-04-26 03:30:00,1714120200000,179.15,179.15,178.94,179.0,5229.0,179.0418
2024-04-26 03:45:00,1714121100000,179.1,179.19,179.01,179.01,2991.0,179.0999
2024-04-26 04:00:00,1714122000000,179.11,179.11,178.86,178.86,1819.0,178.9322
2024-04-26 04:15:00,1714122900000,178.86,178.86,178.78,178.78,3185.0,178.8019
2024-04-26 04:30:00,1714123800000,178.99,179.23,178.99,179.23,3053.0,179.0773
2024-04-26 04:45:00,1714124700000,179.22,179.32,179.17,179.29,2588.0,179.2849
2024-04-26 05:00:00,1714125600000,179.17,179.22,179.17,179.22,1057.0,179.2025
2024-04-26 05:15:00,1714126500000,179.3,179.3,179.27,179.27,1310.0,179.2997
2024-04-26 05:30:00,1714127400000,179.37,179.45,179.23,179.3,5156.0,179.3206
2024-04-26 05:45:00,1714128300000,179.24,179.36,178.71,178.71,8184.0,179.0839
2024-04-26 06:00:00,1714129200000,178.98,179.33,178.85,179.28,23904.0,179.054
2024-04-26 06:15:00,1714130100000,179.28,179.32,178.52,178.62,38414.0,178.9903
2024-04-26 06:30:00,1714131000000,178.62,178.89,178.52,178.52,24644.0,178.7383
2024-04-26 06:45:00,1714131900000,178.65,179.39,178.5,179.21,27356.0,178.9029
2024-04-26 07:00:00,1714132800000,178.99,180.05,178.5,179.4,141781.0,179.2627
2024-04-26 07:15:00,1714133700000,179.4,179.45,179.01,179.02,40166.0,179.2057
2024-04-26 07:30:00,1714134600000,179.15,180.21,178.13,178.75,171347.0,178.9705
2024-04-26 07:45:00,1714135500000,178.75,178.83,177.65,178.1,122083.0,178.1225
2024-04-26 08:00:00,1714136400000,178.1,178.625,177.98,178.3,81432.0,178.1609
2024-04-26 08:15:00,1714137300000,178.3,178.66,177.63,177.91,73218.0,178.2777
2024-04-26 08:30:00,1714138200000,177.795,178.03,176.22,176.44,3816584.0,177.1113
2024-04-26 08:45:00,1714139100000,176.44,177.38,176.13,177.0,1820556.0,176.8318
2024-04-26 09:00:00,1714140000000,177.0,177.93,176.98,177.16,2159124.0,177.3657
2024-04-26 09:15:00,1714140900000,177.15,177.848,176.98,177.385,1636666.0,177.3814
2024-04-26 09:30:00,1714141800000,177.395,178.39,177.16,178.35,1394001.0,177.8334
2024-04-26 09:45:00,1714142700000,178.3436,178.92,178.33,178.73,1146768.0,178.6167
2024-04-26 10:00:00,1714143600000,178.74,179.2,178.06,178.33,1403066.0,178.638
2024-04-26 10:15:00,1714144500000,178.33,178.99,178.245,178.99,1150807.0,178.6188
2024-04-26 10:30:00,1714145400000,178.99,179.55,178.65,179.54,1191891.0,179.0555
2024-04-26 10:45:00,1714146300000,179.54,179.85,179.17,179.24,1230204.0,179.5253
2024-04-26 11:00:00,1714147200000,179.24,179.25,178.995,179.21,1027305.0,179.0861
2024-04-26 11:15:00,1714148100000,179.23,179.8571,179.02,179.8185,1553640.0,179.4027
2024-04-26 11:30:00,1714149000000,179.81,180.19,179.51,180.01,1342532.0,179.93
2024-04-26 11:45:00,1714149900000,180.01,180.69,179.9835,180.62,1139693.0,180.3815
2024-04-26 12:00:00,1714150800000,180.62,180.82,180.39,180.51,984809.0,180.5982
2024-04-26 12:15:00,1714151700000,180.51,180.6,179.84,179.9457,994097.0,180.1863
2024-04-26 12:30:00,1714152600000,179.95,180.08,179.51,179.865,1140574.0,179.8703
2024-04-26 12:45:00,1714153500000,179.87,180.18,179.83,180.05,1005761.0,180.0474
2024-04-26 13:00:00,1714154400000,180.06,180.1,179.36,179.42,926991.0,179.8108
2024-04-26 13:15:00,1714155300000,179.4001,179.475,179.13,179.21,798746.0,179.3335
2024-04-26 13:30:00,1714156200000,179.21,179.45,179.06,179.3198,732618.0,179.2723
2024-04-26 13:45:00,1714157100000,179.315,179.42,178.98,179.36,657033.0,179.1776
2024-04-26 14:00:00,1714158000000,179.35,179.5581,179.21,179.5176,1142247.0,179.3798
2024-04-26 14:15:00,1714158900000,179.52,179.91,179.49,179.89,883345.0,179.7216
2024-04-26 14:30:00,1714159800000,179.89,179.9596,179.44,179.5,2222041.0,179.797
2024-04-26 14:45:00,1714160700000,179.5,179.82,179.39,179.62,2965679.0,179.6629
2024-04-26 15:00:00,1714161600000,179.62,179.72,178.98,179.66,835619.0,179.6234
2024-04-26 15:15:00,1714162500000,179.65,179.6775,179.5,179.6775,77495.0,179.5893
2024-04-26 15:30:00,1714163400000,179.62,179.65,179.57,179.61,18137.0,179.6158
2024-04-26 15:45:00,1714164300000,179.61,179.7717,179.6,179.66,43550.0,179.5663
2024-04-26 16:00:00,1714165200000,179.68,179.7325,179.68,179.7,8669.0,179.699
2024-04-26 16:15:00,1714166100000,179.71,179.75,179.7,179.75,4686.0,179.7176
2024-04-26 16:30:00,1714167000000,179.7293,179.75,179.66,179.67,3963.0,179.7002
2024-04-26 16:45:00,1714167900000,179.68,179.7,179.62,179.7,7697.0,179.6616
2024-04-26 17:00:00,1714168800000,179.6937,179.7,179.63,179.7,4952.0,179.69
2024-04-26 17:15:00,1714169700000,179.7,179.7873,179.62,179.74,4343.0,179.6959
2024-04-26 17:30:00,1714170600000,179.79,179.79,179.6801,179.72,1172.0,179.741
2024-04-26 17:45:00,1714171500000,179.72,179.83,179.71,179.83,6989.0,179.7784
2024-04-26 18:00:00,1714172400000,179.83,180.11,179.83,180.01,13140.0,179.9942
2024-04-26 18:15:00,1714173300000,180.0,180.1,179.95,179.97,5831.0,179.9987
2024-04-26 18:30:00,1714174200000,179.95,180.0,179.93,179.93,8675.0,179.9496
2024-04-26 18:45:00,1714175100000,179.95,180.15,179.95,180.12,13526.0,180.0599
2024-04-29 03:00:00,1714377600000,180.21,181.18,180.13,181.18,21020.0,180.8302
2024-04-29 03:15:00,1714378500000,181.2,181.3,181.01,181.01,20127.0,181.179
2024-04-29 03:30:00,1714379400000,181.08,181.28,181.0,181.02,15239.0,181.1309
2024-04-29 03:45:00,1714380300000,181.11,181.15,181.01,181.14,17465.0,181.1099
2024-04-29 04:00:00,1714381200000,181.14,181.18,181.03,181.12,9338.0,181.0896
2024-04-29 04:15:00,1714382100000,181.01,181.01,180.8,180.82,9835.0,180.9323
2024-04-29 04:30:00,1714383000000,180.79,181.15,180.79,181.15,4015.0,180.9766
2024-04-29 04:45:00,1714383900000,181.1,181.5,181.0,181.5,34632.0,181.314
2024-04-29 05:00:00,1714384800000,181.5,182.07,181.49,181.92,51456.0,181.8994
2024-04-29 05:15:00,1714385700000,182.0,182.5,181.98,182.5,38102.0,182.3241
2024-04-29 05:30:00,1714386600000,182.66,182.9,182.6,182.84,29786.0,182.7248
2024-04-29 05:45:00,1714387500000,182.9,183.16,182.59,182.81,52238.0,182.9026
2024-04-29 06:00:00,1714388400000,182.82,183.42,182.8,183.3,130551.0,183.0677
2024-04-29 06:15:00,1714389300000,183.1,183.47,182.8,183.08,77693.0,183.1067
2024-04-29 06:30:00,1714390200000,183.11,183.4,183.01,183.35,58403.0,183.2348
2024-04-29 06:45:00,1714391100000,183.31,183.62,183.29,183.4,45533.0,183.417
2024-04-29 07:00:00,1714392000000,182.88,183.67,180.98,182.89,329483.0,182.8756
2024-04-29 07:15:00,1714392900000,182.8999,182.94,182.15,182.16,128503.0,182.5008
2024-04-29 07:30:00,1714393800000,182.2,182.28,182.05,182.22,76484.0,182.1917
2024-04-29 07:45:00,1714394700000,182.2,182.22,182.067,182.15,63509.0,182.1813
2024-04-29 08:00:00,1714395600000,182.19,182.69,182.13,182.64,159679.0,182.377
2024-04-29 08:15:00,1714396500000,182.6,183.0,182.3039,182.72,137103.0,182.6594
2024-04-29 08:30:00,1714397400000,182.75,183.53,179.4,179.9201,7375584.0,181.6545
2024-04-29 08:45:00,1714398300000,179.9369,180.4695,179.39,180.11,3516790.0,179.8822
2024-04-29 09:00:00,1714399200000,180.07,180.42,179.75,179.9836,2394001.0,180.0954
2024-04-29 09:15:00,1714400100000,180.0,181.15,179.97,180.63,2659336.0,180.6497
2024-04-29 09:30:00,1714401000000,180.62,181.165,180.42,180.545,1667062.0,180.7376
2024-04-29 09:45:00,1714401900000,180.54,180.75,180.305,180.46,1384880.0,180.5381
2024-04-29 10:00:00,1714402800000,180.44,180.6399,179.43,179.57,1642322.0,179.9202
2024-04-29 10:15:00,1714403700000,179.58,180.1499,179.495,179.965,1667075.0,179.8696
2024-04-29 10:30:00,1714404600000,179.98,180.07,179.48,180.035,1129828.0,179.7426
2024-04-29 10:45:00,1714405500000,180.04,180.0486,179.67,179.82,798404.0,179.8388
2024-04-29 11:00:00,1714406400000,179.825,180.38,179.7805,180.0,1309715.0,180.0324
2024-04-29 11:15:00,1714407300000,180.0,180.145,179.83,180.138,1337552.0,179.9303
2024-04-29 11:30:00,1714408200000,180.13,180.79,180.02,180.7501,1259829.0,180.3582
2024-04-29 11:45:00,1714409100000,180.7521,180.84,180.24,180.3916,983810.0,180.4508
2024-04-29 12:00:00,1714410000000,180.4,180.61,180.16,180.55,714925.0,180.4433
2024-04-29 12:15:00,1714410900000,180.56,180.98,180.52,180.96,975027.0,180.7746
2024-04-29 12:30:00,1714411800000,180.97,181.49,180.87,181.28,1836459.0,181.2019
2024-04-29 12:45:00,1714412700000,181.27,181.4,181.1478,181.215,919651.0,181.2787
2024-04-29 13:00:00,1714413600000,181.215,181.22,180.81,180.8299,1195937.0,180.9714
2024-04-29 13:15:00,1714414500000,180.82,181.03,180.5,180.555,966808.0,180.8246
2024-04-29 13:30:00,1714415400000,180.55,180.57,179.97,180.28,1316459.0,180.169
2024-04-29 13:45:00,1714416300000,180.29,180.54,180.2,180.4101,1032207.0,180.3875
2024-04-29 14:00:00,1714417200000,180.41,180.41,179.5,180.16,2020966.0,179.886
2024-04-29 14:15:00,1714418100000,180.16,180.34,180.01,180.13,1130912.0,180.1644
2024-04-29 14:30:00,1714419000000,180.14,180.41,180.05,180.16,1374753.0,180.256
2024-04-29 14:45:00,1714419900000,180.165,181.02,180.12,180.99,2984480.0,180.6715
2024-04-29 15:00:00,1714420800000,180.96,181.47,180.96,180.96,1755413.0,180.9732
2024-04-29 15:15:00,1714421700000,181.29,181.5,181.26,181.39,51672.0,181.3805
2024-04-29 15:30:00,1714422600000,181.3501,181.65,181.3501,181.5757,53973.0,181.3913
2024-04-29 15:45:00,1714423500000,181.59,181.88,181.51,181.82,488233.0,181.0519
2024-04-29 16:00:00,1714424400000,181.8,181.98,181.7,181.8,1185016.0,180.9259
2024-04-29 16:15:00,1714425300000,181.7607,181.9,181.7,181.7,19782.0,175.906
2024-04-29 16:30:00,1714426200000,181.6,181.8,181.5507,181.7988,18981.0,181.6807
2024-04-29 16:45:00,1714427100000,181.78,181.84,181.69,181.69,17634.0,181.7577
2024-04-29 17:00:00,1714428000000,181.68,181.85,181.65,181.83,20387.0,181.7245
2024-04-29 17:15:00,1714428900000,181.85,181.92,181.8,181.85,12417.0,181.8726
2024-04-29 17:30:00,1714429800000,181.883,181.92,181.85,181.92,9696.0,181.8817
2024-04-29 17:45:00,1714430700000,181.91,181.9199,181.75,181.7862,16208.0,181.8347
2024-04-29 18:00:00,1714431600000,181.74,181.89,181.73,181.89,14489.0,181.8361
2024-04-29 18:15:00,1714432500000,181.89,182.1498,181.86,182.1498,14382.0,182.0035
2024-04-29 18:30:00,1714433400000,182.24,182.27,182.08,182.27,18183.0,182.1865
2024-04-29 18:45:00,1714434300000,182.2,182.28,182.01,182.25,33379.0,182.1902
2024-04-30 03:00:00,1714464000000,182.49,182.5,181.79,181.86,33740.0,182.2015
2024-04-30 03:15:00,1714464900000,181.98,182.18,181.9,182.14,11570.0,182.0186
2024-04-30 03:30:00,1714465800000,182.07,182.33,182.07,182.3,7000.0,182.2639
2024-04-30 03:45:00,1714466700000,182.23,182.23,181.98,182.0,14184.0,182.065
2024-04-30 04:00:00,1714467600000,182.0,182.13,182.0,182.0,3343.0,182.0328
2024-04-30 04:15:00,1714468500000,182.08,182.08,181.99,182.0,5670.0,182.0099
2024-04-30 04:30:00,1714469400000,182.06,182.13,182.06,182.13,1362.0,182.1
2024-04-30 04:45:00,1714470300000,182.18,182.18,182.05,182.05,4925.0,182.1477
2024-04-30 05:00:00,1714471200000,182.24,182.3,182.18,182.3,4616.0,182.2845
2024-04-30 05:15:00,1714472100000,182.2,182.53,182.18,182.23,6014.0,182.3166
2024-04-30 05:30:00,1714473000000,182.22,182.38,182.0,182.27,9589.0,182.1639
2024-04-30 05:45:00,1714473900000,182.44,182.81,182.44,182.55,9766.0,182.6464
2024-04-30 06:00:00,1714474800000,182.5,182.81,182.35,182.81,54305.0,182.571
2024-04-30 06:15:00,1714475700000,182.73,182.74,182.1,182.28,35376.0,182.358
2024-04-30 06:30:00,1714476600000,182.2,182.66,181.88,182.6,84934.0,182.3036
2024-04-30 06:45:00,1714477500000,182.62,182.79,182.53,182.59,44590.0,182.6898
2024-04-30 07:00:00,1714478400000,182.5,184.83,181.9,182.5826,223844.0,182.9028
2024-04-30 07:15:00,1714479300000,182.6,183.08,182.52,182.9,84728.0,182.8423
2024-04-30 07:30:00,1714480200000,182.8,182.8,181.8,182.45,147579.0,182.1891
2024-04-30 07:45:00,1714481100000,182.385,182.4,181.9,182.22,90123.0,182.1727
2024-04-30 08:00:00,1714482000000,182.2,182.2,181.76,182.05,103821.0,181.9916
2024-04-30 08:15:00,1714482900000,182.05,182.1,180.78,181.07,220461.0,181.5283
2024-04-30 08:30:00,1714483800000,181.09,182.08,180.6,181.92,4441729.0,181.3618
2024-04-30 08:45:00,1714484700000,181.905,181.94,181.07,181.6,4048307.0,181.3793
2024-04-30 09:00:00,1714485600000,181.6,182.01,180.8,181.01,2248799.0,181.3693
2024-04-30 09:15:00,1714486500000,181.01,181.27,180.64,180.64,1843470.0,180.9605
2024-04-30 09:30:00,1714487400000,180.64,181.11,180.51,181.02,1751814.0,180.8549
2024-04-30 09:45:00,1714488300000,181.02,181.28,180.6,180.72,1670384.0,180.9786
2024-04-30 10:00:00,1714489200000,180.75,180.75,179.48,179.5632,2385696.0,180.0295
2024-04-30 10:15:00,1714490100000,179.56,179.9,179.5201,179.69,1491778.0,179.7229
2024-04-30 10:30:00,1714491000000,179.7,179.78,178.7,178.81,1843622.0,179.3813
2024-04-30 10:45:00,1714491900000,178.775,179.14,178.49,179.1,1900694.0,178.8826
2024-04-30 11:00:00,1714492800000,179.11,179.4,178.7311,179.36,1631687.0,179.0562
2024-04-30 11:15:00,1714493700000,179.35,182.99,179.32,179.7631,1584070.0,179.5152
2024-04-30 11:30:00,1714494600000,179.765,179.77,178.72,178.9973,1454449.0,179.0747
2024-04-30 11:45:00,1714495500000,178.99,179.15,178.5,178.8146,1298129.0,178.8379
2024-04-30 12:00:00,1714496400000,178.8234,179.42,178.66,179.06,1374365.0,179.1509
2024-04-30 12:15:00,1714497300000,179.055,179.79,179.0,179.465,1359403.0,179.3854
2024-04-30 12:30:00,1714498200000,179.47,179.73,179.402,179.4501,1091302.0,179.5451
2024-04-30 12:45:00,1714499100000,179.455,179.96,179.23,179.69,1310967.0,179.6164
2024-04-30 13:00:00,1714500000000,179.69,180.08,179.69,179.81,1355898.0,179.9184
2024-04-30 13:15:00,1714500900000,179.825,179.95,179.34,179.42,2014074.0,179.7839
2024-04-30 13:30:00,1714501800000,179.44,179.67,179.38,179.47,2354110.0,179.526
2024-04-30 13:45:00,1714502700000,179.46,179.535,178.92,179.03,1520200.0,179.1841
2024-04-30 14:00:00,1714503600000,179.02,179.8599,178.94,179.81,2662359.0,179.4219
2024-04-30 14:15:00,1714504500000,179.82,179.93,179.26,179.31,1989506.0,179.5118
2024-04-30 14:30:00,1714505400000,179.315,179.48,179.15,179.16,2165301.0,179.3246
2024-04-30 14:45:00,1714506300000,179.16,179.43,174.8,175.25,11957925.0,177.0864
2024-04-30 15:00:00,1714507200000,175.4,186.43,165.32,180.71,10097902.0,179.0891
2024-04-30 15:15:00,1714508100000,180.73,181.6094,175.0,178.25,2383940.0,179.5113
2024-04-30 15:30:00,1714509000000,178.39,180.88,175.0,180.4,1014420.0,179.6024
2024-04-30 15:45:00,1714509900000,180.5583,180.8,179.2,179.45,1342891.0,177.2147
2024-04-30 16:00:00,1714510800000,179.5,180.65,177.0,180.0202,1043720.0,178.815
2024-04-30 16:15:00,1714511700000,180.0988,180.45,179.5,180.0,369091.0,180.014
2024-04-30 16:30:00,1714512600000,180.0,180.45,177.29,178.01,342054.0,179.2147
2024-04-30 16:45:00,1714513500000,178.1,178.98,175.0,175.71,599499.0,176.3072
2024-04-30 17:00:00,1714514400000,175.65,179.36,175.62,178.81,376985.0,177.543
2024-04-30 17:15:00,1714515300000,178.8,179.26,177.26,177.8811,197201.0,178.501
2024-04-30 17:30:00,1714516200000,177.89,178.17,175.0,177.75,94579.0,178.004
2024-04-30 17:45:00,1714517100000,178.0,178.0,176.5,176.73,119971.0,177.2337
2024-04-30 18:00:00,1714518000000,176.87,177.0,176.78,176.95,102290.0,176.9354
2024-04-30 18:15:00,1714518900000,176.86,176.9,176.0,176.47,75817.0,176.5224
2024-04-30 18:30:00,1714519800000,176.5,176.87,176.5,176.71,104462.0,176.6688
2024-04-30 18:45:00,1714520700000,176.72,177.3,176.66,177.16,141797.0,177.0641
2024-05-01 03:00:00,1714550400000,176.6,178.72,176.0,178.03,31246.0,177.4206
2024-05-01 03:15:00,1714551300000,178.25,178.5,178.25,178.5,11113.0,178.4298
2024-05-01 03:30:00,1714552200000,178.26,178.26,177.8,178.0,17379.0,178.0314
2024-05-01 03:45:00,1714553100000,178.0,179.54,178.0,179.39,30247.0,178.811
2024-05-01 04:00:00,1714554000000,179.2,179.2,178.37,178.56,9781.0,178.7404
2024-05-01 04:15:00,1714554900000,178.88,179.74,178.88,179.74,13327.0,179.4818
2024-05-01 04:30:00,1714555800000,179.5,179.51,179.01,179.15,9975.0,179.1873
2024-05-01 04:45:00,1714556700000,179.0,179.15,179.0,179.15,1829.0,179.0788
2024-05-01 05:00:00,1714557600000,179.0,179.15,178.47,178.65,18718.0,178.8823
2024-05-01 05:15:00,1714558500000,178.79,178.79,177.15,177.15,35013.0,177.9958
2024-05-01 05:30:00,1714559400000,177.13,178.41,177.13,178.25,16843.0,177.9297
2024-05-01 05:45:00,1714560300000,178.25,179.22,178.25,179.0,24604.0,178.7685
2024-05-01 06:00:00,1714561200000,179.09,179.16,178.53,178.7,65248.0,178.7439
2024-05-01 06:15:00,1714562100000,178.7,178.7,178.25,178.25,37582.0,178.4481
2024-05-01 06:30:00,1714563000000,178.3,178.31,177.85,178.0,30992.0,178.0602
2024-05-01 06:45:00,1714563900000,178.0,178.0,177.4,177.8,59870.0,177.7444
2024-05-01 07:00:00,1714564800000,178.75,179.17,175.0,177.6611,281197.0,177.9937
2024-05-01 07:15:00,1714565700000,177.7,178.0,177.35,177.52,145066.0,177.6367
2024-05-01 07:30:00,1714566600000,177.7,179.75,175.0,179.58,318150.0,178.4216
2024-05-01 07:45:00,1714567500000,179.58,180.85,175.0,179.87,466029.0,180.0281
2024-05-01 08:00:00,1714568400000,179.89,182.0,179.7,181.7801,777247.0,181.1036
2024-05-01 08:15:00,1714569300000,181.9,182.4,181.4223,181.85,588130.0,181.8743
2024-05-01 08:30:00,1714570200000,181.635,182.0,178.26,180.89,11266683.0,180.2137
2024-05-01 08:45:00,1714571100000,180.9,182.23,180.41,181.44,5762607.0,181.3618
2024-05-01 09:00:00,1714572000000,181.46,181.76,178.92,179.36,4522237.0,180.268
2024-05-01 09:15:00,1714572900000,179.38,180.2083,179.35,180.015,3337612.0,179.8569
2024-05-01 09:30:00,1714573800000,180.02,181.06,179.935,180.51,2732784.0,180.5554
2024-05-01 09:45:00,1714574700000,180.53,180.8,179.0,179.04,2296972.0,179.9585
2024-05-01 10:00:00,1714575600000,179.035,179.35,177.63,178.28,2966900.0,178.5732
2024-05-01 10:15:00,1714576500000,178.29,178.31,177.31,178.0,2164528.0,177.7562
2024-05-01 10:30:00,1714577400000,178.015,178.98,177.88,178.66,2008129.0,178.5089
2024-05-01 10:45:00,1714578300000,178.65,178.75,177.13,177.143,1831363.0,178.0286
2024-05-01 11:00:00,1714579200000,177.14,177.35,176.56,177.31,2303816.0,176.9273
2024-05-01 11:15:00,1714580100000,177.32,177.63,177.01,177.55,1558978.0,177.3004
2024-05-01 11:30:00,1714581000000,177.55,178.01,177.02,177.99,1479749.0,177.4634
2024-05-01 11:45:00,1714581900000,177.98,178.06,177.76,177.98,1158949.0,177.9563
2024-05-01 12:00:00,1714582800000,177.975,178.13,177.6603,177.85,1312212.0,177.9184
2024-05-01 12:15:00,1714583700000,177.85,178.86,177.85,178.31,1331972.0,178.3938
2024-05-01 12:30:00,1714584600000,178.31,178.36,177.62,177.7672,1121516.0,177.9036
2024-05-01 12:45:00,1714585500000,177.77,178.615,177.7,178.3921,1265152.0,178.2671
2024-05-01 13:00:00,1714586400000,178.4,179.28,178.21,179.1405,2307236.0,178.9295
2024-05-01 13:15:00,1714587300000,179.145,180.4301,178.97,180.355,1873646.0,179.6047
2024-05-01 13:30:00,1714588200000,180.3495,183.38,179.71,183.36,6038348.0,181.708
2024-05-01 13:45:00,1714589100000,183.3373,183.95,182.13,183.94,4176060.0,183.0568
2024-05-01 14:00:00,1714590000000,183.94,184.74,183.1601,184.59,4883670.0,184.0663
2024-05-01 14:15:00,1714590900000,184.59,185.15,183.5617,184.4452,5576533.0,184.4257
2024-05-01 14:30:00,1714591800000,184.435,184.435,180.66,181.2087,4564659.0,182.3055
2024-05-01 14:45:00,1714592700000,181.175,181.63,178.69,178.79,5214916.0,179.7541
2024-05-01 15:00:00,1714593600000,178.9,179.65,178.51,178.99,863956.0,179.0181
2024-05-01 15:15:00,1714594500000,179.0,179.23,178.81,179.05,785317.0,178.9985
2024-05-01 15:30:00,1714595400000,179.09,179.18,179.0,179.07,45496.0,179.037
2024-05-01 15:45:00,1714596300000,179.09,179.63,179.0,179.5,101503.0,179.2266
2024-05-01 16:00:00,1714597200000,179.5,179.91,179.45,179.78,48470.0,179.729
2024-05-01 16:15:00,1714598100000,179.7508,180.3,179.75,180.29,50521.0,179.969
2024-05-01 16:30:00,1714599000000,180.2,180.35,179.99,180.0892,23078.0,180.1175
2024-05-01 16:45:00,1714599900000,180.0,180.05,179.61,179.94,39083.0,179.8398
2024-05-01 17:00:00,1714600800000,179.9,180.0,179.7,179.75,31245.0,179.8618
2024-05-01 17:15:00,1714601700000,179.87,180.0,179.0,179.98,9908.0,179.7475
2024-05-01 17:30:00,1714602600000,179.85,179.9734,179.7,179.86,16993.0,179.7926
2024-05-01 17:45:00,1714603500000,179.83,179.93,179.7196,179.8008,14729.0,179.8104
2024-05-01 18:00:00,1714604400000,179.85,179.895,179.8,179.895,10575.0,179.8448
2024-05-01 18:15:00,1714605300000,179.89,180.0,179.85,179.85,17616.0,179.9082
2024-05-01 18:30:00,1714606200000,179.84,179.95,179.74,179.92,16626.0,179.8746
2024-05-01 18:45:00,1714607100000,179.8801,180.16,179.81,179.93,29915.0,180.0279
2024-05-02 03:00:00,1714636800000,180.95,181.57,180.68,181.23,30155.0,181.2087
2024-05-02 03:15:00,1714637700000,181.23,181.45,181.06,181.45,25774.0,181.2339
2024-05-02 03:30:00,1714638600000,181.51,181.55,181.26,181.41,13245.0,181.3941
2024-05-02 03:45:00,1714639500000,181.4,181.53,181.2,181.31,16460.0,181.3891
2024-05-02 04:00:00,1714640400000,181.28,181.66,181.24,181.52,15137.0,181.4687
2024-05-02 04:15:00,1714641300000,181.48,181.52,181.27,181.32,5968.0,181.4221
2024-05-02 04:30:00,1714642200000,181.31,181.4,181.31,181.35,4233.0,181.3466
2024-05-02 04:45:00,1714643100000,181.28,181.64,181.19,181.64,12349.0,181.447
2024-05-02 05:00:00,1714644000000,181.6,181.88,181.51,181.6,20512.0,181.7418
2024-05-02 05:15:00,1714644900000,181.7,181.79,181.45,181.45,17750.0,181.6609
2024-05-02 05:30:00,1714645800000,181.6,181.71,181.6,181.71,8011.0,181.6492
2024-05-02 05:45:00,1714646700000,181.71,182.0,181.66,182.0,9646.0,181.8151
2024-05-02 06:00:00,1714647600000,181.9,181.9,181.49,181.65,17544.0,181.7182
2024-05-02 06:15:00,1714648500000,181.65,181.65,181.4,181.48,14376.0,181.5487
2024-05-02 06:30:00,1714649400000,181.39,181.43,181.15,181.18,12855.0,181.2891
2024-05-02 06:45:00,1714650300000,181.13,181.15,181.0,181.1,15157.0,181.0461
2024-05-02 07:00:00,1714651200000,181.65,181.9485,180.14,181.64,149904.0,181.2815
2024-05-02 07:15:00,1714652100000,181.64,181.7972,181.45,181.55,53058.0,181.6367
2024-05-02 07:30:00,1714653000000,181.54,181.85,181.3,181.69,52485.0,181.6318
2024-05-02 07:45:00,1714653900000,181.5645,181.67,181.3,181.3876,54529.0,181.4418
2024-05-02 08:00:00,1714654800000,181.4,181.75,181.32,181.73,61573.0,181.532
2024-05-02 08:15:00,1714655700000,181.6,181.85,180.34,180.67,178959.0,181.2276
2024-05-02 08:30:00,1714656600000,180.85,183.1792,179.91,183.1501,5236422.0,181.406
2024-05-02 08:45:00,1714657500000,183.18,183.185,181.51,182.79,3546928.0,182.6024
2024-05-02 09:00:00,1714658400000,182.79,182.81,180.92,181.1706,2962409.0,181.9331
2024-05-02 09:15:00,1714659300000,181.205,181.7,180.55,181.5076,2240192.0,181.1759
2024-05-02 09:30:00,1714660200000,181.48,182.18,181.18,181.3999,1519461.0,181.7437
2024-05-02 09:45:00,1714661100000,181.402,182.04,180.98,181.9816,1289789.0,181.6731
2024-05-02 10:00:00,1714662000000,181.99,182.6,181.7801,182.38,1338461.0,182.3006
2024-05-02 10:15:00,1714662900000,182.3832,182.9,181.41,181.4957,1105709.0,181.9969
2024-05-02 10:30:00,1714663800000,181.49,181.7401,181.11,181.625,1079659.0,181.4996
2024-05-02 10:45:00,1714664700000,181.64,182.21,181.53,182.175,863981.0,181.8752
2024-05-02 11:00:00,1714665600000,182.19,182.54,181.79,181.83,1181204.0,182.2268
2024-05-02 11:15:00,1714666500000,181.83,182.2,181.666,182.13,922373.0,181.9538
2024-05-02 11:30:00,1714667400000,182.131,182.44,181.71,182.39,887205.0,182.0913
2024-05-02 11:45:00,1714668300000,182.38,182.5611,182.111,182.25,830920.0,182.3967
2024-05-02 12:00:00,1714669200000,182.28,183.28,182.21,183.1001,1266917.0,182.7285
2024-05-02 12:15:00,1714670100000,183.12,184.18,183.06,184.11,1651224.0,183.5587
2024-05-02 12:30:00,1714671000000,184.1,184.77,183.85,184.76,1982710.0,184.2446
2024-05-02 12:45:00,1714671900000,184.76,185.1,184.3,184.41,2544005.0,184.6832
2024-05-02 13:00:00,1714672800000,184.4307,184.84,184.2559,184.375,2197724.0,184.631
2024-05-02 13:15:00,1714673700000,184.39,184.52,183.92,184.3,1224013.0,184.1625
2024-05-02 13:30:00,1714674600000,184.3,184.89,184.21,184.87,1356930.0,184.626
2024-05-02 13:45:00,1714675500000,184.87,185.06,184.63,184.71,1436899.0,184.8794
2024-05-02 14:00:00,1714676400000,184.74,184.95,184.2301,184.67,1559142.0,184.5991
2024-05-02 14:15:00,1714677300000,184.6653,184.9,184.48,184.75,1058223.0,184.7448
2024-05-02 14:30:00,1714678200000,184.74,184.775,183.65,184.06,1990527.0,184.1015
2024-05-02 14:45:00,1714679100000,184.05,184.82,183.86,184.77,3478266.0,184.4337
2024-05-02 15:00:00,1714680000000,184.72,185.0,184.47,184.48,707873.0,184.7163
2024-05-02 15:15:00,1714680900000,184.5,184.72,184.04,184.22,218571.0,184.6659
2024-05-02 15:30:00,1714681800000,184.21,185.15,184.2,184.47,689225.0,184.7412
2024-05-02 15:45:00,1714682700000,184.55,185.03,184.09,184.24,126391.0,184.6485
2024-05-02 16:00:00,1714683600000,184.24,184.58,184.07,184.14,47959.0,184.2926
2024-05-02 16:15:00,1714684500000,184.09,184.26,184.01,184.25,47183.0,184.0867
2024-05-02 16:30:00,1714685400000,184.25,184.5108,184.12,184.4,21100.0,184.3207
2024-05-02 16:45:00,1714686300000,184.2907,184.66,184.2907,184.66,30623.0,184.4837
2024-05-02 17:00:00,1714687200000,184.64,184.64,184.31,184.35,18765.0,184.5171
2024-05-02 17:15:00,1714688100000,184.35,185.1,184.35,184.78,21102.0,184.8665
2024-05-02 17:30:00,1714689000000,184.77,184.85,184.55,184.72,12383.0,184.7207
2024-05-02 17:45:00,1714689900000,184.75,184.8342,184.57,184.75,7077.0,184.7277
2024-05-02 18:00:00,1714690800000,184.74,184.74,184.52,184.59,6421.0,184.6121
2024-05-02 18:15:00,1714691700000,184.65,184.74,184.56,184.58,9190.0,184.6387
2024-05-02 18:30:00,1714692600000,184.58,184.67,184.56,184.5701,8774.0,184.6115
2024-05-02 18:45:00,1714693500000,184.64,184.84,184.64,184.82,18118.0,184.7722
2024-05-03 03:00:00,1714723200000,183.98,184.34,183.92,184.15,10219.0,184.1319
2024-05-03 03:15:00,1714724100000,184.07,184.15,184.05,184.15,3690.0,184.1081
2024-05-03 03:30:00,1714725000000,184.47,184.48,184.46,184.48,1035.0,184.4703
2024-05-03 03:45:00,1714725900000,184.6,184.72,184.6,184.7,4716.0,184.6935
2024-05-03 04:00:00,1714726800000,184.69,184.69,184.6,184.6,1181.0,184.6134
2024-05-03 04:15:00,1714727700000,184.58,184.59,184.21,184.25,9553.0,184.3967
2024-05-03 04:30:00,1714728600000,184.29,184.3,184.22,184.22,7489.0,184.2886
2024-05-03 04:45:00,1714729500000,184.4,184.44,184.4,184.44,1401.0,184.4147
2024-05-03 05:00:00,1714730400000,184.54,184.54,184.3,184.3,7838.0,184.4279
2024-05-03 05:15:00,1714731300000,184.31,184.31,184.31,184.31,667.0,184.3138
2024-05-03 05:30:00,1714732200000,184.29,184.29,184.29,184.29,280.0,184.2863
2024-05-03 05:45:00,1714733100000,184.37,184.37,184.15,184.29,3513.0,184.2203
2024-05-03 06:00:00,1714734000000,184.29,184.34,184.17,184.34,18805.0,184.274
2024-05-03 06:15:00,1714734900000,184.31,184.44,184.31,184.44,10297.0,184.3645
2024-05-03 06:30:00,1714735800000,184.49,184.49,184.02,184.12,17630.0,184.281
2024-05-03 06:45:00,1714736700000,184.1,184.32,184.08,184.24,12915.0,184.2394
2024-05-03 07:00:00,1714737600000,184.34,184.79,183.51,184.31,77875.0,184.2884
2024-05-03 07:15:00,1714738500000,184.32,184.37,183.82,184.03,32589.0,184.0814
2024-05-03 07:30:00,1714739400000,183.8,186.73,183.8,186.3,356835.0,186.0381
2024-05-03 07:45:00,1714740300000,186.31,187.21,186.3,187.13,191352.0,186.7615
2024-05-03 08:00:00,1714741200000,187.2,187.76,187.04,187.4,236237.0,187.3825
2024-05-03 08:15:00,1714742100000,187.4,187.5,186.55,186.84,170161.0,187.1063
2024-05-03 08:30:00,1714743000000,186.99,187.1,185.42,186.8699,4562907.0,186.2964
2024-05-03 08:45:00,1714743900000,186.84,187.23,186.13,186.39,2922431.0,186.7285
2024-05-03 09:00:00,1714744800000,186.42,187.0599,185.83,186.4606,2313405.0,186.3491
2024-05-03 09:15:00,1714745700000,186.5,187.18,185.98,186.89,1701063.0,186.5307
2024-05-03 09:30:00,1714746600000,186.895,187.84,186.65,187.84,1851998.0,187.2339
2024-05-03 09:45:00,1714747500000,187.84,187.87,187.03,187.03,1699937.0,187.48
2024-05-03 10:00:00,1714748400000,187.04,187.1,185.74,186.0141,1477300.0,186.371
2024-05-03 10:15:00,1714749300000,186.01,186.29,185.725,185.7739,1371473.0,186.0235
2024-05-03 10:30:00,1714750200000,185.8,186.7,185.8,186.54,1052748.0,186.3889
2024-05-03 10:45:00,1714751100000,186.54,186.79,186.3,186.6668,707151.0,186.6082
2024-05-03 11:00:00,1714752000000,186.67,186.7399,186.38,186.45,614159.0,186.5658
2024-05-03 11:15:00,1714752900000,186.467,186.62,186.24,186.335,753116.0,186.4519
2024-05-03 11:30:00,1714753800000,186.33,186.8,186.25,186.56,625069.0,186.5209
2024-05-03 11:45:00,1714754700000,186.5598,186.64,185.9501,186.09,737344.0,186.2372
2024-05-03 12:00:00,1714755600000,186.09,186.57,186.09,186.54,685645.0,186.4081
2024-05-03 12:15:00,1714756500000,186.53,186.58,186.2,186.27,588396.0,186.375
2024-05-03 12:30:00,1714757400000,186.27,186.36,186.05,186.11,594963.0,186.1941
2024-05-03 12:45:00,1714758300000,186.09,186.45,186.06,186.16,673746.0,186.2658
2024-05-03 13:00:00,1714759200000,186.17,186.6399,186.17,186.48,830554.0,186.4336
2024-05-03 13:15:00,1714760100000,186.48,186.6582,186.4,186.415,538939.0,186.5303
2024-05-03 13:30:00,1714761000000,186.42,186.6699,186.33,186.4901,604246.0,186.4782
2024-05-03 13:45:00,1714761900000,186.5,186.555,186.26,186.3601,579133.0,186.4339
2024-05-03 14:00:00,1714762800000,186.35,186.41,186.04,186.054,741281.0,186.2229
2024-05-03 14:15:00,1714763700000,186.05,186.29,186.04,186.17,909700.0,186.1569
2024-05-03 14:30:00,1714764600000,186.17,186.24,185.83,186.195,1216372.0,186.0829
2024-05-03 14:45:00,1714765500000,186.19,186.48,186.04,186.25,2424792.0,186.231
2024-05-03 15:00:00,1714766400000,186.21,186.3675,186.1,186.21,895191.0,186.208
2024-05-03 15:15:00,1714767300000,186.21,186.26,186.11,186.11,34620.0,186.2165
2024-05-03 15:30:00,1714768200000,186.11,186.13,185.9,185.99,39757.0,186.0562
2024-05-03 15:45:00,1714769100000,185.99,185.99,185.86,185.94,24808.0,182.24
2024-05-03 16:00:00,1714770000000,185.95,185.96,185.8,185.84,15684.0,185.8824
2024-05-03 16:15:00,1714770900000,185.83,185.95,185.81,185.95,10089.0,185.8451
2024-05-03 16:30:00,1714771800000,185.9,186.0,185.8348,186.0,17980.0,185.9743
2024-05-03 16:45:00,1714772700000,185.9996,186.21,185.86,185.86,15111.0,185.9359
2024-05-03 17:00:00,1714773600000,185.85,185.9899,185.85,185.98,4783.0,185.8879
2024-05-03 17:15:00,1714774500000,185.88,185.979,185.87,185.9024,3468.0,185.9192
2024-05-03 17:30:00,1714775400000,185.96,185.99,185.9458,185.9458,6367.0,185.9609
2024-05-03 17:45:00,1714776300000,185.99,186.0,185.97,186.0,12066.0,185.9977
2024-05-03 18:00:00,1714777200000,185.98,185.99,185.9,185.99,5341.0,185.9361
2024-05-03 18:15:00,1714778100000,185.95,185.95,185.7501,185.8,29070.0,185.8247
2024-05-03 18:30:00,1714779000000,185.87,185.9,185.84,185.9,5166.0,185.8596
2024-05-03 18:45:00,1714779900000,185.85,185.9,185.81,185.82,7127.0,185.8682
2024-05-06 03:00:00,1714982400000,185.85,186.09,185.85,186.0,7325.0,185.9308
2024-05-06 03:15:00,1714983300000,186.06,186.2,185.97,186.2,6308.0,186.0578
2024-05-06 03:30:00,1714984200000,186.21,186.23,186.15,186.15,4375.0,186.2011
2024-05-06 03:45:00,1714985100000,186.13,186.15,186.0,186.0,4915.0,186.0756
2024-05-06 04:00:00,1714986000000,186.15,186.17,186.15,186.17,1554.0,186.1596
2024-05-06 04:15:00,1714986900000,186.19,186.19,186.17,186.17,903.0,186.1888
2024-05-06 04:30:00,1714987800000,186.17,186.3,186.17,186.3,1587.0,186.2233
2024-05-06 04:45:00,1714988700000,186.25,186.31,186.25,186.31,4011.0,186.2843
2024-05-06 05:00:00,1714989600000,186.18,186.31,186.18,186.31,1249.0,186.2655
2024-05-06 05:15:00,1714990500000,186.16,186.16,186.1,186.1,1303.0,186.1201
2024-05-06 05:30:00,1714991400000,186.01,186.01,185.99,186.01,4029.0,186.0011
2024-05-06 05:45:00,1714992300000,186.06,186.11,186.03,186.11,2153.0,186.063
2024-05-06 06:00:00,1714993200000,186.08,186.08,185.99,186.03,14945.0,186.0383
2024-05-06 06:15:00,1714994100000,186.06,186.06,185.99,186.01,4125.0,186.0222
2024-05-06 06:30:00,1714995000000,186.05,186.18,186.0,186.14,7462.0,186.0926
2024-05-06 06:45:00,1714995900000,186.14,186.2,186.11,186.14,6090.0,186.1684
2024-05-06 07:00:00,1714996800000,186.05,186.21,185.61,186.21,66249.0,186.0885
2024-05-06 07:15:00,1714997700000,186.23,186.4597,186.2,186.42,25945.0,186.3135
2024-05-06 07:30:00,1714998600000,186.45,186.5,186.32,186.33,30321.0,186.4215
2024-05-06 07:45:00,1714999500000,186.38,186.5,186.34,186.35,32045.0,186.4141
2024-05-06 08:00:00,1715000400000,186.35,186.39,186.12,186.2316,26104.0,186.2536
2024-05-06 08:15:00,1715001300000,186.2,186.45,186.1,186.27,56005.0,186.2961
2024-05-06 08:30:00,1715002200000,186.28,186.469,184.8,186.2388,3529184.0,185.86
2024-05-06 08:45:00,1715003100000,186.265,186.33,185.3,185.6299,1958928.0,185.7295
2024-05-06 09:00:00,1715004000000,185.63,186.0,185.25,185.495,1809113.0,185.5553
2024-05-06 09:15:00,1715004900000,185.49,186.28,185.3542,186.21,1617870.0,185.741
2024-05-06 09:30:00,1715005800000,186.205,186.51,186.02,186.13,1062056.0,186.2189
2024-05-06 09:45:00,1715006700000,186.15,186.59,186.04,186.55,1142232.0,186.3732
2024-05-06 10:00:00,1715007600000,186.585,187.05,186.54,186.798,1227139.0,186.7711
2024-05-06 10:15:00,1715008500000,186.7938,187.14,186.6764,186.8,881453.0,186.9029
2024-05-06 10:30:00,1715009400000,186.81,187.18,186.6763,186.825,1075262.0,186.9742
2024-05-06 10:45:00,1715010300000,186.8232,186.91,186.65,186.725,544276.0,186.806
2024-05-06 11:00:00,1715011200000,186.74,186.975,186.73,186.88,594966.0,186.8812
2024-05-06 11:15:00,1715012100000,186.89,186.9399,186.5102,186.6487,568465.0,186.6812
2024-05-06 11:30:00,1715013000000,186.65,186.9399,186.6125,186.73,577048.0,186.7674
2024-05-06 11:45:00,1715013900000,186.74,186.79,186.36,186.77,701312.0,186.577
2024-05-06 12:00:00,1715014800000,186.77,186.88,186.6125,186.705,528821.0,186.7647
2024-05-06 12:15:00,1715015700000,186.7198,186.76,186.47,186.56,494867.0,186.6185
2024-05-06 12:30:00,1715016600000,186.5366,186.87,186.41,186.8126,544322.0,186.6408
2024-05-06 12:45:00,1715017500000,186.81,186.86,186.68,186.735,364355.0,186.7743
2024-05-06 13:00:00,1715018400000,186.74,186.99,186.69,186.9578,589962.0,186.8291
2024-05-06 13:15:00,1715019300000,186.955,187.49,186.94,187.48,957927.0,187.1784
2024-05-06 13:30:00,1715020200000,187.4844,187.54,187.2186,187.38,886366.0,187.3893
2024-05-06 13:45:00,1715021100000,187.37,187.75,187.3613,187.685,806408.0,187.5447
2024-05-06 14:00:00,1715022000000,187.68,187.7392,187.456,187.64,804345.0,187.6022
2024-05-06 14:15:00,1715022900000,187.645,187.726,187.5101,187.6441,912199.0,187.6321
2024-05-06 14:30:00,1715023800000,187.65,187.925,187.525,187.86,1105281.0,187.7734
2024-05-06 14:45:00,1715024700000,187.8613,188.745,187.73,188.69,3391334.0,188.2901
2024-05-06 15:00:00,1715025600000,188.7,188.89,188.14,188.3,995635.0,188.6811
2024-05-06 15:15:00,1715026500000,188.35,188.7,188.25,188.49,75608.0,188.563
2024-05-06 15:30:00,1715027400000,188.4606,188.7,188.3,188.3601,419510.0,188.686
2024-05-06 15:45:00,1715028300000,188.39,188.45,188.26,188.34,24569.0,188.3103
2024-05-06 16:00:00,1715029200000,188.33,188.7,188.27,188.4,160364.0,188.67
2024-05-06 16:15:00,1715030100000,188.36,188.7,188.35,188.4996,14074.0,188.4788
2024-05-06 16:30:00,1715031000000,188.4,188.5,188.38,188.38,3019.0,188.4038
2024-05-06 16:45:00,1715031900000,188.3904,188.45,188.38,188.38,5861.0,188.4012
2024-05-06 17:00:00,1715032800000,188.38,188.43,188.34,188.34,5155.0,188.3782
2024-05-06 17:15:00,1715033700000,188.3419,188.43,188.31,188.43,5760.0,188.3261
2024-05-06 17:30:00,1715034600000,188.43,188.43,188.3,188.3,6028.0,188.331
2024-05-06 17:45:00,1715035500000,188.3,188.3391,188.26,188.31,5837.0,188.2922
2024-05-06 18:00:00,1715036400000,188.36,188.51,188.35,188.4,28409.0,188.466
2024-05-06 18:15:00,1715037300000,188.44,188.65,188.38,188.6,9492.0,188.5413
2024-05-06 18:30:00,1715038200000,188.58,188.65,188.52,188.52,5618.0,188.5652
2024-05-06 18:45:00,1715039100000,188.43,188.62,188.4,188.46,5528.0,188.4765
2024-05-07 03:00:00,1715068800000,188.24,188.26,188.09,188.09,1887.0,188.1376
2024-05-07 03:15:00,1715069700000,188.08,188.18,188.08,188.18,4731.0,188.1053
2024-05-07 03:30:00,1715070600000,188.18,188.18,188.18,188.18,799.0,188.1731
2024-05-07 03:45:00,1715071500000,188.14,188.14,188.08,188.11,2109.0,188.1137
2024-05-07 04:00:00,1715072400000,188.3,188.31,188.27,188.27,747.0,188.2927
2024-05-07 04:15:00,1715073300000,188.3,188.3,188.23,188.25,1168.0,188.2719
2024-05-07 04:30:00,1715074200000,188.25,188.25,188.25,188.25,539.0,188.2457
2024-05-07 04:45:00,1715075100000,188.15,188.2,188.14,188.14,813.0,188.164
2024-05-07 05:00:00,1715076000000,188.08,188.11,188.06,188.06,2077.0,188.1051
2024-05-07 05:15:00,1715076900000,188.06,188.06,187.85,187.96,2581.0,187.9529
2024-05-07 05:30:00,1715077800000,187.86,187.87,187.77,187.84,2122.0,187.823
2024-05-07 05:45:00,1715078700000,187.9,187.92,187.9,187.92,1565.0,187.9067
2024-05-07 06:00:00,1715079600000,187.9,187.98,187.69,187.81,17753.0,187.8473
2024-05-07 06:15:00,1715080500000,187.87,187.87,187.66,187.8,9594.0,187.744
2024-05-07 06:30:00,1715081400000,187.8,187.81,187.67,187.67,8522.0,187.7481
2024-05-07 06:45:00,1715082300000,187.7,187.81,187.7,187.8,6969.0,187.7728
2024-05-07 07:00:00,1715083200000,187.91,188.43,187.68,187.85,71929.0,187.882
2024-05-07 07:15:00,1715084100000,187.82,187.93,187.82,187.9,12880.0,187.8793
2024-05-07 07:30:00,1715085000000,187.91,188.15,187.91,188.15,38894.0,188.3696
2024-05-07 07:45:00,1715085900000,188.18,188.48,188.12,188.35,31869.0,188.2839
2024-05-07 08:00:00,1715086800000,188.34,188.5,188.28,188.38,37447.0,188.3864
2024-05-07 08:15:00,1715087700000,188.39,189.0,188.3,189.0,94008.0,188.7148
2024-05-07 08:30:00,1715088600000,188.92,189.27,188.27,189.0609,3334899.0,188.7742
2024-05-07 08:45:00,1715089500000,189.06,189.46,188.62,188.975,2002510.0,189.0112
2024-05-07 09:00:00,1715090400000,188.99,189.4,188.64,188.95,1466282.0,188.9879
2024-05-07 09:15:00,1715091300000,188.95,188.9761,188.11,188.25,1245550.0,188.5689
2024-05-07 09:30:00,1715092200000,188.24,188.55,188.12,188.46,896669.0,188.3489
2024-05-07 09:45:00,1715093100000,188.48,189.16,188.469,189.05,871101.0,188.8591
2024-05-07 10:00:00,1715094000000,189.08,189.21,188.926,189.16,895198.0,189.1158
2024-05-07 10:15:00,1715094900000,189.16,189.21,188.97,189.03,775297.0,189.078
2024-05-07 10:30:00,1715095800000,189.0219,189.67,188.83,189.6673,1335778.0,189.3135
2024-05-07 10:45:00,1715096700000,189.6566,189.94,189.37,189.47,1397423.0,189.6674
2024-05-07 11:00:00,1715097600000,189.47,189.51,189.26,189.335,828380.0,189.4222
2024-05-07 11:15:00,1715098500000,189.345,189.5,188.96,189.1888,763906.0,189.2161
2024-05-07 11:30:00,1715099400000,189.186,189.2,188.8001,188.905,672764.0,188.9951
2024-05-07 11:45:00,1715100300000,188.91,188.945,188.6601,188.88,626032.0,188.8111
2024-05-07 12:00:00,1715101200000,188.8781,189.22,188.878,188.955,744355.0,189.0386
2024-05-07 12:15:00,1715102100000,188.95,189.055,188.78,188.92,598356.0,188.9271
2024-05-07 12:30:00,1715103000000,188.92,189.2001,188.8,188.86,785449.0,189.0237
2024-05-07 12:45:00,1715103900000,188.8716,188.96,188.25,188.4298,824360.0,188.6171
2024-05-07 13:00:00,1715104800000,188.38,188.5611,188.19,188.37,501165.0,188.4047
2024-05-07 13:15:00,1715105700000,188.37,188.39,187.73,187.8501,970189.0,188.0337
2024-05-07 13:30:00,1715106600000,187.85,187.9,187.305,187.77,1259662.0,187.596
2024-05-07 13:45:00,1715107500000,187.761,187.93,187.66,187.915,703911.0,187.7895
2024-05-07 14:00:00,1715108400000,187.92,188.35,187.795,188.325,754563.0,188.0368
2024-05-07 14:15:00,1715109300000,188.33,188.36,188.01,188.16,733585.0,188.2098
2024-05-07 14:30:00,1715110200000,188.18,188.2099,187.94,188.19,758497.0,188.1057
2024-05-07 14:45:00,1715111100000,188.19,189.04,188.13,188.78,2592327.0,188.6868
2024-05-07 15:00:00,1715112000000,188.86,189.0,188.69,188.8,968077.0,188.7606
2024-05-07 15:15:00,1715112900000,188.79,188.79,188.6073,188.7109,29762.0,188.7516
2024-05-07 15:30:00,1715113800000,188.71,188.73,188.38,188.6,17743.0,188.5629
2024-05-07 15:45:00,1715114700000,188.56,188.6,188.48,188.49,13917.0,188.521
2024-05-07 16:00:00,1715115600000,188.4317,188.54,188.42,188.54,6608.0,188.4852
2024-05-07 16:15:00,1715116500000,188.51,188.56,188.51,188.55,374507.0,188.7579
2024-05-07 16:30:00,1715117400000,188.56,188.68,188.56,188.56,2313.0,188.595
2024-05-07 16:45:00,1715118300000,188.55,188.76,188.5,188.5485,7516.0,188.6503
2024-05-07 17:00:00,1715119200000,188.55,188.55,188.3769,188.5487,908.0,188.4984
2024-05-07 17:15:00,1715120100000,188.54,188.54,188.42,188.42,224.0,188.4827
2024-05-07 17:30:00,1715121000000,188.54,188.61,188.45,188.61,4095.0,188.5551
2024-05-07 17:45:00,1715121900000,188.69,188.74,188.61,188.74,4049.0,188.6741
2024-05-07 18:00:00,1715122800000,188.69,188.69,188.66,188.69,2158.0,188.6783
2024-05-07 18:15:00,1715123700000,188.7,188.7,188.63,188.7,5898.0,188.6701
2024-05-07 18:30:00,1715124600000,188.62,188.69,188.62,188.65,1671.0,188.6463
2024-05-07 18:45:00,1715125500000,188.65,188.75,188.62,188.7301,5678.0,188.7082
2024-05-08 03:00:00,1715155200000,188.76,188.76,188.64,188.64,716.0,188.7084
2024-05-08 03:15:00,1715156100000,188.72,188.76,188.72,188.76,1298.0,188.7486
2024-05-08 03:30:00,1715157000000,188.68,188.68,188.64,188.68,1054.0,188.6538
2024-05-08 03:45:00,1715157900000,188.64,188.64,188.63,188.63,1517.0,188.6299
2024-05-08 04:15:00,1715159700000,188.7,188.7,188.65,188.65,682.0,188.6779
2024-05-08 04:30:00,1715160600000,188.76,188.85,188.76,188.85,2146.0,188.8061
2024-05-08 04:45:00,1715161500000,188.91,188.91,188.8,188.8,3128.0,188.8308
2024-05-08 05:00:00,1715162400000,188.71,188.71,188.71,188.71,647.0,188.7009
2024-05-08 05:15:00,1715163300000,188.8,188.8,188.79,188.79,1082.0,188.7765
2024-05-08 05:30:00,1715164200000,188.65,188.65,188.63,188.63,714.0,188.6235
2024-05-08 05:45:00,1715165100000,188.6,188.7,188.6,188.6,823.0,188.6219
2024-05-08 06:00:00,1715166000000,188.74,188.74,187.09,187.25,73690.0,187.6416
2024-05-08 06:15:00,1715166900000,187.25,187.49,187.22,187.49,23022.0,187.3541
2024-05-08 06:30:00,1715167800000,187.5,187.52,187.35,187.47,16274.0,187.4554
2024-05-08 06:45:00,1715168700000,187.5,187.51,187.44,187.5,11998.0,187.4947
2024-05-08 07:00:00,1715169600000,187.3,188.74,187.14,187.3,84071.0,187.5598
2024-05-08 07:15:00,1715170500000,187.25,188.76,187.12,187.2,36589.0,187.3316
2024-05-08 07:30:00,1715171400000,187.23,187.268,186.95,186.98,44262.0,187.0698
2024-05-08 07:45:00,1715172300000,186.97,187.15,186.9,187.13,29065.0,186.9993
2024-05-08 08:00:00,1715173200000,187.18,187.18,187.02,187.14,23742.0,187.0869
2024-05-08 08:15:00,1715174100000,187.15,187.4,186.94,187.3574,39651.0,187.134
2024-05-08 08:30:00,1715175000000,187.44,188.25,187.19,187.32,2702482.0,187.6097
2024-05-08 08:45:00,1715175900000,187.31,187.53,186.385,187.03,2270501.0,186.8716
2024-05-08 09:00:00,1715176800000,187.04,187.39,186.8,187.11,1243373.0,187.0572
2024-05-08 09:15:00,1715177700000,187.1,187.76,187.09,187.645,937570.0,187.4482
2024-05-08 09:30:00,1715178600000,187.63,187.93,187.2492,187.9,841794.0,187.5935
2024-05-08 09:45:00,1715179500000,187.9,188.43,187.86,188.045,1161188.0,188.1421
2024-05-08 10:00:00,1715180400000,188.06,188.23,187.72,187.85,665216.0,187.9605
2024-05-08 10:15:00,1715181300000,187.85,187.99,187.72,187.77,515740.0,187.8389
2024-05-08 10:30:00,1715182200000,187.75,187.9,187.52,187.56,510046.0,187.7117
2024-05-08 10:45:00,1715183100000,187.55,187.72,187.46,187.5,416581.0,187.5773
2024-05-08 11:00:00,1715184000000,187.4902,187.6725,187.36,187.5,327840.0,187.5395
2024-05-08 11:15:00,1715184900000,187.51,187.665,187.42,187.44,404630.0,187.5517
2024-05-08 11:30:00,1715185800000,187.45,187.4693,187.075,187.17,527797.0,187.2868
2024-05-08 11:45:00,1715186700000,187.18,187.328,187.09,187.147,482501.0,187.1852
2024-05-08 12:00:00,1715187600000,187.1271,187.33,186.86,187.1426,628767.0,187.1256
2024-05-08 12:15:00,1715188500000,187.15,187.275,186.9901,187.1,384639.0,187.1353
2024-05-08 12:30:00,1715189400000,187.1,187.265,186.97,187.13,450479.0,187.125
2024-05-08 12:45:00,1715190300000,187.13,187.38,187.09,187.3026,445743.0,187.2441
2024-05-08 13:00:00,1715191200000,187.31,187.8501,187.27,187.79,1028103.0,187.5745
2024-05-08 13:15:00,1715192100000,187.78,188.1,187.72,188.0119,914050.0,187.9343
2024-05-08 13:30:00,1715193000000,188.0001,188.15,187.75,187.83,859785.0,187.9724
2024-05-08 13:45:00,1715193900000,187.8162,188.05,187.8,188.0,532479.0,187.9328
2024-05-08 14:00:00,1715194800000,188.0,188.0109,187.7205,187.81,511172.0,187.8475
2024-05-08 14:15:00,1715195700000,187.8,188.0733,187.75,187.95,532446.0,187.9675
2024-05-08 14:30:00,1715196600000,187.955,188.08,187.7907,187.8674,559960.0,187.9323
2024-05-08 14:45:00,1715197500000,187.8643,188.34,187.8323,187.93,1961807.0,188.043
2024-05-08 15:00:00,1715198400000,188.0,188.0682,187.62,187.79,302928.0,187.9876
2024-05-08 15:15:00,1715199300000,188.0,188.0,187.75,187.76,45436.0,187.9583
2024-05-08 15:30:00,1715200200000,187.79,188.0,187.7,187.71,15804.0,187.888
2024-05-08 15:45:00,1715201100000,187.74,187.76,187.72,187.76,7290.0,187.4209
2024-05-08 16:00:00,1715202000000,187.74,187.75,187.7,187.75,7568.0,187.7066
2024-05-08 16:15:00,1715202900000,187.74,188.0,187.71,188.0,299075.0,187.9976
2024-05-08 16:30:00,1715203800000,187.71,187.77,187.71,187.76,4966.0,187.7625
2024-05-08 16:45:00,1715204700000,187.72,187.7499,187.72,187.73,919.0,187.7359
2024-05-08 17:00:00,1715205600000,187.72,187.75,187.71,187.71,1569.0,187.7232
2024-05-08 17:15:00,1715206500000,187.79,187.84,187.79,187.84,1261.0,187.7954
2024-05-08 17:30:00,1715207400000,187.84,187.87,187.84,187.87,542.0,187.8423
2024-05-08 17:45:00,1715208300000,187.86,187.86,187.79,187.79,2780.0,187.8122
2024-05-08 18:00:00,1715209200000,187.77,187.88,187.77,187.82,1738.0,187.8408
2024-05-08 18:15:00,1715210100000,187.75,187.88,187.75,187.85,1635.0,187.835
2024-05-08 18:30:00,1715211000000,187.86,187.95,187.8,187.95,3340.0,187.8578
2024-05-08 18:45:00,1715211900000,187.92,187.95,187.83,187.95,5305.0,187.9123
2024-05-09 03:00:00,1715241600000,187.25,187.44,187.21,187.4,3379.0,187.4196
2024-05-09 03:15:00,1715242500000,187.43,187.43,187.4,187.4,1982.0,187.4057
2024-05-09 03:30:00,1715243400000,187.39,187.39,187.3,187.3,724.0,187.3534
2024-05-09 03:45:00,1715244300000,187.4,187.4,187.4,187.4,442.0,187.3995
2024-05-09 04:00:00,1715245200000,187.39,187.4,187.39,187.4,607.0,187.3939
2024-05-09 04:15:00,1715246100000,187.35,187.35,187.3,187.3,2594.0,187.3065
2024-05-09 04:30:00,1715247000000,187.4,187.4,187.4,187.4,315.0,187.4039
2024-05-09 04:45:00,1715247900000,187.53,187.53,187.53,187.53,656.0,187.5305
2024-05-09 05:45:00,1715251500000,187.73,187.73,187.69,187.69,811.0,187.723
2024-05-09 06:00:00,1715252400000,187.76,187.76,187.65,187.7,2733.0,187.6998
2024-05-09 06:15:00,1715253300000,187.7,187.72,187.7,187.72,486.0,187.7027
2024-05-09 06:30:00,1715254200000,187.77,187.88,187.77,187.85,4209.0,187.806
2024-05-09 06:45:00,1715255100000,187.86,187.86,187.82,187.85,1783.0,187.8523
2024-05-09 07:00:00,1715256000000,187.73,187.9395,187.25,187.7115,22613.0,187.73
2024-05-09 07:15:00,1715256900000,187.77,187.963,187.77,187.963,8355.0,187.8217
2024-05-09 07:30:00,1715257800000,187.92,188.41,187.87,188.2507,31856.0,188.2173
2024-05-09 07:45:00,1715258700000,188.23,188.6205,188.19,188.6,48646.0,188.3881
2024-05-09 08:00:00,1715259600000,188.6,188.78,188.5,188.6,27434.0,188.671
2024-05-09 08:15:00,1715260500000,188.59,188.97,188.45,188.96,62202.0,188.7025
2024-05-09 08:30:00,1715261400000,188.88,190.44,188.2,188.37,4637072.0,189.3636
2024-05-09 08:45:00,1715262300000,188.38,188.39,187.44,188.09,2283781.0,187.8434
2024-05-09 09:00:00,1715263200000,188.085,188.8199,188.08,188.54,1479877.0,188.5077
2024-05-09 09:15:00,1715264100000,188.56,189.15,188.51,188.75,1303899.0,188.8569
2024-05-09 09:30:00,1715265000000,188.7595,189.9392,188.74,189.77,1388969.0,189.4834
2024-05-09 09:45:00,1715265900000,189.79,190.19,189.76,189.93,1972571.0,190.0048
2024-05-09 10:00:00,1715266800000,189.95,190.04,189.7,189.93,923308.0,189.9102
2024-05-09 10:15:00,1715267700000,189.9299,190.68,189.8601,190.49,1971848.0,190.3024
2024-05-09 10:30:00,1715268600000,190.51,191.2898,190.34,190.695,2308954.0,190.8938
2024-05-09 10:45:00,1715269500000,190.695,190.915,190.3446,190.35,873457.0,190.6347
2024-05-09 11:00:00,1715270400000,190.3599,190.8,190.18,190.7999,1371817.0,190.5163
2024-05-09 11:15:00,1715271300000,190.78,190.99,190.5585,190.8666,1034166.0,190.8019
2024-05-09 11:30:00,1715272200000,190.87,190.875,190.48,190.8271,618672.0,190.7342
2024-05-09 11:45:00,1715273100000,190.83,191.24,190.74,191.21,1591998.0,191.0438
2024-05-09 12:00:00,1715274000000,191.21,191.7,191.15,191.38,1705194.0,191.4602
2024-05-09 12:15:00,1715274900000,191.39,191.39,190.65,190.9074,1422177.0,190.9943
2024-05-09 12:30:00,1715275800000,190.8946,190.8946,190.57,190.7562,808036.0,190.7094
2024-05-09 12:45:00,1715276700000,190.76,190.91,190.3601,190.49,750605.0,190.5728
2024-05-09 13:00:00,1715277600000,190.4936,190.65,190.28,190.3,729553.0,190.4972
2024-05-09 13:15:00,1715278500000,190.29,190.67,190.23,190.635,670925.0,190.4703
2024-05-09 13:30:00,1715279400000,190.625,190.8,190.54,190.79,686940.0,190.675
2024-05-09 13:45:00,1715280300000,190.79,191.06,190.71,190.8304,828902.0,190.8904
2024-05-09 14:00:00,1715281200000,190.83,190.88,190.31,190.46,882724.0,190.5743
2024-05-09 14:15:00,1715282100000,190.45,190.49,189.904,189.99,1106011.0,190.2915
2024-05-09 14:30:00,1715283000000,190.0,190.0586,189.61,189.61,1492915.0,189.8816
2024-05-09 14:45:00,1715283900000,189.6,189.89,189.23,189.51,4010131.0,189.5041
2024-05-09 15:00:00,1715284800000,189.5,189.65,189.4,189.55,573974.0,189.5009
2024-05-09 15:15:00,1715285700000,189.5498,189.55,189.41,189.48,19663.0,189.4893
2024-05-09 15:30:00,1715286600000,189.5,189.88,189.45,189.48,102152.0,189.5029
2024-05-09 15:45:00,1715287500000,189.46,189.53,189.35,189.35,10672.0,189.4255
2024-05-09 16:00:00,1715288400000,189.31,189.47,189.2128,189.28,11435.0,189.2905
2024-05-09 16:15:00,1715289300000,189.2,189.39,189.16,189.35,958054.0,189.495
2024-05-09 16:30:00,1715290200000,189.3706,189.4,189.2309,189.2309,4817.0,189.3345
2024-05-09 16:45:00,1715291100000,189.25,189.4,189.24,189.4,3531.0,189.3493
2024-05-09 17:00:00,1715292000000,189.5,189.5,189.24,189.4,9403.0,189.3407
2024-05-09 17:15:00,1715292900000,189.38,189.41,189.38,189.38,2858.0,189.3879
2024-05-09 17:30:00,1715293800000,189.36,189.45,189.31,189.44,3332.0,189.3469
2024-05-09 17:45:00,1715294700000,189.4,189.49,189.3526,189.4,4875.0,189.4298
2024-05-09 18:00:00,1715295600000,189.4,189.4,189.31,189.32,2339.0,189.3223
2024-05-09 18:15:00,1715296500000,189.34,189.45,189.34,189.45,4329.0,189.385
2024-05-09 18:30:00,1715297400000,189.4,189.4,189.31,189.35,1744.0,189.3522
2024-05-09 18:45:00,1715298300000,189.35,189.38,189.11,189.15,20291.0,189.2428
2024-05-10 03:00:00,1715328000000,189.61,189.67,189.39,189.59,8978.0,189.5572
2024-05-10 03:15:00,1715328900000,189.6,189.9,189.6,189.9,1669.0,189.7118
2024-05-10 03:30:00,1715329800000,189.9,189.95,189.9,189.95,715.0,189.9218
2024-05-10 03:45:00,1715330700000,189.94,189.95,189.94,189.94,2506.0,189.9375
2024-05-10 04:00:00,1715331600000,189.98,190.11,189.95,190.1,3756.0,189.9957
2024-05-10 04:15:00,1715332500000,190.21,190.24,190.19,190.23,1497.0,190.2192
2024-05-10 04:30:00,1715333400000,190.28,190.29,190.27,190.27,1580.0,190.275
2024-05-10 04:45:00,1715334300000,190.31,190.31,190.28,190.28,1120.0,190.284
2024-05-10 05:00:00,1715335200000,190.2,190.2,190.17,190.17,3533.0,190.2009
2024-05-10 05:15:00,1715336100000,190.15,190.15,190.15,190.15,424.0,190.1533
2024-05-10 05:30:00,1715337000000,190.15,190.15,189.95,189.95,6184.0,190.0287
2024-05-10 05:45:00,1715337900000,189.95,189.96,189.7,189.96,10421.0,189.8035
2024-05-10 06:00:00,1715338800000,189.95,190.0,189.8,189.8,18732.0,189.916
2024-05-10 06:15:00,1715339700000,189.85,189.93,189.75,189.85,18448.0,189.8557
2024-05-10 06:30:00,1715340600000,189.85,190.1,189.85,189.99,16278.0,190.0249
2024-05-10 06:45:00,1715341500000,189.98,190.05,189.95,190.02,14544.0,190.0049
2024-05-10 07:00:00,1715342400000,189.9,190.1,189.3,189.95,90133.0,189.8922
2024-05-10 07:15:00,1715343300000,189.9,190.0,189.85,190.0,23726.0,189.914
2024-05-10 07:30:00,1715344200000,189.95,189.9781,189.72,189.79,44214.0,189.8306
2024-05-10 07:45:00,1715345100000,189.77,189.77,189.16,189.25,68269.0,189.4464
2024-05-10 08:00:00,1715346000000,189.24,189.4,189.02,189.18,59490.0,189.2281
2024-05-10 08:15:00,1715346900000,189.23,189.5,188.8,189.02,80901.0,189.1485
2024-05-10 08:30:00,1715347800000,189.16,189.63,188.6501,189.285,2914782.0,189.022
2024-05-10 08:45:00,1715348700000,189.28,189.892,189.23,189.755,1640118.0,189.671
2024-05-10 09:00:00,1715349600000,189.74,189.75,188.46,188.63,3747914.0,189.1299
2024-05-10 09:15:00,1715350500000,188.625,188.8199,188.15,188.22,995887.0,188.419
2024-05-10 09:30:00,1715351400000,188.23,188.45,187.72,188.32,1337427.0,188.0362
2024-05-10 09:45:00,1715352300000,188.32,188.38,187.73,187.77,817766.0,187.9975
2024-05-10 10:00:00,1715353200000,187.79,187.8155,187.43,187.585,2372147.0,187.6246
2024-05-10 10:15:00,1715354100000,187.58,187.875,187.5109,187.79,1262318.0,187.6793
2024-05-10 10:30:00,1715355000000,187.795,187.92,187.0,187.11,997946.0,187.5039
2024-05-10 10:45:00,1715355900000,187.1,187.519,186.95,187.4399,766406.0,187.2913
2024-05-10 11:00:00,1715356800000,187.44,187.44,187.1335,187.371,617359.0,187.3001
2024-05-10 11:15:00,1715357700000,187.365,187.435,187.1201,187.21,579099.0,187.2774
2024-05-10 11:30:00,1715358600000,187.2001,187.305,186.93,186.97,609560.0,187.0916
2024-05-10 11:45:00,1715359500000,186.9729,187.55,186.9501,187.3846,725143.0,187.2686
2024-05-10 12:00:00,1715360400000,187.38,187.51,187.1539,187.45,520309.0,187.3094
2024-05-10 12:15:00,1715361300000,187.46,187.575,187.37,187.5016,404659.0,187.4926
2024-05-10 12:30:00,1715362200000,187.51,187.84,187.49,187.57,540340.0,187.6898
2024-05-10 12:45:00,1715363100000,187.5899,187.96,187.42,187.92,591886.0,187.7418
2024-05-10 13:00:00,1715364000000,187.9,188.15,187.61,188.05,684373.0,187.9033
2024-05-10 13:15:00,1715364900000,188.055,188.17,187.75,187.835,545812.0,187.967
2024-05-10 13:30:00,1715365800000,187.835,187.85,187.51,187.6345,535537.0,187.6519
2024-05-10 13:45:00,1715366700000,187.65,187.82,187.562,187.775,401386.0,187.7092
2024-05-10 14:00:00,1715367600000,187.79,187.91,187.63,187.82,710722.0,187.7589
2024-05-10 14:15:00,1715368500000,187.82,187.97,187.73,187.8,622227.0,187.826
2024-05-10 14:30:00,1715369400000,187.81,187.86,187.53,187.56,928030.0,187.6648
2024-05-10 14:45:00,1715370300000,187.56,187.7,187.39,187.46,2198471.0,187.5457
2024-05-10 15:00:00,1715371200000,187.48,187.52,187.45,187.48,344362.0,187.4874
2024-05-10 15:15:00,1715372100000,187.48,187.53,187.435,187.48,45256.0,187.4702
2024-05-10 15:30:00,1715373000000,187.48,187.5,187.45,187.46,58158.0,187.4845
2024-05-10 15:45:00,1715373900000,187.45,187.49,187.45,187.49,36129.0,187.4677
2024-05-10 16:00:00,1715374800000,187.49,187.5,187.46,187.47,15418.0,187.4792
2024-05-10 16:15:00,1715375700000,187.47,187.49,187.4,187.4,7172.0,187.4602
2024-05-10 16:30:00,1715376600000,187.4,187.45,187.38,187.42,19037.0,187.3957
2024-05-10 16:45:00,1715377500000,187.42,187.42,187.3249,187.41,1466.0,187.3748
2024-05-10 17:00:00,1715378400000,187.43,187.43,187.31,187.36,5057.0,187.3653
2024-05-10 17:15:00,1715379300000,187.4246,187.4246,187.3499,187.3499,937.0,187.37
2024-05-10 17:30:00,1715380200000,187.39,187.39,187.35,187.35,2969.0,187.3806
2024-05-10 17:45:00,1715381100000,187.36,187.36,187.36,187.36,1027.0,187.3632
2024-05-10 18:00:00,1715382000000,187.38,187.38,187.32,187.32,1956.0,187.3517
2024-05-10 18:15:00,1715382900000,187.36,187.36,187.32,187.32,885.0,187.3535
2024-05-10 18:30:00,1715383800000,187.39,187.39,187.2,187.3,2712.0,187.2828
2024-05-10 18:45:00,1715384700000,187.22,187.3,187.16,187.16,6390.0,187.2175
2024-05-13 03:00:00,1715587200000,187.89,187.89,187.47,187.47,7247.0,187.6818
2024-05-13 03:15:00,1715588100000,187.55,187.91,187.5,187.89,6529.0,187.6883
2024-05-13 03:30:00,1715589000000,187.89,187.9,187.88,187.9,888.0,187.8959
2024-05-13 03:45:00,1715589900000,187.86,187.86,187.86,187.86,151.0,187.8601
2024-05-13 04:00:00,1715590800000,187.76,187.82,187.72,187.82,4062.0,187.7631
2024-05-13 04:15:00,1715591700000,187.93,187.93,187.93,187.93,168.0,187.93
2024-05-13 04:30:00,1715592600000,187.9,187.9,187.89,187.89,1679.0,187.8921
2024-05-13 05:00:00,1715594400000,187.72,187.72,187.7,187.7,473.0,187.7103
2024-05-13 05:15:00,1715595300000,187.84,187.99,187.84,187.99,7469.0,187.9424
2024-05-13 05:30:00,1715596200000,188.0,188.15,188.0,188.13,6018.0,188.1051
2024-05-13 06:00:00,1715598000000,188.0,188.05,187.83,188.0,7375.0,187.9583
2024-05-13 06:15:00,1715598900000,188.0,188.0,187.92,187.92,2478.0,187.9624
2024-05-13 06:30:00,1715599800000,187.91,187.92,187.83,187.92,1368.0,187.8919
2024-05-13 06:45:00,1715600700000,187.93,187.95,187.88,187.91,1655.0,187.9145
2024-05-13 07:00:00,1715601600000,188.07,188.1,187.22,187.86,49709.0,187.9025
2024-05-13 07:15:00,1715602500000,187.85,187.9091,187.7,187.82,8044.0,187.7895
2024-05-13 07:30:00,1715603400000,187.82,188.05,187.7328,187.97,26883.0,187.9301
2024-05-13 07:45:00,1715604300000,187.85,188.0745,187.85,187.9,8405.0,187.9502
2024-05-13 08:00:00,1715605200000,187.9899,188.03,187.9,188.0,16667.0,187.9652
2024-05-13 08:15:00,1715606100000,188.02,188.19,187.93,188.07,51061.0,188.0749
2024-05-13 08:30:00,1715607000000,188.0,188.31,186.6556,187.083,2079047.0,187.5603
2024-05-13 08:45:00,1715607900000,187.08,187.3199,186.63,187.19,1061767.0,186.8681
2024-05-13 09:00:00,1715608800000,187.18,187.2894,186.8015,186.95,793947.0,187.0381
2024-05-13 09:15:00,1715609700000,186.9307,187.22,186.82,187.02,599171.0,187.0058
2024-05-13 09:30:00,1715610600000,186.99,187.045,186.35,186.55,1513538.0,186.658
2024-05-13 09:45:00,1715611500000,186.555,186.62,186.265,186.34,877719.0,186.4204
2024-05-13 10:00:00,1715612400000,186.3401,186.42,186.1288,186.37,884060.0,186.2824
2024-05-13 10:15:00,1715613300000,186.36,186.405,185.6,185.82,1225987.0,185.9011
2024-05-13 10:30:00,1715614200000,185.8,185.9199,185.52,185.576,1017619.0,185.6782
2024-05-13 10:45:00,1715615100000,185.57,186.04,185.43,185.92,948797.0,185.7883
2024-05-13 11:00:00,1715616000000,185.93,186.29,185.93,186.125,830576.0,186.1536
2024-05-13 11:15:00,1715616900000,186.1101,186.3891,186.0701,186.115,586479.0,186.2237
2024-05-13 11:30:00,1715617800000,186.12,186.2037,185.93,185.94,523641.0,186.0637
2024-05-13 11:45:00,1715618700000,185.915,186.0688,185.835,185.95,407595.0,185.94
2024-05-13 12:00:00,1715619600000,185.95,185.9705,185.36,185.89,853533.0,185.7182
2024-05-13 12:15:00,1715620500000,185.87,186.29,185.83,186.2673,492451.0,186.0655
2024-05-13 12:30:00,1715621400000,186.27,186.35,186.09,186.265,550502.0,186.2299
2024-05-13 12:45:00,1715622300000,186.26,186.43,185.9601,186.3864,612254.0,186.2186
2024-05-13 13:00:00,1715623200000,186.38,186.43,186.24,186.26,341589.0,186.3236
2024-05-13 13:15:00,1715624100000,186.27,186.37,186.225,186.28,374660.0,186.2918
2024-05-13 13:30:00,1715625000000,186.275,186.395,186.17,186.32,396414.0,186.307
2024-05-13 13:45:00,1715625900000,186.33,186.35,185.9632,186.12,379638.0,186.1041
2024-05-13 14:00:00,1715626800000,186.12,186.33,186.08,186.11,570078.0,186.2126
2024-05-13 14:15:00,1715627700000,186.1,186.19,185.905,186.005,596495.0,186.0625
2024-05-13 14:30:00,1715628600000,186.0,186.3757,185.9,186.355,667354.0,186.1308
2024-05-13 14:45:00,1715629500000,186.35,186.79,186.17,186.58,2281472.0,186.4585
2024-05-13 15:00:00,1715630400000,186.57,186.75,186.57,186.59,329491.0,186.5774
2024-05-13 15:15:00,1715631300000,186.57,186.68,186.57,186.67,15481.0,186.6451
2024-05-13 15:30:00,1715632200000,186.67,186.76,186.61,186.75,17445.0,186.684
2024-05-13 15:45:00,1715633100000,186.7599,186.9,186.57,186.57,20016.0,186.7171
2024-05-13 16:00:00,1715634000000,186.57,186.6499,186.57,186.6,6726.0,186.6776
2024-05-13 16:15:00,1715634900000,186.64,186.64,186.57,186.57,4982.0,186.5868
2024-05-13 16:30:00,1715635800000,186.59,186.59,186.57,186.57,2340.0,186.5734
2024-05-13 16:45:00,1715636700000,186.64,186.64,186.61,186.61,614.0,186.6211
2024-05-13 17:00:00,1715637600000,186.57,186.67,186.4513,186.65,13024.0,186.5921
2024-05-13 17:15:00,1715638500000,186.67,186.67,186.575,186.575,2125.0,186.6522
2024-05-13 17:30:00,1715639400000,186.59,186.63,186.59,186.63,442.0,186.5958
2024-05-13 17:45:00,1715640300000,186.5583,186.59,186.5583,186.58,1473.0,186.5762
2024-05-13 18:00:00,1715641200000,186.59,186.59,186.59,186.59,108.0,186.5914
2024-05-13 18:15:00,1715642100000,186.61,186.61,186.61,186.61,1561.0,186.6106
2024-05-13 18:30:00,1715643000000,186.61,186.69,186.59,186.65,4068.0,186.6291
2024-05-13 18:45:00,1715643900000,186.61,186.7,186.59,186.69,5579.0,186.6317
2024-05-14 03:00:00,1715673600000,186.74,186.74,186.74,186.74,244.0,186.744
2024-05-14 03:15:00,1715674500000,186.74,186.82,186.74,186.82,2078.0,186.7816
2024-05-14 03:30:00,1715675400000,186.82,186.82,186.58,186.58,6022.0,186.6482
2024-05-14 04:00:00,1715677200000,186.58,186.58,186.55,186.55,1096.0,186.5651
2024-05-14 04:15:00,1715678100000,186.57,186.57,186.44,186.44,1571.0,186.5371
2024-05-14 04:30:00,1715679000000,186.3,186.3,186.0,186.04,9684.0,186.1517
2024-05-14 04:45:00,1715679900000,185.91,185.91,185.8,185.8,3577.0,185.8847
2024-05-14 05:00:00,1715680800000,185.95,185.95,185.84,185.84,2500.0,185.8808
2024-05-14 05:15:00,1715681700000,185.8,185.8,185.5,185.63,12739.0,185.6663
2024-05-14 05:45:00,1715683500000,185.76,185.83,185.58,185.83,6818.0,185.6989
2024-05-14 06:00:00,1715684400000,185.69,185.9,185.69,185.7,8054.0,185.7997
2024-05-14 06:15:00,1715685300000,185.78,185.79,185.74,185.79,2517.0,185.7657
2024-05-14 06:30:00,1715686200000,185.8,185.8,185.28,185.5,17705.0,185.5551
2024-05-14 06:45:00,1715687100000,185.5,185.55,185.45,185.45,6245.0,185.4795
2024-05-14 07:00:00,1715688000000,185.8,186.6,185.31,185.55,53923.0,185.7489
2024-05-14 07:15:00,1715688900000,185.5597,185.99,185.5,185.8372,19806.0,185.6462
2024-05-14 07:30:00,1715689800000,185.75,185.75,184.4,185.24,88317.0,185.1522
2024-05-14 07:45:00,1715690700000,185.1,185.25,184.75,185.1,43425.0,185.0503
2024-05-14 08:00:00,1715691600000,185.05,185.665,184.82,185.4913,54078.0,185.0558
2024-05-14 08:15:00,1715692500000,185.5,185.5,183.2,183.88,376650.0,184.0498
2024-05-14 08:30:00,1715693400000,183.82,185.71,183.45,185.0635,3234833.0,184.5393
2024-05-14 08:45:00,1715694300000,185.05,185.42,184.03,184.06,2017291.0,184.7354
2024-05-14 09:00:00,1715695200000,184.055,184.75,183.94,184.29,2084154.0,184.3417
2024-05-14 09:15:00,1715696100000,184.28,185.24,184.1142,185.015,1676510.0,184.7316
2024-05-14 09:30:00,1715697000000,185.015,185.1699,184.5,185.0901,1203808.0,184.8054
2024-05-14 09:45:00,1715697900000,185.1,185.5899,184.86,185.25,1966357.0,185.1527
2024-05-14 10:00:00,1715698800000,185.255,185.56,185.03,185.395,1385173.0,185.294
2024-05-14 10:15:00,1715699700000,185.4,185.96,185.383,185.85,825186.0,185.7737
2024-05-14 10:30:00,1715700600000,185.83,185.86,185.18,185.19,890567.0,185.4835
2024-05-14 10:45:00,1715701500000,185.2,185.2,184.64,185.05,1190131.0,184.9207
2024-05-14 11:00:00,1715702400000,185.03,185.27,184.93,185.09,853811.0,185.1124
2024-05-14 11:15:00,1715703300000,185.095,185.7,185.0242,185.69,1075988.0,185.3952
2024-05-14 11:30:00,1715704200000,185.68,185.87,185.62,185.74,635622.0,185.7291
2024-05-14 11:45:00,1715705100000,185.75,185.935,185.705,185.81,557987.0,185.8221
2024-05-14 12:00:00,1715706000000,185.815,186.0395,185.63,185.92,666208.0,185.8411
2024-05-14 12:15:00,1715706900000,185.93,186.5999,185.82,186.525,779553.0,186.2833
2024-05-14 12:30:00,1715707800000,186.52,186.69,186.27,186.67,709218.0,186.4396
2024-05-14 12:45:00,1715708700000,186.66,186.67,186.31,186.4853,500508.0,186.4548
2024-05-14 13:00:00,1715709600000,186.48,187.07,186.42,187.04,836823.0,186.7359
2024-05-14 13:15:00,1715710500000,187.04,187.11,186.8717,186.985,869485.0,186.9962
2024-05-14 13:30:00,1715711400000,186.98,187.62,186.92,187.4601,2129120.0,187.1263
2024-05-14 13:45:00,1715712300000,187.47,187.57,187.24,187.51,886295.0,187.4322
2024-05-14 14:00:00,1715713200000,187.52,187.57,187.06,187.31,974611.0,187.2891
2024-05-14 14:15:00,1715714100000,187.315,187.72,187.27,187.5,863056.0,187.4943
2024-05-14 14:30:00,1715715000000,187.5,187.53,187.08,187.235,882488.0,187.2538
2024-05-14 14:45:00,1715715900000,187.2301,187.49,187.03,187.07,2357494.0,187.2022
2024-05-14 15:00:00,1715716800000,187.07,187.1174,186.95,186.97,1954939.0,187.0683
2024-05-14 15:15:00,1715717700000,186.99,187.07,186.7881,186.87,40681.0,186.9304
2024-05-14 15:30:00,1715718600000,186.88,186.88,186.55,186.68,33461.0,186.7101
2024-05-14 15:45:00,1715719500000,186.7299,186.9,186.7,186.85,5681.0,186.716
2024-05-14 16:00:00,1715720400000,186.9,186.92,186.85,186.92,6248.0,186.8945
2024-05-14 16:15:00,1715721300000,186.92,186.95,186.91,186.91,5390.0,186.9249
2024-05-14 16:30:00,1715722200000,186.9,186.93,186.89,186.89,2360.0,186.9097
2024-05-14 16:45:00,1715723100000,186.9,187.07,186.87,186.87,5230.0,186.9137
2024-05-14 17:00:00,1715724000000,186.85,187.07,186.85,186.89,4673.0,186.9319
2024-05-14 17:15:00,1715724900000,186.93,186.99,186.87,186.99,4633.0,186.9484
2024-05-14 17:30:00,1715725800000,187.0,187.0,186.9501,186.9501,1130.0,186.9853
2024-05-14 17:45:00,1715726700000,186.95,187.06,186.95,187.05,18964.0,187.0076
2024-05-14 18:00:00,1715727600000,187.07,187.07,187.0,187.0001,5517.0,187.0394
2024-05-14 18:15:00,1715728500000,187.03,187.07,187.03,187.07,1143.0,187.039
2024-05-14 18:30:00,1715729400000,187.0,187.0,186.9,186.9,3081.0,186.9513
2024-05-14 18:45:00,1715730300000,186.99,187.0,186.73,186.99,6074.0,186.8964
2024-05-15 03:00:00,1715760000000,186.98,187.0,186.76,186.76,4257.0,186.9473
2024-05-15 03:15:00,1715760900000,186.88,186.9,186.88,186.9,1541.0,186.893
2024-05-15 03:30:00,1715761800000,186.9,186.94,186.9,186.94,1832.0,186.9334
2024-05-15 03:45:00,1715762700000,186.91,186.94,186.91,186.93,1467.0,186.9368
2024-05-15 04:00:00,1715763600000,186.93,186.93,186.93,186.93,409.0,186.93
2024-05-15 04:15:00,1715764500000,186.9,186.9,186.9,186.9,236.0,186.8969
2024-05-15 04:30:00,1715765400000,186.88,186.88,186.82,186.82,2465.0,186.8194
2024-05-15 04:45:00,1715766300000,186.86,186.86,186.86,186.86,365.0,186.8562
2024-05-15 05:30:00,1715769000000,186.83,186.83,186.83,186.83,688.0,186.8237
2024-05-15 05:45:00,1715769900000,186.86,186.86,186.86,186.86,175.0,186.8594
2024-05-15 06:00:00,1715770800000,186.88,187.1,186.88,187.1,5546.0,186.9613
2024-05-15 06:15:00,1715771700000,187.1,187.12,187.0,187.0,4036.0,187.0701
2024-05-15 06:30:00,1715772600000,187.0,187.0,186.84,186.85,6660.0,186.9166
2024-05-15 06:45:00,1715773500000,186.85,186.97,186.8,186.8,13968.0,186.8561
2024-05-15 07:00:00,1715774400000,186.95,187.1996,186.36,186.7,67864.0,186.9151
2024-05-15 07:15:00,1715775300000,186.55,186.7999,186.5,186.76,19075.0,186.6661
2024-05-15 07:30:00,1715776200000,186.8,188.1,186.79,187.29,290895.0,187.493
2024-05-15 07:45:00,1715777100000,187.28,187.74,187.2,187.51,114416.0,187.5364
2024-05-15 08:00:00,1715778000000,187.55,187.55,186.8,187.0,133762.0,187.0387
2024-05-15 08:15:00,1715778900000,186.98,187.3,185.6,185.8695,329655.0,186.3378
2024-05-15 08:30:00,1715779800000,185.97,186.7193,184.41,184.58,7480126.0,185.4603
2024-05-15 08:45:00,1715780700000,184.56,184.64,182.73,184.115,6789785.0,183.5909
2024-05-15 09:00:00,1715781600000,184.115,184.69,183.85,184.35,4279415.0,184.3493
2024-05-15 09:15:00,1715782500000,184.35,184.5312,183.35,183.6,3695303.0,183.8378
2024-05-15 09:30:00,1715783400000,183.5966,183.93,183.4,183.885,3097683.0,183.5503
2024-05-15 09:45:00,1715784300000,183.89,184.5499,183.81,184.05,3618473.0,184.0653
2024-05-15 10:00:00,1715785200000,184.05,185.135,183.85,185.135,3275956.0,184.2694
2024-05-15 10:15:00,1715786100000,185.14,186.35,185.0,186.22,5126166.0,185.3504
2024-05-15 10:30:00,1715787000000,186.21,186.2199,185.595,185.772,1175593.0,185.8447
2024-05-15 10:45:00,1715787900000,185.76,185.77,185.09,185.525,1138677.0,185.4207
2024-05-15 11:00:00,1715788800000,185.53,185.53,184.87,184.95,1143424.0,185.2041
2024-05-15 11:15:00,1715789700000,184.95,185.2,184.32,184.5,1512583.0,184.7362
2024-05-15 11:30:00,1715790600000,184.5,185.39,184.38,184.74,2993277.0,184.6987
2024-05-15 11:45:00,1715791500000,184.73,184.97,184.05,184.5085,2182584.0,184.3571
2024-05-15 12:00:00,1715792400000,184.51,184.74,183.89,183.91,1834084.0,184.1478
2024-05-15 12:15:00,1715793300000,183.91,184.07,182.95,183.899,4109831.0,183.5658
2024-05-15 12:30:00,1715794200000,183.913,185.08,183.81,185.06,1614501.0,184.4785
2024-05-15 12:45:00,1715795100000,185.05,185.4,184.92,185.094,1288345.0,185.1311
2024-05-15 13:00:00,1715796000000,185.09,185.2,184.76,185.12,1123432.0,185.002
2024-05-15 13:15:00,1715796900000,185.14,185.22,184.57,184.58,1236999.0,184.9472
2024-05-15 13:30:00,1715797800000,184.58,184.58,183.95,184.3401,1488723.0,184.2968
2024-05-15 13:45:00,1715798700000,184.34,184.84,184.0607,184.8,1331081.0,184.509
2024-05-15 14:00:00,1715799600000,184.78,185.22,184.6003,185.2,1126354.0,184.9064
2024-05-15 14:15:00,1715800500000,185.19,185.77,185.12,185.585,1571987.0,185.513
2024-05-15 14:30:00,1715801400000,185.58,186.05,185.54,185.92,1530672.0,185.8693
2024-05-15 14:45:00,1715802300000,185.92,186.14,185.77,186.07,2990319.0,185.9826
2024-05-15 15:00:00,1715803200000,185.99,187.35,184.8693,185.76,902682.0,185.7015
2024-05-15 15:15:00,1715804100000,185.7524,185.99,185.5,185.99,126493.0,185.9362
2024-05-15 15:30:00,1715805000000,185.73,185.94,185.71,185.88,19056.0,185.8412
2024-05-15 15:45:00,1715805900000,185.85,185.88,185.62,185.68,402482.0,185.9722
2024-05-15 16:00:00,1715806800000,185.68,185.99,185.64,185.67,8594.0,185.7905
2024-05-15 16:15:00,1715807700000,185.67,185.75,185.61,185.68,7490.0,185.6957
2024-05-15 16:30:00,1715808600000,185.69,185.8445,185.53,185.75,9233.0,185.6795
2024-05-15 16:45:00,1715809500000,185.84,185.99,185.75,185.88,9056.0,185.862
2024-05-15 17:00:00,1715810400000,185.84,185.88,185.7539,185.88,13420.0,185.8446
2024-05-15 17:15:00,1715811300000,185.88,185.91,185.81,185.86,4188.0,185.8635
2024-05-15 17:30:00,1715812200000,185.86,185.87,185.79,185.8,5079.0,185.8221
2024-05-15 17:45:00,1715813100000,185.85,185.9,185.8,185.87,3329.0,185.8613
2024-05-15 18:00:00,1715814000000,185.88,185.9,185.83,185.84,8462.0,185.8694
2024-05-15 18:15:00,1715814900000,185.87,185.9,185.79,185.9,10088.0,185.8777
2024-05-15 18:30:00,1715815800000,185.91,186.21,185.91,186.17,10585.0,186.025
2024-05-15 18:45:00,1715816700000,186.11,186.55,185.98,186.18,21722.0,186.2133
2024-05-16 03:00:00,1715846400000,186.4,186.77,186.34,186.52,7110.0,186.4979
2024-05-16 03:15:00,1715847300000,186.43,186.6,186.4,186.46,5784.0,186.5034
2024-05-16 03:30:00,1715848200000,186.54,186.6,186.5,186.6,2780.0,186.5338
2024-05-16 03:45:00,1715849100000,186.51,186.51,186.51,186.51,379.0,186.5109
2024-05-16 04:00:00,1715850000000,186.5,186.5,186.5,186.5,1447.0,186.4959
2024-05-16 04:15:00,1715850900000,186.45,186.5,186.45,186.5,1121.0,186.4688
2024-05-16 04:30:00,1715851800000,186.44,186.44,186.42,186.42,1242.0,186.4109
2024-05-16 04:45:00,1715852700000,186.47,186.47,186.38,186.4,2182.0,186.431
2024-05-16 05:00:00,1715853600000,186.4,186.4,186.31,186.34,2412.0,186.3489
2024-05-16 05:15:00,1715854500000,186.28,186.31,186.17,186.28,5468.0,186.2574
2024-05-16 05:30:00,1715855400000,186.35,186.35,186.28,186.33,3258.0,186.3212
2024-05-16 05:45:00,1715856300000,186.5,186.5,186.4,186.4,3636.0,186.4314
2024-05-16 06:00:00,1715857200000,186.31,186.5,186.25,186.4,60912.0,186.389
2024-05-16 06:15:00,1715858100000,186.3,186.49,186.3,186.49,7960.0,186.3708
2024-05-16 06:30:00,1715859000000,186.43,186.43,186.31,186.31,3541.0,186.3502
2024-05-16 06:45:00,1715859900000,186.3,186.44,186.29,186.3,10202.0,186.3217
2024-05-16 07:00:00,1715860800000,186.32,186.5,186.11,186.15,79108.0,186.3523
2024-05-16 07:15:00,1715861700000,186.15,186.21,186.02,186.05,32819.0,186.1067
2024-05-16 07:30:00,1715862600000,186.08,186.17,185.596,186.0,61579.0,185.8505
2024-05-16 07:45:00,1715863500000,185.95,186.0,185.6,185.69,47499.0,185.7805
2024-05-16 08:00:00,1715864400000,185.6,185.77,185.28,185.56,38215.0,185.5448
2024-05-16 08:15:00,1715865300000,185.61,185.99,185.2001,185.61,1720364.0,185.9761
2024-05-16 08:30:00,1715866200000,185.6,187.31,185.54,186.03,3723175.0,186.4428
2024-05-16 08:45:00,1715867100000,186.02,187.02,186.02,186.8,1716716.0,186.6908
2024-05-16 09:00:00,1715868000000,186.785,186.91,185.91,186.2538,1511302.0,186.3932
2024-05-16 09:15:00,1715868900000,186.26,186.83,186.255,186.51,1227886.0,186.5535
2024-05-16 09:30:00,1715869800000,186.52,186.79,186.5,186.595,771107.0,186.6477
2024-05-16 09:45:00,1715870700000,186.5995,186.81,186.5,186.67,813552.0,186.6641
2024-05-16 10:00:00,1715871600000,186.7,186.85,186.02,186.05,1060979.0,186.4141
2024-05-16 10:15:00,1715872500000,186.04,186.22,185.785,186.18,1242494.0,186.0242
2024-05-16 10:30:00,1715873400000,186.19,186.2699,185.715,185.91,813938.0,185.9827
2024-05-16 10:45:00,1715874300000,185.91,185.97,185.58,185.6,565194.0,185.7484
2024-05-16 11:00:00,1715875200000,185.595,185.64,185.2,185.57,2397495.0,185.4611
2024-05-16 11:15:00,1715876100000,185.55,185.6795,185.395,185.58,513858.0,185.5429
2024-05-16 11:30:00,1715877000000,185.58,185.71,185.41,185.665,528128.0,185.5507
2024-05-16 11:45:00,1715877900000,185.6601,185.9296,185.48,185.905,627462.0,185.6837
2024-05-16 12:00:00,1715878800000,185.905,185.91,185.63,185.775,585244.0,185.7673
2024-05-16 12:15:00,1715879700000,185.7743,185.83,184.92,185.01,894519.0,185.2796
2024-05-16 12:30:00,1715880600000,185.0,185.17,184.7301,184.92,721773.0,184.9857
2024-05-16 12:45:00,1715881500000,184.91,185.04,184.58,184.95,777278.0,184.828
2024-05-16 13:00:00,1715882400000,184.955,184.9586,184.26,184.2899,1871089.0,184.573
2024-05-16 13:15:00,1715883300000,184.2791,184.46,184.1,184.17,1028975.0,184.2808
2024-05-16 13:30:00,1715884200000,184.17,184.74,184.16,184.63,968011.0,184.5385
2024-05-16 13:45:00,1715885100000,184.6207,184.69,184.26,184.425,836195.0,184.4849
2024-05-16 14:00:00,1715886000000,184.42,184.45,184.21,184.2882,898008.0,184.3233
2024-05-16 14:15:00,1715886900000,184.28,184.4053,184.12,184.26,955045.0,184.2333
2024-05-16 14:30:00,1715887800000,184.25,184.28,183.525,183.645,1593913.0,183.86
2024-05-16 14:45:00,1715888700000,183.6479,184.2,183.46,183.62,2800104.0,183.7818
2024-05-16 15:00:00,1715889600000,183.63,183.65,183.51,183.59,814349.0,183.628
2024-05-16 15:15:00,1715890500000,183.59,183.6,183.58,183.6,25936.0,183.5992
2024-05-16 15:30:00,1715891400000,183.57,183.67,183.57,183.67,19910.0,183.5972
2024-05-16 15:45:00,1715892300000,183.6824,183.73,183.63,183.64,590988.0,183.6232
2024-05-16 16:00:00,1715893200000,183.64,183.71,183.64,183.7,7089.0,183.6632
2024-05-16 16:15:00,1715894100000,183.74,183.9,183.71,183.8,15573.0,183.818
2024-05-16 16:30:00,1715895000000,183.75,183.8,183.71,183.8,3933.0,183.7805
2024-05-16 16:45:00,1715895900000,183.8,183.8,183.6734,183.7,11487.0,183.7572
2024-05-16 17:00:00,1715896800000,183.7083,183.84,183.7,183.84,7092.0,183.7508
2024-05-16 17:15:00,1715897700000,183.7645,183.82,183.76,183.76,3789.0,183.7797
2024-05-16 17:30:00,1715898600000,183.8499,183.8499,183.7,183.8,5173.0,183.7736
2024-05-16 17:45:00,1715899500000,183.81,183.8482,183.8,183.8244,3620.0,183.817
2024-05-16 18:00:00,1715900400000,183.83,183.88,183.83,183.83,2985.0,183.8484
2024-05-16 18:15:00,1715901300000,183.82,183.83,183.8,183.81,8058.0,183.8047
2024-05-16 18:30:00,1715902200000,183.85,183.85,183.71,183.7499,3716.0,183.7493
2024-05-16 18:45:00,1715903100000,183.72,183.74,183.69,183.69,9208.0,183.7062
2024-05-17 03:00:00,1715932800000,184.05,184.18,183.8,183.8,8110.0,184.0313
2024-05-17 03:15:00,1715933700000,183.84,183.9,183.8,183.8,3857.0,183.8599
2024-05-17 03:30:00,1715934600000,183.81,183.81,183.76,183.76,2360.0,183.7919
2024-05-17 03:45:00,1715935500000,183.72,183.92,183.72,183.92,4500.0,183.8283
2024-05-17 04:00:00,1715936400000,183.99,184.2,183.99,184.2,5629.0,184.1478
2024-05-17 04:15:00,1715937300000,184.1,184.1,184.0,184.0,1168.0,184.0406
2024-05-17 05:00:00,1715940000000,184.09,184.09,184.03,184.03,1381.0,184.0547
2024-05-17 05:15:00,1715940900000,184.12,184.3,184.12,184.21,2455.0,184.2443
2024-05-17 05:30:00,1715941800000,184.22,184.29,184.22,184.29,1509.0,184.2496
2024-05-17 05:45:00,1715942700000,184.3,184.3,184.29,184.3,4341.0,184.299
2024-05-17 06:00:00,1715943600000,184.33,184.33,184.14,184.14,7325.0,184.2411
2024-05-17 06:15:00,1715944500000,184.09,184.2,184.09,184.2,889.0,184.1467
2024-05-17 06:30:00,1715945400000,184.2,184.29,184.19,184.29,4638.0,184.2381
2024-05-17 06:45:00,1715946300000,184.25,184.3,184.23,184.23,10239.0,184.2861
2024-05-17 07:00:00,1715947200000,184.2,184.33,183.95,184.3,37370.0,184.1879
2024-05-17 07:15:00,1715948100000,184.27,184.33,184.15,184.19,23524.0,184.2516
2024-05-17 07:30:00,1715949000000,184.2,184.23,184.13,184.14,13948.0,184.1738
2024-05-17 07:45:00,1715949900000,184.1103,184.2,184.0359,184.14,16402.0,184.1296
2024-05-17 08:00:00,1715950800000,184.2091,184.21,183.95,184.09,31142.0,184.048
2024-05-17 08:15:00,1715951700000,184.1,184.7,183.33,183.82,167055.0,183.9012
2024-05-17 08:30:00,1715952600000,183.76,184.8299,183.35,184.58,3622214.0,184.1059
2024-05-17 08:45:00,1715953500000,184.61,185.05,184.5,184.8833,1588890.0,184.77
2024-05-17 09:00:00,1715954400000,184.84,185.02,184.3309,184.65,1621400.0,184.744
2024-05-17 09:15:00,1715955300000,184.65,184.89,184.481,184.87,864069.0,184.6599
2024-05-17 09:30:00,1715956200000,184.88,185.3,184.83,184.88,1248215.0,185.0634
2024-05-17 09:45:00,1715957100000,184.87,184.9519,184.4202,184.5085,1336450.0,184.6712
2024-05-17 10:00:00,1715958000000,184.5036,184.72,184.324,184.6499,923048.0,184.5198
2024-05-17 10:15:00,1715958900000,184.645,184.88,184.52,184.81,1269818.0,184.6331
2024-05-17 10:30:00,1715959800000,184.82,184.84,184.295,184.42,702244.0,184.4854
2024-05-17 10:45:00,1715960700000,184.4,184.58,184.3,184.4687,571207.0,184.4093
2024-05-17 11:00:00,1715961600000,184.46,184.6997,184.37,184.41,497464.0,184.5414
2024-05-17 11:15:00,1715962500000,184.415,184.5012,184.075,184.195,572008.0,184.3574
2024-05-17 11:30:00,1715963400000,184.2,184.279,183.94,184.1205,795225.0,184.0871
2024-05-17 11:45:00,1715964300000,184.13,184.375,183.94,184.365,1229231.0,184.2456
2024-05-17 12:00:00,1715965200000,184.36,184.5,184.29,184.3442,473689.0,184.3765
2024-05-17 12:15:00,1715966100000,184.34,184.4485,184.19,184.435,494478.0,184.318
2024-05-17 12:30:00,1715967000000,184.44,184.945,184.44,184.85,1003900.0,184.7389
2024-05-17 12:45:00,1715967900000,184.86,185.19,184.76,185.065,1264646.0,184.9859
2024-05-17 13:00:00,1715968800000,185.075,185.075,184.28,184.31,1260570.0,184.8367
2024-05-17 13:15:00,1715969700000,184.31,184.49,184.05,184.215,554488.0,184.2771
2024-05-17 13:30:00,1715970600000,184.2041,184.4699,184.19,184.25,471502.0,184.3005
2024-05-17 13:45:00,1715971500000,184.25,184.76,184.245,184.645,568541.0,184.4925
2024-05-17 14:00:00,1715972400000,184.6499,184.65,184.39,184.455,587601.0,184.4976
2024-05-17 14:15:00,1715973300000,184.455,184.56,184.24,184.345,647165.0,184.4008
2024-05-17 14:30:00,1715974200000,184.34,184.47,184.23,184.295,791726.0,184.3354
2024-05-17 14:45:00,1715975100000,184.29,184.78,184.01,184.72,2200492.0,184.37
2024-05-17 15:00:00,1715976000000,184.7,184.78,184.4,184.62,775458.0,184.696
2024-05-17 15:15:00,1715976900000,184.65,184.8,184.6,184.73,181397.0,184.6999
2024-05-17 15:30:00,1715977800000,184.7399,184.77,184.62,184.7198,15409.0,184.7435
2024-05-17 15:45:00,1715978700000,184.718,184.8299,184.64,184.79,26205.0,184.7234
2024-05-17 16:00:00,1715979600000,184.77,184.79,184.64,184.64,397421.0,184.6901
2024-05-17 16:15:00,1715980500000,184.69,184.7,184.57,184.63,6694.0,184.6413
2024-05-17 16:30:00,1715981400000,184.64,184.91,184.64,184.77,7883.0,184.8123
2024-05-17 16:45:00,1715982300000,184.85,184.95,184.83,184.9,10607.0,184.8979
2024-05-17 17:00:00,1715983200000,184.95,185.0,184.7,184.98,19422.0,184.9592
2024-05-17 17:15:00,1715984100000,184.85,185.11,184.85,185.0,6324.0,185.0167
2024-05-17 17:30:00,1715985000000,185.0583,185.06,184.86,184.87,4919.0,184.9475
2024-05-17 17:45:00,1715985900000,184.87,184.87,184.75,184.75,6007.0,184.8105
2024-05-17 18:00:00,1715986800000,184.78,184.8,184.73,184.73,1205.0,184.7721
2024-05-17 18:15:00,1715987700000,184.76,184.76,184.75,184.75,481.0,184.7586
2024-05-17 18:30:00,1715988600000,184.75,185.0,184.75,184.95,8259.0,184.8883
2024-05-17 18:45:00,1715989500000,185.0,185.0,184.91,185.0,4288.0,184.9423
2024-05-20 03:00:00,1716192000000,183.89,185.2,183.89,185.16,2501.0,185.0472
2024-05-20 03:15:00,1716192900000,185.19,185.2,185.12,185.12,4097.0,185.165
2024-05-20 03:30:00,1716193800000,185.12,185.12,185.01,185.01,1894.0,185.0432
2024-05-20 03:45:00,1716194700000,185.12,185.12,185.12,185.12,752.0,185.1221
2024-05-20 04:00:00,1716195600000,185.08,185.16,185.08,185.16,3443.0,185.1331
2024-05-20 04:15:00,1716196500000,185.2,185.2,185.2,185.2,104.0,185.1999
2024-05-20 04:30:00,1716197400000,185.2,185.28,185.2,185.28,4114.0,185.2102
2024-05-20 04:45:00,1716198300000,185.25,185.3,185.25,185.3,1318.0,185.2847
2024-05-20 05:00:00,1716199200000,185.3,185.3,185.3,185.3,1014.0,185.2936
2024-05-20 05:30:00,1716201000000,185.3,185.3,185.3,185.3,661.0,185.2996
2024-05-20 05:45:00,1716201900000,185.31,185.39,185.31,185.39,1201.0,185.3603
2024-05-20 06:00:00,1716202800000,185.32,185.39,185.25,185.3,8004.0,185.3235
2024-05-20 06:15:00,1716203700000,185.26,185.53,185.26,185.46,9779.0,185.4242
2024-05-20 06:30:00,1716204600000,185.45,185.55,185.45,185.47,7708.0,185.4936
2024-05-20 06:45:00,1716205500000,185.46,185.52,185.41,185.41,5599.0,185.4652
2024-05-20 07:00:00,1716206400000,185.45,185.7,184.95,185.45,62762.0,185.368
2024-05-20 07:15:00,1716207300000,185.4764,185.53,185.3,185.39,8331.0,185.4302
2024-05-20 07:30:00,1716208200000,185.3,185.3581,184.81,184.98,34337.0,185.0836
2024-05-20 07:45:00,1716209100000,184.93,185.08,184.8,184.96,22284.0,184.9613
2024-05-20 08:00:00,1716210000000,184.95,185.0764,184.9,184.9244,12741.0,184.9716
2024-05-20 08:15:00,1716210900000,184.93,185.0,184.1,184.34,127864.0,184.4693
2024-05-20 08:30:00,1716211800000,184.34,186.665,184.15,185.985,3744414.0,185.6142
2024-05-20 08:45:00,1716212700000,185.98,186.29,185.52,185.816,1372685.0,185.9513
2024-05-20 09:00:00,1716213600000,185.82,186.14,184.9,185.0,1916067.0,185.4726
2024-05-20 09:15:00,1716214500000,185.03,185.5,184.975,185.3701,1001857.0,185.2244
2024-05-20 09:30:00,1716215400000,185.385,185.4,184.82,184.94,804095.0,185.0406
2024-05-20 09:45:00,1716216300000,184.94,185.33,184.77,184.89,739370.0,185.0365
2024-05-20 10:00:00,1716217200000,184.9,185.17,184.81,184.89,516793.0,185.0285
2024-05-20 10:15:00,1716218100000,184.9,185.11,184.6801,185.015,656367.0,184.89
2024-05-20 10:30:00,1716219000000,185.04,185.25,184.91,185.02,868573.0,185.0855
2024-05-20 10:45:00,1716219900000,185.0183,185.09,184.65,184.74,627258.0,184.8313
2024-05-20 11:00:00,1716220800000,184.7364,184.95,184.675,184.755,405199.0,184.8145
2024-05-20 11:15:00,1716221700000,184.75,184.81,184.36,184.545,793090.0,184.537
2024-05-20 11:30:00,1716222600000,184.54,184.67,184.3001,184.4701,789149.0,184.4603
2024-05-20 11:45:00,1716223500000,184.48,184.6,184.35,184.5373,655085.0,184.4846
2024-05-20 12:00:00,1716224400000,184.5385,184.63,184.28,184.42,576521.0,184.4236
2024-05-20 12:15:00,1716225300000,184.4,184.6,183.94,184.0537,766484.0,184.2761
2024-05-20 12:30:00,1716226200000,184.055,186.59,183.365,183.78,1602763.0,183.7053
2024-05-20 12:45:00,1716227100000,183.7899,183.88,183.51,183.655,638466.0,183.6689
2024-05-20 13:00:00,1716228000000,183.66,183.785,183.28,183.5551,990885.0,183.5772
2024-05-20 13:15:00,1716228900000,183.54,183.7899,183.52,183.77,516707.0,183.6269
2024-05-20 13:30:00,1716229800000,183.77,183.99,183.6201,183.92,666283.0,183.8193
2024-05-20 13:45:00,1716230700000,183.91,183.95,183.7203,183.7301,475515.0,183.8544
2024-05-20 14:00:00,1716231600000,183.73,183.87,183.61,183.82,672818.0,183.7572
2024-05-20 14:15:00,1716232500000,183.815,183.84,183.66,183.745,618543.0,183.7385
2024-05-20 14:30:00,1716233400000,183.74,183.75,183.475,183.6312,1274484.0,183.5859
2024-05-20 14:45:00,1716234300000,183.63,183.688,183.3,183.61,2921401.0,183.5014
2024-05-20 15:00:00,1716235200000,183.54,183.65,183.21,183.44,837572.0,183.5167
2024-05-20 15:15:00,1716236100000,183.4,183.42,183.33,183.42,24975.0,183.3699
2024-05-20 15:30:00,1716237000000,183.43,183.54,183.4,183.4,9616.0,183.4586
2024-05-20 15:45:00,1716237900000,183.37,183.44,183.36,183.43,10021.0,182.8934
2024-05-20 16:00:00,1716238800000,183.4,183.44,183.4,183.43,12862.0,183.4707
2024-05-20 16:15:00,1716239700000,183.4299,183.44,183.42,183.4399,4144.0,183.4289
2024-05-20 16:30:00,1716240600000,183.44,183.44,183.35,183.39,7164.0,183.4056
2024-05-20 16:45:00,1716241500000,183.3998,183.44,183.38,183.44,3696.0,183.4249
2024-05-20 17:00:00,1716242400000,183.4,183.54,183.36,183.36,35232.0,183.5191
2024-05-20 17:15:00,1716243300000,183.437,183.53,183.4,183.46,8818.0,183.4537
2024-05-20 17:30:00,1716244200000,183.5082,183.54,183.49,183.53,5481.0,183.5261
2024-05-20 17:45:00,1716245100000,183.52,183.52,183.4125,183.45,1474.0,183.4484
2024-05-20 18:00:00,1716246000000,183.43,183.53,183.43,183.51,2611.0,183.4942
2024-05-20 18:15:00,1716246900000,183.53,183.53,183.44,183.48,6021.0,183.5016
2024-05-20 18:30:00,1716247800000,183.41,183.49,183.4,183.49,3778.0,183.4184
2024-05-20 18:45:00,1716248700000,183.4,183.45,183.35,183.38,8074.0,183.4131
2024-05-21 03:00:00,1716278400000,183.84,183.84,183.79,183.79,6244.0,183.8076
2024-05-21 03:15:00,1716279300000,183.8,183.8,183.6,183.6,1317.0,183.7013
2024-05-21 03:45:00,1716281100000,183.57,183.63,183.57,183.63,1717.0,183.5865
2024-05-21 04:00:00,1716282000000,183.59,183.59,183.58,183.58,941.0,183.5899
2024-05-21 04:15:00,1716282900000,183.65,183.65,183.65,183.65,500.0,183.65
2024-05-21 04:30:00,1716283800000,183.65,183.65,183.53,183.59,2158.0,183.5781
2024-05-21 04:45:00,1716284700000,183.59,183.59,183.59,183.59,1012.0,183.5904
2024-05-21 05:15:00,1716286500000,183.68,183.68,183.68,183.68,600.0,183.673
2024-05-21 05:30:00,1716287400000,183.68,183.8,183.68,183.8,3912.0,183.7447
2024-05-21 05:45:00,1716288300000,183.85,183.86,183.75,183.84,3350.0,183.832
2024-05-21 06:00:00,1716289200000,183.78,183.84,183.76,183.8,3843.0,183.794
2024-05-21 06:15:00,1716290100000,183.78,183.81,183.6,183.65,3672.0,183.7108
2024-05-21 06:30:00,1716291000000,183.62,183.62,183.5,183.5,8024.0,183.5339
2024-05-21 06:45:00,1716291900000,183.5,183.5,183.36,183.36,8030.0,183.4311
2024-05-21 07:00:00,1716292800000,183.84,183.84,183.33,183.47,66143.0,183.5903
2024-05-21 07:15:00,1716293700000,183.4,183.51,183.1,183.1,22457.0,183.2577
2024-05-21 07:30:00,1716294600000,183.2991,183.3,182.8647,182.8647,26424.0,183.0265
2024-05-21 07:45:00,1716295500000,182.9,183.3,182.75,183.0,17278.0,183.0699
2024-05-21 08:00:00,1716296400000,182.9,183.04,182.45,182.61,55764.0,182.7231
2024-05-21 08:15:00,1716297300000,182.52,182.81,182.0,182.11,117340.0,182.3589
2024-05-21 08:30:00,1716298200000,182.3,182.71,180.84,181.21,5184488.0,181.7808
2024-05-21 08:45:00,1716299100000,181.18,181.82,180.75,181.815,3073759.0,181.1643
2024-05-21 09:00:00,1716300000000,181.8,182.07,180.84,181.01,2221463.0,181.3673
2024-05-21 09:15:00,1716300900000,181.01,181.23,180.84,180.95,2121422.0,181.0316
2024-05-21 09:30:00,1716301800000,180.96,181.695,180.9,181.33,1896062.0,181.2901
2024-05-21 09:45:00,1716302700000,181.33,181.56,180.98,181.54,3686191.0,181.1166
2024-05-21 10:00:00,1716303600000,181.54,182.0,181.24,181.33,2041066.0,181.6635
2024-05-21 10:15:00,1716304500000,181.33,181.65,181.21,181.56,1515642.0,181.4229
2024-05-21 10:30:00,1716305400000,181.5717,181.84,181.4,181.84,2215162.0,181.5776
2024-05-21 10:45:00,1716306300000,181.8426,181.89,181.4,181.825,1200880.0,181.7299
2024-05-21 11:00:00,1716307200000,181.825,182.11,181.48,181.83,1327713.0,181.8376
2024-05-21 11:15:00,1716308100000,181.845,182.11,181.83,182.11,2171951.0,182.0039
2024-05-21 11:30:00,1716309000000,182.11,182.4,181.97,182.045,966618.0,182.1569
2024-05-21 11:45:00,1716309900000,182.05,182.25,181.7799,181.7913,867991.0,182.028
2024-05-21 12:00:00,1716310800000,181.79,181.8,181.46,181.62,1036915.0,181.5982
2024-05-21 12:15:00,1716311700000,181.62,181.8,181.47,181.7295,2366359.0,181.5627
2024-05-21 12:30:00,1716312600000,181.73,182.17,181.5,181.87,1476636.0,181.7166
2024-05-21 12:45:00,1716313500000,181.9,182.22,181.83,182.1187,705704.0,182.0134
2024-05-21 13:00:00,1716314400000,182.115,182.14,181.86,182.033,625687.0,182.0054
2024-05-21 13:15:00,1716315300000,182.035,182.08,181.54,181.8,1695491.0,181.7238
2024-05-21 13:30:00,1716316200000,181.8,182.09,181.73,182.055,850659.0,181.8892
2024-05-21 13:45:00,1716317100000,182.055,182.28,181.9763,182.12,718775.0,182.1137
2024-05-21 14:00:00,1716318000000,182.13,182.59,182.065,182.44,854536.0,182.301
2024-05-21 14:15:00,1716318900000,182.43,182.63,182.33,182.61,884819.0,182.4891
2024-05-21 14:30:00,1716319800000,182.61,182.92,182.53,182.58,955570.0,182.6569
2024-05-21 14:45:00,1716320700000,182.58,183.26,182.57,183.17,2196106.0,182.9965
2024-05-21 15:00:00,1716321600000,183.15,183.2887,182.9,183.08,833512.0,183.1467
2024-05-21 15:15:00,1716322500000,183.0,183.099,183.0,183.0625,20694.0,183.0789
2024-05-21 15:30:00,1716323400000,183.06,183.06,182.89,182.9009,11164.0,182.9421
2024-05-21 15:45:00,1716324300000,182.89,182.93,182.83,182.84,16809.0,182.7717
2024-05-21 16:00:00,1716325200000,182.84,182.86,182.84,182.8501,5079.0,182.8511
2024-05-21 16:15:00,1716326100000,182.84,182.9,182.84,182.87,4884.0,182.8635
2024-05-21 16:30:00,1716327000000,182.9,182.9999,182.9,182.97,3582.0,182.9628
2024-05-21 16:45:00,1716327900000,182.97,183.0,182.9,183.0,3397.0,182.9686
2024-05-21 17:00:00,1716328800000,182.95,182.98,182.89,182.9,6349.0,182.9241
2024-05-21 17:15:00,1716329700000,182.95,182.95,182.5301,182.5301,9407.0,182.8029
2024-05-21 17:30:00,1716330600000,182.5311,183.0,182.5311,182.85,12199.0,182.6424
2024-05-21 17:45:00,1716331500000,182.99,183.0,182.85,182.85,2194.0,182.9657
2024-05-21 18:00:00,1716332400000,182.84,183.15,182.84,182.9,8447.0,182.9597
2024-05-21 18:15:00,1716333300000,182.92,183.05,182.88,183.03,3287.0,182.943
2024-05-21 18:30:00,1716334200000,182.95,183.0,182.91,183.0,3035.0,182.9429
2024-05-21 18:45:00,1716335100000,183.0,183.0,182.9,182.9,5326.0,182.9461
2024-05-22 03:00:00,1716364800000,183.15,183.15,183.15,183.15,2050.0,183.1407
2024-05-22 03:15:00,1716365700000,183.12,183.12,183.07,183.07,1292.0,183.0702
2024-05-22 03:45:00,1716367500000,183.0,183.0,182.9,182.9,1090.0,182.9562
2024-05-22 04:15:00,1716369300000,182.91,182.91,182.91,182.91,110.0,182.9101
2024-05-22 04:45:00,1716371100000,183.07,183.07,183.07,183.07,2259.0,183.069
2024-05-22 05:00:00,1716372000000,183.11,183.11,183.04,183.04,549.0,183.0791
2024-05-22 05:15:00,1716372900000,183.14,183.14,182.99,183.0,3711.0,183.0314
2024-05-22 05:30:00,1716373800000,183.0,183.0,182.62,182.62,6066.0,182.8368
2024-05-22 05:45:00,1716374700000,182.69,182.71,182.69,182.71,1070.0,182.6972
2024-05-22 06:00:00,1716375600000,182.71,183.15,182.64,182.92,10642.0,182.8679
2024-05-22 06:15:00,1716376500000,183.1,183.1,183.09,183.09,909.0,183.0804
2024-05-22 06:30:00,1716377400000,183.09,183.2,183.09,183.1,12094.0,183.1228
2024-05-22 06:45:00,1716378300000,183.03,183.15,183.03,183.1,7292.0,183.0776
2024-05-22 07:00:00,1716379200000,182.63,183.42,182.6,182.9994,41743.0,183.0037
2024-05-22 07:15:00,1716380100000,182.95,183.234,182.85,182.95,31861.0,183.0067
2024-05-22 07:30:00,1716381000000,182.95,184.12,182.95,184.0,107500.0,183.7117
2024-05-22 07:45:00,1716381900000,184.06,184.3,183.7,184.0,88393.0,184.0416
2024-05-22 08:00:00,1716382800000,184.0,184.05,183.76,183.8101,43271.0,183.9567
2024-05-22 08:15:00,1716383700000,183.81,184.0,183.32,183.86,51650.0,183.7253
2024-05-22 08:30:00,1716384600000,183.88,185.22,183.81,184.3,3705811.0,184.4419
2024-05-22 08:45:00,1716385500000,184.315,184.49,183.8484,184.02,1254797.0,184.1762
2024-05-22 09:00:00,1716386400000,184.005,184.1901,183.52,183.78,1300005.0,183.8542
2024-05-22 09:15:00,1716387300000,183.7799,184.17,183.72,184.025,1110102.0,183.9478
2024-05-22 09:30:00,1716388200000,184.0,184.005,183.6,183.695,794552.0,183.8146
2024-05-22 09:45:00,1716389100000,183.695,183.95,183.54,183.9115,562793.0,183.7282
2024-05-22 10:00:00,1716390000000,183.915,184.4,183.87,184.3639,799027.0,184.1647
2024-05-22 10:15:00,1716390900000,184.36,184.85,184.36,184.71,830299.0,184.6656
2024-05-22 10:30:00,1716391800000,184.71,184.73,184.22,184.295,641258.0,184.5163
2024-05-22 10:45:00,1716392700000,184.2928,184.32,183.6,183.87,782441.0,183.9085
2024-05-22 11:00:00,1716393600000,183.865,183.9601,183.75,183.952,542783.0,183.8703
2024-05-22 11:15:00,1716394500000,183.95,183.965,183.62,183.671,691948.0,183.7752
2024-05-22 11:30:00,1716395400000,183.69,183.6983,183.3399,183.465,771152.0,183.5089
2024-05-22 11:45:00,1716396300000,183.47,183.47,183.0143,183.04,610109.0,183.1816
2024-05-22 12:00:00,1716397200000,183.04,183.1801,182.95,183.14,497705.0,183.0793
2024-05-22 12:15:00,1716398100000,183.14,183.39,183.07,183.2802,462742.0,183.2524
2024-05-22 12:30:00,1716399000000,183.28,183.3,182.54,182.6,613322.0,182.9285
2024-05-22 12:45:00,1716399900000,182.6061,182.92,182.5,182.87,563357.0,182.6945
2024-05-22 13:00:00,1716400800000,182.85,182.89,182.08,182.5936,693524.0,182.5362
2024-05-22 13:15:00,1716401700000,182.6099,182.73,182.1,182.22,744258.0,182.4644
2024-05-22 13:30:00,1716402600000,182.22,182.394,181.9715,182.105,586311.0,182.1717
2024-05-22 13:45:00,1716403500000,182.1101,182.53,182.1086,182.3871,516214.0,182.3699
2024-05-22 14:00:00,1716404400000,182.38,182.7,182.33,182.55,782576.0,182.5073
2024-05-22 14:15:00,1716405300000,182.55,182.71,182.12,182.66,1088775.0,182.4892
2024-05-22 14:30:00,1716406200000,182.65,183.1493,182.47,182.53,1084512.0,182.8255
2024-05-22 14:45:00,1716407100000,182.525,183.14,182.26,183.13,2062999.0,182.7024
2024-05-22 15:00:00,1716408000000,183.13,183.71,182.76,182.9,599774.0,183.1237
2024-05-22 15:15:00,1716408900000,183.0,183.76,182.63,183.03,96133.0,183.2385
2024-05-22 15:30:00,1716409800000,183.08,183.15,182.48,182.75,73011.0,182.7296
2024-05-22 15:45:00,1716410700000,182.7,183.13,182.7,183.06,66247.0,182.9915
2024-05-22 16:00:00,1716411600000,183.09,183.38,182.97,183.38,36881.0,183.1343
2024-05-22 16:15:00,1716412500000,183.31,183.41,182.96,183.25,38320.0,183.1601
2024-05-22 16:30:00,1716413400000,183.25,183.3778,183.08,183.08,36272.0,183.2252
2024-05-22 16:45:00,1716414300000,183.0227,183.13,182.8,182.9,24490.0,182.9802
2024-05-22 17:00:00,1716415200000,182.9,183.08,182.75,182.75,25833.0,182.8896
2024-05-22 17:15:00,1716416100000,182.86,182.92,182.7,182.72,9343.0,182.7702
2024-05-22 17:30:00,1716417000000,182.8,182.88,182.72,182.7643,4780.0,182.7726
2024-05-22 17:45:00,1716417900000,182.8615,182.8775,182.72,182.8775,7506.0,182.7774
2024-05-22 18:00:00,1716418800000,182.8,182.89,182.75,182.88,8108.0,182.7964
2024-05-22 18:15:00,1716419700000,182.85,182.99,182.81,182.87,16367.0,182.9423
2024-05-22 18:30:00,1716420600000,182.9,183.12,182.9,182.9993,23578.0,183.0107
2024-05-22 18:45:00,1716421500000,183.0,183.13,182.97,182.97,13812.0,183.0693
2024-05-23 03:00:00,1716451200000,183.35,184.26,183.35,184.0,13846.0,184.0219
2024-05-23 03:15:00,1716452100000,184.15,184.15,183.91,183.92,6363.0,184.0309
2024-05-23 03:30:00,1716453000000,183.77,183.86,183.71,183.86,1906.0,183.8125
2024-05-23 03:45:00,1716453900000,183.66,183.77,183.66,183.75,2374.0,183.7597
2024-05-23 04:00:00,1716454800000,183.75,183.75,183.71,183.73,2901.0,183.7378
2024-05-23 04:15:00,1716455700000,183.68,183.79,183.59,183.79,4497.0,183.7103
2024-05-23 04:30:00,1716456600000,183.8,183.83,183.74,183.83,1249.0,183.775
2024-05-23 04:45:00,1716457500000,183.81,183.81,183.71,183.72,2506.0,183.7788
2024-05-23 05:00:00,1716458400000,183.81,183.85,183.8,183.84,5577.0,183.8291
2024-05-23 05:15:00,1716459300000,183.85,184.0,183.85,183.93,2407.0,183.926
2024-05-23 05:30:00,1716460200000,183.96,184.2,183.93,184.2,9459.0,184.0646
2024-05-23 05:45:00,1716461100000,184.25,184.25,184.2,184.25,2090.0,184.2146
2024-05-23 06:00:00,1716462000000,184.2,184.25,183.99,184.25,38850.0,184.1184
2024-05-23 06:15:00,1716462900000,184.09,184.5,184.01,184.49,20568.0,184.3109
2024-05-23 06:30:00,1716463800000,184.5,184.6,184.28,184.3,23992.0,184.4926
2024-05-23 06:45:00,1716464700000,184.31,184.45,184.31,184.4,19598.0,184.3861
2024-05-23 07:00:00,1716465600000,184.13,184.59,183.93,184.45,121956.0,184.371
2024-05-23 07:15:00,1716466500000,184.41,185.0,184.35,184.62,59420.0,184.613
2024-05-23 07:30:00,1716467400000,184.53,184.65,184.39,184.62,29768.0,184.58
2024-05-23 07:45:00,1716468300000,184.62,184.62,184.39,184.39,31135.0,184.5237
2024-05-23 08:00:00,1716469200000,184.38,184.4798,184.2701,184.38,32835.0,184.4021
2024-05-23 08:15:00,1716470100000,184.3706,184.4,183.5,183.68,115002.0,183.8492
2024-05-23 08:30:00,1716471000000,183.66,184.76,182.67,182.83,3300783.0,183.7138
2024-05-23 08:45:00,1716471900000,182.81,183.1094,182.41,183.0701,1761408.0,182.773
2024-05-23 09:00:00,1716472800000,183.085,183.37,182.6,182.915,1128852.0,182.9602
2024-05-23 09:15:00,1716473700000,182.91,183.0,182.21,182.62,1377250.0,182.4843
2024-05-23 09:30:00,1716474600000,182.62,183.305,182.36,182.945,923047.0,182.9439
2024-05-23 09:45:00,1716475500000,182.965,183.35,182.54,182.7039,798167.0,182.947
2024-05-23 10:00:00,1716476400000,182.705,183.63,182.705,183.5,1003707.0,183.3113
2024-05-23 10:15:00,1716477300000,183.505,183.7036,183.2819,183.7,618939.0,183.502
2024-05-23 10:30:00,1716478200000,183.7,184.1005,183.691,183.8001,1469021.0,183.7276
2024-05-23 10:45:00,1716479100000,183.8,184.12,183.58,184.0571,732686.0,183.8982
2024-05-23 11:00:00,1716480000000,184.05,184.3,183.18,183.565,1155821.0,183.8724
2024-05-23 11:15:00,1716480900000,183.55,183.8,183.41,183.75,463766.0,183.6073
2024-05-23 11:30:00,1716481800000,183.75,183.77,183.29,183.305,491760.0,183.5435
2024-05-23 11:45:00,1716482700000,183.3031,183.3099,182.53,182.59,618329.0,182.8302
2024-05-23 12:00:00,1716483600000,182.6,182.6902,182.305,182.55,599857.0,182.4696
2024-05-23 12:15:00,1716484500000,182.54,182.58,182.07,182.37,573970.0,182.2795
2024-05-23 12:30:00,1716485400000,182.37,182.385,181.16,181.225,1108231.0,181.7701
2024-05-23 12:45:00,1716486300000,181.225,181.46,181.03,181.0642,884187.0,181.2572
2024-05-23 13:00:00,1716487200000,181.05,181.2,180.81,180.975,965006.0,180.9876
2024-05-23 13:15:00,1716488100000,180.96,181.11,180.32,180.5664,914472.0,180.6653
2024-05-23 13:30:00,1716489000000,180.56,180.725,180.28,180.33,831891.0,180.4567
2024-05-23 13:45:00,1716489900000,180.34,180.4523,180.15,180.2,813678.0,180.2896
2024-05-23 14:00:00,1716490800000,180.19,180.5499,180.08,180.41,899569.0,180.2993
2024-05-23 14:15:00,1716491700000,180.4167,180.47,180.1,180.215,858079.0,180.2787
2024-05-23 14:30:00,1716492600000,180.22,180.61,180.14,180.53,1067682.0,180.3726
2024-05-23 14:45:00,1716493500000,180.53,181.19,180.465,181.07,2385209.0,180.8523
2024-05-23 15:00:00,1716494400000,181.05,181.213,180.95,180.99,538275.0,181.0499
2024-05-23 15:15:00,1716495300000,180.99,181.0,180.91,180.95,22302.0,181.0122
2024-05-23 15:30:00,1716496200000,180.95,181.05,180.93,180.99,399427.0,181.0482
2024-05-23 15:45:00,1716497100000,180.98,181.02,180.9,180.9601,14316.0,179.9355
2024-05-23 16:00:00,1716498000000,180.9899,180.9899,180.91,180.95,8155.0,180.9458
2024-05-23 16:15:00,1716498900000,180.93,180.95,180.9,180.95,4920.0,180.9223
2024-05-23 16:30:00,1716499800000,180.95,180.97,180.93,180.96,4468.0,180.9577
2024-05-23 16:45:00,1716500700000,180.95,180.98,180.7026,180.9,9268.0,180.8441
2024-05-23 17:00:00,1716501600000,180.85,181.2,180.85,181.06,22094.0,181.0135
2024-05-23 17:15:00,1716502500000,181.08,181.1992,181.01,181.15,7258.0,181.1323
2024-05-23 17:30:00,1716503400000,181.1,181.2,181.0,181.0,2513.0,181.0803
2024-05-23 17:45:00,1716504300000,181.0002,181.3,181.0002,181.1,6436.0,181.1665
2024-05-23 18:00:00,1716505200000,181.1,181.15,181.05,181.12,1727.0,181.1004
2024-05-23 18:15:00,1716506100000,181.05,181.15,181.05,181.13,3697.0,181.1236
2024-05-23 18:30:00,1716507000000,181.1,181.17,181.08,181.15,3764.0,181.1253
2024-05-23 18:45:00,1716507900000,181.15,181.19,181.09,181.15,8627.0,181.1425
2024-05-24 03:00:00,1716537600000,180.37,181.37,180.37,181.36,2562.0,181.2609
2024-05-24 03:15:00,1716538500000,181.43,181.44,181.41,181.42,1078.0,181.4175
2024-05-24 03:30:00,1716539400000,181.49,181.49,181.49,181.49,513.0,181.469
2024-05-24 03:45:00,1716540300000,181.72,181.8,181.72,181.8,1586.0,181.7404
2024-05-24 04:00:00,1716541200000,181.75,181.75,181.75,181.75,304.0,181.713
2024-05-24 04:15:00,1716542100000,181.67,181.67,181.6,181.6,723.0,181.6189
2024-05-24 04:30:00,1716543000000,181.48,181.48,181.45,181.45,1032.0,181.4655
2024-05-24 04:45:00,1716543900000,181.63,181.72,181.63,181.72,981.0,181.6736
2024-05-24 05:15:00,1716545700000,181.8,181.8,181.3,181.57,5437.0,181.5647
2024-05-24 05:30:00,1716546600000,181.56,181.89,181.56,181.89,6546.0,181.7797
2024-05-24 05:45:00,1716547500000,181.97,181.99,181.82,181.82,1842.0,181.9049
2024-05-24 06:00:00,1716548400000,181.79,181.88,181.62,181.78,9991.0,181.7755
2024-05-24 06:15:00,1716549300000,181.75,181.75,181.5,181.5,8096.0,181.5995
2024-05-24 06:30:00,1716550200000,181.5,181.55,181.25,181.55,3445.0,181.4666
2024-05-24 06:45:00,1716551100000,181.6,181.6,181.6,181.6,306.0,181.5998
2024-05-24 07:00:00,1716552000000,181.7102,181.87,181.2,181.6,52595.0,181.603
2024-05-24 07:15:00,1716552900000,181.55,181.55,181.4104,181.5,10021.0,181.4999
2024-05-24 07:30:00,1716553800000,181.4,181.97,181.29,181.9115,29235.0,181.7207
2024-05-24 07:45:00,1716554700000,181.85,181.85,181.49,181.53,13849.0,181.6691
2024-05-24 08:00:00,1716555600000,181.6,181.7,181.5001,181.59,15857.0,181.6431
2024-05-24 08:15:00,1716556500000,181.516,181.7,181.41,181.7,19420.0,181.534
2024-05-24 08:30:00,1716557400000,181.65,182.435,181.11,181.929,2116354.0,181.8314
2024-05-24 08:45:00,1716558300000,181.925,182.01,181.25,181.55,1560411.0,181.5605
2024-05-24 09:00:00,1716559200000,181.54,182.17,181.41,181.55,1226455.0,181.7702
2024-05-24 09:15:00,1716560100000,181.57,182.07,181.565,181.82,726190.0,181.8249
2024-05-24 09:30:00,1716561000000,181.8296,181.8297,181.24,181.25,806137.0,181.489
2024-05-24 09:45:00,1716561900000,181.2471,181.46,181.04,181.35,967789.0,181.2642
2024-05-24 10:00:00,1716562800000,181.37,181.96,181.305,181.8999,861719.0,181.6471
2024-05-24 10:15:00,1716563700000,181.9,182.28,181.86,182.0,1031393.0,182.0653
2024-05-24 10:30:00,1716564600000,182.04,182.26,181.81,182.19,896644.0,182.0756
2024-05-24 10:45:00,1716565500000,182.19,182.36,181.91,182.325,574051.0,182.15
2024-05-24 11:00:00,1716566400000,182.32,182.36,182.0101,182.295,546978.0,182.2292
2024-05-24 11:15:00,1716567300000,182.2953,182.35,181.94,181.965,550458.0,182.1464
2024-05-24 11:30:00,1716568200000,181.96,182.16,181.8347,182.07,484316.0,181.9826
2024-05-24 11:45:00,1716569100000,182.0673,182.2,181.91,181.93,337252.0,182.0374
2024-05-24 12:00:00,1716570000000,181.94,182.14,181.94,182.13,307317.0,182.042
2024-05-24 12:15:00,1716570900000,182.1139,182.3,181.88,182.17,506595.0,182.1289
2024-05-24 12:30:00,1716571800000,182.17,182.2094,181.8423,181.94,454181.0,182.0452
2024-05-24 12:45:00,1716572700000,181.94,182.16,181.8337,182.065,355967.0,181.9876
2024-05-24 13:00:00,1716573600000,182.06,182.24,181.94,182.0303,398501.0,182.0976
2024-05-24 13:15:00,1716574500000,182.04,182.16,181.63,181.6899,595448.0,181.9278
2024-05-24 13:30:00,1716575400000,181.688,181.73,181.31,181.36,658120.0,181.5283
2024-05-24 13:45:00,1716576300000,181.36,181.41,181.01,181.0541,840610.0,181.1972
2024-05-24 14:00:00,1716577200000,181.055,181.13,180.6,180.735,1310141.0,180.8092
2024-05-24 14:15:00,1716578100000,180.73,180.77,180.38,180.44,1066556.0,180.6101
2024-05-24 14:30:00,1716579000000,180.45,180.67,180.3,180.405,1466631.0,180.4439
2024-05-24 14:45:00,1716579900000,180.41,180.82,180.4,180.74,2269639.0,180.5762
2024-05-24 15:00:00,1716580800000,180.75,181.09,180.75,180.86,319093.0,180.7784
2024-05-24 15:15:00,1716581700000,180.87,180.9,180.81,180.88,35766.0,180.8503
2024-05-24 15:30:00,1716582600000,180.88,180.91,180.8703,180.91,75925.0,180.7793
2024-05-24 15:45:00,1716583500000,180.92,181.09,180.91,181.02,401520.0,180.76
2024-05-24 16:00:00,1716584400000,181.02,181.0505,180.98,180.99,11228.0,180.7139
2024-05-24 16:15:00,1716585300000,181.02,181.02,180.97,181.02,4172.0,181.0101
2024-05-24 16:30:00,1716586200000,181.0023,181.05,181.0,181.05,4150.0,181.0199
2024-05-24 16:45:00,1716587100000,181.0,181.05,180.75,181.0,7822.0,180.9609
2024-05-24 17:00:00,1716588000000,180.98,181.1,180.98,181.05,10210.0,181.0526
2024-05-24 17:15:00,1716588900000,181.05,181.1,181.05,181.05,4464.0,181.0668
2024-05-24 17:30:00,1716589800000,181.01,181.07,181.0,181.07,4446.0,181.0322
2024-05-24 17:45:00,1716590700000,181.07,181.07,181.0,181.0,4186.0,181.0257
2024-05-24 18:00:00,1716591600000,181.0498,181.05,180.96,180.96,3973.0,181.0228
2024-05-24 18:15:00,1716592500000,180.97,181.1,180.97,181.0,3677.0,181.0494
2024-05-24 18:30:00,1716593400000,181.1,181.1,181.02,181.08,1345.0,181.0425
2024-05-24 18:45:00,1716594300000,181.08,181.1,181.04,181.07,5637.0,181.079
2024-05-28 03:00:00,1716883200000,181.13,181.76,181.05,181.22,11923.0,181.4298
2024-05-28 03:15:00,1716884100000,181.15,181.29,181.11,181.29,5627.0,181.2213
2024-05-28 03:30:00,1716885000000,181.28,181.59,181.28,181.59,6740.0,181.505
2024-05-28 03:45:00,1716885900000,181.62,181.62,181.62,181.62,1296.0,181.6165
2024-05-28 04:00:00,1716886800000,181.61,181.64,181.23,181.24,6553.0,181.4534
2024-05-28 04:15:00,1716887700000,181.2,181.2,181.2,181.2,250.0,181.2043
2024-05-28 04:30:00,1716888600000,181.2,181.6,181.2,181.57,9176.0,181.3969
2024-05-28 04:45:00,1716889500000,181.56,181.56,181.56,181.56,937.0,181.554
2024-05-28 05:00:00,1716890400000,181.5,181.5,181.1,181.1,5693.0,181.2332
2024-05-28 05:15:00,1716891300000,181.07,181.17,181.0,181.0,6837.0,181.0364
2024-05-28 05:30:00,1716892200000,181.0,181.09,181.0,181.09,2956.0,181.0461
2024-05-28 05:45:00,1716893100000,181.0,181.01,180.78,180.78,9840.0,180.8676
2024-05-28 06:00:00,1716894000000,180.81,180.89,180.57,180.75,27484.0,180.7345
2024-05-28 06:15:00,1716894900000,180.83,180.83,180.66,180.75,10183.0,180.7487
2024-05-28 06:30:00,1716895800000,180.75,180.75,180.61,180.62,9671.0,180.6834
2024-05-28 06:45:00,1716896700000,180.68,180.73,180.65,180.73,6851.0,180.6723
2024-05-28 07:00:00,1716897600000,180.7717,181.78,180.299,180.58,70155.0,180.7479
2024-05-28 07:15:00,1716898500000,180.58,180.7,180.5016,180.6,9662.0,180.5917
2024-05-28 07:30:00,1716899400000,180.6656,180.6656,180.45,180.45,33579.0,180.5609
2024-05-28 07:45:00,1716900300000,180.3811,180.5,180.26,180.4488,32940.0,180.3871
2024-05-28 08:00:00,1716901200000,180.4,180.4979,180.2202,180.3,40327.0,180.324
2024-05-28 08:15:00,1716902100000,180.29,180.3,179.66,179.95,108045.0,180.0354
2024-05-28 08:30:00,1716903000000,179.93,181.36,179.49,180.3872,3491653.0,180.3333
2024-05-28 08:45:00,1716903900000,180.31,180.47,179.68,179.97,1759256.0,179.9103
2024-05-28 09:00:00,1716904800000,179.97,181.065,179.85,180.7013,1555167.0,180.6632
2024-05-28 09:15:00,1716905700000,180.7,181.645,180.46,181.57,1218599.0,181.2052
2024-05-28 09:30:00,1716906600000,181.57,181.85,181.2,181.64,1022621.0,181.4725
2024-05-28 09:45:00,1716907500000,181.65,181.85,181.36,181.69,845731.0,181.5518
2024-05-28 10:00:00,1716908400000,181.6969,181.8,181.4502,181.555,902638.0,181.6178
2024-05-28 10:15:00,1716909300000,181.5597,181.61,181.11,181.21,865134.0,181.3318
2024-05-28 10:30:00,1716910200000,181.21,181.31,180.77,180.995,700842.0,181.0324
2024-05-28 10:45:00,1716911100000,180.9903,181.23,180.99,181.145,567023.0,181.094
2024-05-28 11:00:00,1716912000000,181.14,181.17,180.55,181.0238,850854.0,180.904
2024-05-28 11:15:00,1716912900000,181.02,181.02,180.78,180.8901,452248.0,180.9021
2024-05-28 11:30:00,1716913800000,180.9121,181.1,180.89,180.9699,429794.0,180.9953
2024-05-28 11:45:00,1716914700000,180.9647,181.06,180.53,180.6099,678058.0,180.7372
2024-05-28 12:00:00,1716915600000,180.605,181.0668,180.31,180.9099,995788.0,180.6963
2024-05-28 12:15:00,1716916500000,180.9,181.12,180.79,180.9082,555902.0,180.9569
2024-05-28 12:30:00,1716917400000,180.89,181.68,180.8025,181.5508,753021.0,181.3462
2024-05-28 12:45:00,1716918300000,181.56,181.58,181.17,181.505,679317.0,181.3957
2024-05-28 13:00:00,1716919200000,181.49,181.765,181.38,181.7201,658460.0,181.6209
2024-05-28 13:15:00,1716920100000,181.7499,181.7499,181.24,181.29,628973.0,181.4923
2024-05-28 13:30:00,1716921000000,181.29,181.29,180.67,180.93,823610.0,180.9557
2024-05-28 13:45:00,1716921900000,180.93,181.34,180.865,181.28,550775.0,181.0928
2024-05-28 14:00:00,1716922800000,181.27,181.539,181.23,181.445,547273.0,181.3918
2024-05-28 14:15:00,1716923700000,181.44,181.84,181.35,181.565,734977.0,181.5612
2024-05-28 14:30:00,1716924600000,181.57,181.84,181.56,181.71,704826.0,181.6974
2024-05-28 14:45:00,1716925500000,181.7,182.24,181.57,182.22,2213266.0,181.9054
2024-05-28 15:00:00,1716926400000,182.22,182.4,182.15,182.17,403829.0,182.1543
2024-05-28 15:15:00,1716927300000,182.15,182.16,182.07,182.13,45012.0,182.1397
2024-05-28 15:30:00,1716928200000,182.11,182.15,182.09,182.09,16319.0,182.1217
2024-05-28 15:45:00,1716929100000,182.09,182.13,182.07,182.11,394808.0,182.1489
2024-05-28 16:00:00,1716930000000,182.08,182.18,182.08,182.18,7471.0,182.1228
2024-05-28 16:15:00,1716930900000,182.17,182.18,182.0,182.15,9734.0,182.1171
2024-05-28 16:30:00,1716931800000,182.006,182.15,182.0,182.1499,3889.0,182.0856
2024-05-28 16:45:00,1716932700000,182.1,182.1,182.0039,182.05,7364.0,182.0527
2024-05-28 17:00:00,1716933600000,182.05,182.1,181.92,181.92,5978.0,182.0087
2024-05-28 17:15:00,1716934500000,181.96,181.96,181.92,181.92,1722.0,181.9311
2024-05-28 17:30:00,1716935400000,181.92,181.93,181.8701,181.8701,5539.0,181.9005
2024-05-28 17:45:00,1716936300000,181.87,181.98,181.86,181.95,5952.0,181.9102
2024-05-28 18:00:00,1716937200000,181.941,182.0,181.941,182.0,7219.0,181.9907
2024-05-28 18:15:00,1716938100000,182.1,182.1,182.06,182.07,756.0,182.0741
2024-05-28 18:30:00,1716939000000,182.07,182.14,182.0,182.1,4340.0,182.0709
2024-05-28 18:45:00,1716939900000,182.06,182.06,181.9,181.9,9853.0,181.9714
2024-05-29 03:00:00,1716969600000,181.87,181.92,180.82,181.04,3591.0,181.2364
2024-05-29 03:15:00,1716970500000,181.12,181.12,180.75,180.89,4197.0,180.9397
2024-05-29 03:30:00,1716971400000,180.88,181.15,180.88,181.15,8737.0,180.9912
2024-05-29 03:45:00,1716972300000,181.1,181.31,181.05,181.06,4070.0,181.1071
2024-05-29 04:15:00,1716974100000,181.21,181.21,181.1,181.1,348.0,181.186
2024-05-29 04:30:00,1716975000000,181.18,181.18,181.18,181.18,204.0,181.1853
2024-05-29 04:45:00,1716975900000,181.24,181.24,181.24,181.24,205.0,181.235
2024-05-29 05:00:00,1716976800000,181.2,181.2,181.2,181.2,606.0,181.2029
2024-05-29 05:15:00,1716977700000,181.13,181.15,181.1,181.1,2710.0,181.124
2024-05-29 05:30:00,1716978600000,181.1,181.1,181.02,181.02,2382.0,181.0515
2024-05-29 05:45:00,1716979500000,181.02,181.02,181.02,181.02,1991.0,181.0359
2024-05-29 06:00:00,1716980400000,181.02,181.15,180.62,180.66,14888.0,180.953
2024-05-29 06:15:00,1716981300000,180.7,180.7,180.5,180.58,7380.0,180.5728
2024-05-29 06:30:00,1716982200000,180.66,180.75,180.66,180.75,1040.0,180.7096
2024-05-29 06:45:00,1716983100000,180.69,180.75,180.66,180.71,4457.0,180.7219
2024-05-29 07:00:00,1716984000000,180.85,181.73,180.5,180.9,63826.0,180.8351
2024-05-29 07:15:00,1716984900000,180.85,180.95,180.82,180.9,15586.0,180.8867
2024-05-29 07:30:00,1716985800000,180.85,180.9,180.6282,180.75,22644.0,180.7544
2024-05-29 07:45:00,1716986700000,180.75,180.86,180.6814,180.75,15366.0,180.759
2024-05-29 08:00:00,1716987600000,180.75,180.87,180.4,180.8,37572.0,180.5778
2024-05-29 08:15:00,1716988500000,180.82,181.82,180.19,181.82,169005.0,181.1298
2024-05-29 08:30:00,1716989400000,181.7,182.88,181.55,182.0585,3688848.0,182.1307
2024-05-29 08:45:00,1716990300000,182.07,183.0802,182.03,182.6,1792439.0,182.6956
2024-05-29 09:00:00,1716991200000,182.61,183.6,182.42,183.14,1564062.0,183.07
2024-05-29 09:15:00,1716992100000,183.155,184.08,183.0948,183.71,1949843.0,183.5662
2024-05-29 09:30:00,1716993000000,183.7,183.81,183.171,183.255,1095862.0,183.5024
2024-05-29 09:45:00,1716993900000,183.27,183.5299,182.8652,183.29,895717.0,183.1886
2024-05-29 10:00:00,1716994800000,183.29,183.5087,182.94,183.06,609659.0,183.2163
2024-05-29 10:15:00,1716995700000,183.06,183.74,183.05,183.555,720081.0,183.441
2024-05-29 10:30:00,1716996600000,183.55,183.59,183.15,183.2399,747480.0,183.3923
2024-05-29 10:45:00,1716997500000,183.23,183.325,183.05,183.11,500639.0,183.1726
2024-05-29 11:00:00,1716998400000,183.1,183.1,182.62,182.6712,568493.0,182.8458
2024-05-29 11:15:00,1716999300000,182.67,182.99,182.61,182.86,499330.0,182.8194
2024-05-29 11:30:00,1717000200000,182.88,183.14,182.78,182.92,924115.0,182.9391
2024-05-29 11:45:00,1717001100000,182.92,183.28,182.92,183.12,464871.0,183.1071
2024-05-29 12:00:00,1717002000000,183.115,183.16,182.75,182.7701,604808.0,182.9706
2024-05-29 12:15:00,1717002900000,182.77,182.8967,182.54,182.665,481991.0,182.6726
2024-05-29 12:30:00,1717003800000,182.6501,182.9,182.57,182.66,442123.0,182.7212
2024-05-29 12:45:00,1717004700000,182.66,183.25,182.64,183.15,539339.0,182.9748
2024-05-29 13:00:00,1717005600000,183.145,183.35,183.09,183.26,461103.0,183.2187
2024-05-29 13:15:00,1717006500000,183.27,183.27,183.0,183.015,404883.0,183.1387
2024-05-29 13:30:00,1717007400000,183.01,183.09,182.87,182.96,507041.0,182.9989
2024-05-29 13:45:00,1717008300000,182.96,182.9618,182.52,182.6362,585209.0,182.6702
2024-05-29 14:00:00,1717009200000,182.64,182.7,182.27,182.39,970711.0,182.4297
2024-05-29 14:15:00,1717010100000,182.39,182.7373,182.3801,182.58,946081.0,182.5729
2024-05-29 14:30:00,1717011000000,182.57,182.74,182.29,182.32,760591.0,182.5281
2024-05-29 14:45:00,1717011900000,182.315,182.44,181.78,182.09,2265469.0,181.978
2024-05-29 15:00:00,1717012800000,182.02,182.09,181.67,181.9,975114.0,182.0181
2024-05-29 15:15:00,1717013700000,181.9,182.02,181.78,181.8215,48855.0,181.9582
2024-05-29 15:30:00,1717014600000,181.8,182.0,181.76,181.77,32177.0,181.9482
2024-05-29 15:45:00,1717015500000,181.77,181.77,181.27,181.39,37668.0,181.4616
2024-05-29 16:00:00,1717016400000,181.4,182.02,181.3101,181.39,1666386.0,182.0151
2024-05-29 16:15:00,1717017300000,181.45,181.62,181.41,181.61,6256.0,181.4758
2024-05-29 16:30:00,1717018200000,181.41,181.5,181.39,181.5,9136.0,181.4367
2024-05-29 16:45:00,1717019100000,181.6096,181.63,181.42,181.59,4112.0,181.5733
2024-05-29 17:00:00,1717020000000,181.59,181.63,181.4,181.54,19639.0,181.503
2024-05-29 17:15:00,1717020900000,181.47,181.54,181.36,181.5378,4799.0,181.461
2024-05-29 17:30:00,1717021800000,181.4005,182.02,181.2,181.2,8899.0,181.3341
2024-05-29 17:45:00,1717022700000,181.15,181.3391,181.11,181.3,8676.0,181.225
2024-05-29 18:00:00,1717023600000,181.33,181.33,181.15,181.28,6516.0,181.2331
2024-05-29 18:15:00,1717024500000,181.27,181.29,181.15,181.2,4832.0,181.2349
2024-05-29 18:30:00,1717025400000,181.2,181.23,181.12,181.13,4218.0,181.1899
2024-05-29 18:45:00,1717026300000,181.15,181.3,181.13,181.3,18328.0,181.2034
2024-05-30 03:00:00,1717056000000,181.25,181.25,181.15,181.15,342.0,181.2352
2024-05-30 03:15:00,1717056900000,181.39,181.39,181.39,181.39,258.0,181.3869
2024-05-30 03:30:00,1717057800000,181.39,181.39,181.35,181.35,703.0,181.365
2024-05-30 04:00:00,1717059600000,181.46,181.46,181.46,181.46,1581.0,181.4554
2024-05-30 04:15:00,1717060500000,181.41,181.41,181.41,181.41,1018.0,181.389
2024-05-30 04:30:00,1717061400000,181.37,181.37,181.37,181.37,466.0,181.346
2024-05-30 04:45:00,1717062300000,181.4,181.4,181.35,181.35,1000.0,181.3641
2024-05-30 05:00:00,1717063200000,181.34,181.4,181.34,181.37,880.0,181.3726
2024-05-30 05:15:00,1717064100000,181.4,181.54,181.4,181.54,2843.0,181.4726
2024-05-30 05:30:00,1717065000000,181.51,181.51,181.31,181.39,4767.0,181.4297
2024-05-30 05:45:00,1717065900000,181.38,181.39,181.2,181.2,10239.0,181.3648
2024-05-30 06:00:00,1717066800000,181.34,181.34,181.14,181.19,9303.0,181.1942
2024-05-30 06:15:00,1717067700000,181.19,181.35,181.19,181.35,3263.0,181.2949
2024-05-30 06:30:00,1717068600000,181.36,181.41,181.34,181.41,5423.0,181.3782
2024-05-30 06:45:00,1717069500000,181.5,181.55,181.4,181.4,4607.0,181.4991
2024-05-30 07:00:00,1717070400000,181.14,181.55,180.7,181.52,396326.0,181.9119
2024-05-30 07:15:00,1717071300000,181.45,181.61,181.45,181.59,13251.0,181.5593
2024-05-30 07:30:00,1717072200000,181.59,181.95,181.5287,181.7038,20358.0,181.7442
2024-05-30 07:45:00,1717073100000,181.75,181.85,181.55,181.65,18324.0,181.723
2024-05-30 08:00:00,1717074000000,181.63,181.71,181.45,181.45,15432.0,181.5712
2024-05-30 08:15:00,1717074900000,181.44,181.65,181.21,181.31,48915.0,181.3868
2024-05-30 08:30:00,1717075800000,181.31,181.34,180.15,180.8501,2504685.0,180.8002
2024-05-30 08:45:00,1717076700000,180.85,181.15,180.54,180.62,1066750.0,180.8516
2024-05-30 09:00:00,1717077600000,180.6262,180.66,179.6,179.83,2198552.0,180.2422
2024-05-30 09:15:00,1717078500000,179.83,180.47,179.8224,180.29,1041743.0,180.1243
2024-05-30 09:30:00,1717079400000,180.27,180.2761,179.43,179.69,1146026.0,179.7703
2024-05-30 09:45:00,1717080300000,179.7,180.0505,179.63,179.745,846358.0,179.8328
2024-05-30 10:00:00,1717081200000,179.74,179.94,179.5101,179.85,685689.0,179.7654
2024-05-30 10:15:00,1717082100000,179.846,180.3,179.82,180.24,679284.0,180.0615
2024-05-30 10:30:00,1717083000000,180.23,180.47,180.1601,180.19,623421.0,180.3376
2024-05-30 10:45:00,1717083900000,180.2,180.41,180.06,180.145,530078.0,180.2278
2024-05-30 11:00:00,1717084800000,180.141,180.25,179.855,179.89,511295.0,180.0296
2024-05-30 11:15:00,1717085700000,179.9,180.0504,179.66,179.71,512836.0,179.8755
2024-05-30 11:30:00,1717086600000,179.7,179.96,179.67,179.855,617537.0,179.8464
2024-05-30 11:45:00,1717087500000,179.855,180.0,179.8166,179.92,444194.0,179.8993
2024-05-30 12:00:00,1717088400000,179.91,180.23,179.8311,180.16,444412.0,179.9976
2024-05-30 12:15:00,1717089300000,180.17,180.265,180.05,180.2,407962.0,180.1757
2024-05-30 12:30:00,1717090200000,180.2,180.27,179.91,180.12,612743.0,180.0842
2024-05-30 12:45:00,1717091100000,180.11,180.18,179.8201,179.93,458765.0,179.9415
2024-05-30 13:00:00,1717092000000,179.91,179.99,179.63,179.6401,489456.0,179.7835
2024-05-30 13:15:00,1717092900000,179.65,179.8096,179.32,179.51,712067.0,179.5395
2024-05-30 13:30:00,1717093800000,179.51,179.65,179.34,179.3703,513326.0,179.4935
2024-05-30 13:45:00,1717094700000,179.388,179.41,179.13,179.37,573469.0,179.2856
2024-05-30 14:00:00,1717095600000,179.38,179.4,179.1758,179.24,515691.0,179.2719
2024-05-30 14:15:00,1717096500000,179.23,179.335,178.87,179.1,998230.0,179.1197
2024-05-30 14:30:00,1717097400000,179.1,179.18,178.355,178.88,1196700.0,178.7106
2024-05-30 14:45:00,1717098300000,178.8808,179.55,178.57,179.28,2463940.0,179.152
2024-05-30 15:00:00,1717099200000,179.29,179.5,179.16,179.25,1226588.0,179.3232
2024-05-30 15:15:00,1717100100000,179.27,179.34,178.8,178.9215,472366.0,179.2811
2024-05-30 15:30:00,1717101000000,179.0,179.32,178.8229,178.85,54991.0,179.1199
2024-05-30 15:45:00,1717101900000,178.9,178.9,178.6401,178.9,28014.0,178.8577
2024-05-30 16:00:00,1717102800000,178.9,178.96,178.52,178.7,32958.0,178.7534
2024-05-30 16:15:00,1717103700000,178.8153,178.8153,178.51,178.51,20603.0,178.6093
2024-05-30 16:30:00,1717104600000,178.6,178.72,178.5,178.61,4631.0,178.5574
2024-05-30 16:45:00,1717105500000,178.6768,179.32,178.44,178.5,32150.0,179.1139
2024-05-30 17:00:00,1717106400000,178.62,178.69,178.5,178.6323,9046.0,178.6021
2024-05-30 17:15:00,1717107300000,178.6,178.62,178.55,178.5501,4009.0,178.5795
2024-05-30 17:30:00,1717108200000,178.5501,178.72,178.5501,178.71,11097.0,178.6721
2024-05-30 17:45:00,1717109100000,178.71,178.88,178.6208,178.73,5968.0,178.7235
2024-05-30 18:00:00,1717110000000,178.74,178.74,178.55,178.59,6796.0,178.6239
2024-05-30 18:15:00,1717110900000,178.5995,178.66,178.57,178.66,8350.0,178.6276
2024-05-30 18:30:00,1717111800000,178.66,178.78,178.52,178.56,11678.0,178.647
2024-05-30 18:45:00,1717112700000,178.56,178.56,178.35,178.42,12311.0,178.4253
2024-05-31 03:00:00,1717142400000,178.41,178.42,178.17,178.42,5525.0,178.3194
2024-05-31 03:15:00,1717143300000,178.41,178.5,178.41,178.5,617.0,178.4688
2024-05-31 03:30:00,1717144200000,178.44,178.5,178.41,178.5,2689.0,178.4451
2024-05-31 03:45:00,1717145100000,178.49,178.49,178.37,178.37,3079.0,178.423
2024-05-31 04:00:00,1717146000000,178.3,178.3,178.3,178.3,186.0,178.301
2024-05-31 04:15:00,1717146900000,178.3,178.36,178.3,178.36,1954.0,178.3133
2024-05-31 04:30:00,1717147800000,178.31,178.31,178.3,178.3,1582.0,178.3056
2024-05-31 04:45:00,1717148700000,178.29,178.29,178.25,178.25,1884.0,178.2344
2024-05-31 05:00:00,1717149600000,178.24,178.24,178.15,178.15,2902.0,178.1848
2024-05-31 05:15:00,1717150500000,178.1,178.16,177.97,178.12,26055.0,178.0425
2024-05-31 05:30:00,1717151400000,178.03,178.03,177.91,177.95,29589.0,177.9572
2024-05-31 05:45:00,1717152300000,177.95,177.95,177.65,177.87,10960.0,177.8582
2024-05-31 06:00:00,1717153200000,177.95,177.95,177.71,177.75,32574.0,177.81
2024-05-31 06:15:00,1717154100000,177.74,177.75,177.74,177.75,15139.0,177.7485
2024-05-31 06:30:00,1717155000000,177.75,177.75,177.7,177.7,24589.0,177.7409
2024-05-31 06:45:00,1717155900000,177.74,177.95,177.7,177.95,20747.0,177.786
2024-05-31 07:00:00,1717156800000,177.9491,179.19,177.69,177.82,85455.0,177.9206
2024-05-31 07:15:00,1717157700000,177.82,178.1,177.76,178.05,34471.0,177.958
2024-05-31 07:30:00,1717158600000,178.1,179.14,178.1,178.9,118798.0,178.7459
2024-05-31 07:45:00,1717159500000,178.9799,179.3,178.8501,178.8501,55318.0,179.0878
2024-05-31 08:00:00,1717160400000,178.9,179.32,178.87,179.15,52052.0,179.1088
2024-05-31 08:15:00,1717161300000,179.2,179.2116,178.15,178.41,90167.0,178.7089
2024-05-31 08:30:00,1717162200000,178.3,179.21,177.2317,177.9895,2970138.0,178.052
2024-05-31 08:45:00,1717163100000,178.0,178.035,176.64,176.85,2018652.0,177.1862
2024-05-31 09:00:00,1717164000000,176.83,176.87,175.4331,175.72,3034581.0,176.1285
2024-05-31 09:15:00,1717164900000,175.72,175.8,174.75,174.89,3075552.0,175.2386
2024-05-31 09:30:00,1717165800000,174.8899,175.07,173.92,174.6505,2874687.0,174.4517
2024-05-31 09:45:00,1717166700000,174.68,175.47,174.37,175.4,1454421.0,174.8155
2024-05-31 10:00:00,1717167600000,175.4,175.4,174.62,174.74,1113313.0,175.019
2024-05-31 10:15:00,1717168500000,174.73,175.054,174.5,174.74,1099973.0,174.7146
2024-05-31 10:30:00,1717169400000,174.73,174.82,174.27,174.653,1139802.0,174.5671
2024-05-31 10:45:00,1717170300000,174.68,174.86,174.39,174.57,799194.0,174.5682
2024-05-31 11:00:00,1717171200000,174.575,174.9,174.46,174.8,983583.0,174.7219
2024-05-31 11:15:00,1717172100000,174.7935,174.8399,173.87,174.115,1345628.0,174.2964
2024-05-31 11:30:00,1717173000000,174.115,174.415,174.02,174.4,1079871.0,174.2232
2024-05-31 11:45:00,1717173900000,174.405,174.665,174.36,174.55,730470.0,174.5301
2024-05-31 12:00:00,1717174800000,174.55,174.91,174.54,174.84,867517.0,174.7137
2024-05-31 12:15:00,1717175700000,174.84,175.19,174.83,174.98,1121753.0,175.0015
2024-05-31 12:30:00,1717176600000,174.98,175.1559,174.87,175.04,914324.0,174.9808
2024-05-31 12:45:00,1717177500000,175.04,175.19,174.93,174.98,833483.0,175.0718
2024-05-31 13:00:00,1717178400000,175.0,175.03,174.45,174.45,1640082.0,174.8412
2024-05-31 13:15:00,1717179300000,174.445,174.568,174.1,174.106,1250002.0,174.3447
2024-05-31 13:30:00,1717180200000,174.11,174.51,173.95,174.4799,1197760.0,174.149
2024-05-31 13:45:00,1717181100000,174.46,174.82,174.4,174.735,1072915.0,174.5452
2024-05-31 14:00:00,1717182000000,174.735,175.05,174.57,174.95,1183354.0,174.8015
2024-05-31 14:15:00,1717182900000,174.94,174.95,174.635,174.65,1173163.0,174.8139
2024-05-31 14:30:00,1717183800000,174.65,175.25,174.51,175.155,1444232.0,174.8353
2024-05-31 14:45:00,1717184700000,175.14,176.57,175.05,176.465,7204433.0,175.9575
2024-05-31 15:00:00,1717185600000,176.44,176.62,175.92,176.3,1972854.0,176.4296
2024-05-31 15:15:00,1717186500000,176.3,176.51,176.15,176.3,70630.0,176.4049
2024-05-31 15:30:00,1717187400000,176.35,176.79,176.3,176.44,58432.0,176.5073
2024-05-31 15:45:00,1717188300000,176.57,176.57,176.3084,176.32,153297.0,176.4415
2024-05-31 16:00:00,1717189200000,176.35,176.44,176.22,176.4,74289.0,176.3949
2024-05-31 16:15:00,1717190100000,176.28,176.44,176.28,176.3941,11210.0,176.3767
2024-05-31 16:30:00,1717191000000,176.3844,176.3844,176.27,176.27,8186.0,176.2928
2024-05-31 16:45:00,1717191900000,176.24,176.26,176.0366,176.15,16267.0,176.1586
2024-05-31 17:00:00,1717192800000,176.25,176.25,176.2,176.21,7148.0,176.2182
2024-05-31 17:15:00,1717193700000,176.21,176.23,176.1523,176.19,4402.0,176.197
2024-05-31 17:30:00,1717194600000,176.25,176.27,176.2,176.27,5420.0,176.2236
2024-05-31 17:45:00,1717195500000,176.44,176.44,176.2,176.22,5957.0,176.2632
2024-05-31 18:00:00,1717196400000,176.22,176.22,176.15,176.21,2052.0,176.2023
2024-05-31 18:15:00,1717197300000,176.2,176.2387,176.15,176.2,2825.0,176.1998
2024-05-31 18:30:00,1717198200000,176.19,176.38,176.18,176.37,9781.0,176.255
2024-05-31 18:45:00,1717199100000,176.38,176.38,176.25,176.27,7046.0,176.3112
2024-06-03 03:00:00,1717401600000,176.96,177.16,176.81,176.82,7417.0,176.9469
2024-06-03 03:15:00,1717402500000,176.82,176.97,176.62,176.91,14657.0,176.8151
2024-06-03 03:30:00,1717403400000,176.98,177.51,176.98,177.39,34621.0,177.3987
2024-06-03 03:45:00,1717404300000,177.37,177.57,177.37,177.5,8447.0,177.4638
2024-06-03 04:00:00,1717405200000,177.34,177.34,177.18,177.18,2605.0,177.2835
2024-06-03 04:15:00,1717406100000,177.06,177.06,176.93,177.0,14325.0,177.0002
2024-06-03 04:30:00,1717407000000,177.0,177.07,176.98,177.07,6585.0,177.0049
2024-06-03 04:45:00,1717407900000,176.94,176.94,176.9,176.9,699.0,176.9024
2024-06-03 05:00:00,1717408800000,176.9,177.0,176.9,176.9,7680.0,176.9487
2024-06-03 05:15:00,1717409700000,176.99,177.0,176.99,177.0,785.0,176.9977
2024-06-03 05:30:00,1717410600000,177.01,177.06,177.01,177.06,4126.0,177.0479
2024-06-03 05:45:00,1717411500000,177.1,177.1,176.88,176.9,4103.0,177.033
2024-06-03 06:00:00,1717412400000,176.98,177.0,176.7,176.8,13998.0,176.795
2024-06-03 06:15:00,1717413300000,176.77,176.78,175.88,176.12,55251.0,176.3188
2024-06-03 06:30:00,1717414200000,176.25,176.6,176.21,176.55,18447.0,176.4532
2024-06-03 06:45:00,1717415100000,176.6,176.72,176.5,176.56,19907.0,176.5746
2024-06-03 07:00:00,1717416000000,176.85,177.5,175.8301,176.46,131137.0,176.6822
2024-06-03 07:15:00,1717416900000,176.4108,176.65,176.4,176.5,28161.0,176.481
2024-06-03 07:30:00,1717417800000,176.56,176.77,176.4,176.5,52256.0,176.549
2024-06-03 07:45:00,1717418700000,176.5021,176.88,176.5,176.75,40175.0,176.6327
2024-06-03 08:00:00,1717419600000,176.78,176.84,176.72,176.7207,23130.0,176.7793
2024-06-03 08:15:00,1717420500000,176.73,177.7,176.62,177.7,101322.0,177.2351
2024-06-03 08:30:00,1717421400000,177.7,178.48,176.89,178.2977,3686759.0,177.8097
2024-06-03 08:45:00,1717422300000,178.28,178.7,176.8301,177.55,2221419.0,177.7262
2024-06-03 09:00:00,1717423200000,177.55,177.94,175.97,176.78,1694747.0,176.6887
2024-06-03 09:15:00,1717424100000,176.79,177.25,176.73,177.21,851073.0,176.9776
2024-06-03 09:30:00,1717425000000,177.23,177.33,176.7,176.8,789471.0,177.0969
2024-06-03 09:45:00,1717425900000,176.81,177.15,176.42,176.74,1059625.0,176.7188
2024-06-03 10:00:00,1717426800000,176.75,177.7,176.42,177.11,936514.0,176.9238
2024-06-03 10:15:00,1717427700000,177.12,177.81,177.05,177.71,842174.0,177.5079
2024-06-03 10:30:00,1717428600000,177.7,177.97,177.43,177.745,832747.0,177.7179
2024-06-03 10:45:00,1717429500000,177.74,177.98,177.35,177.58,725270.0,177.6684
2024-06-03 11:00:00,1717430400000,177.58,177.64,176.75,176.8101,982655.0,177.2359
2024-06-03 11:15:00,1717431300000,176.83,176.975,176.0001,176.245,871264.0,176.3905
2024-06-03 11:30:00,1717432200000,176.23,176.81,176.145,176.65,710478.0,176.4587
2024-06-03 11:45:00,1717433100000,176.63,176.95,176.43,176.48,513877.0,176.6828
2024-06-03 12:00:00,1717434000000,176.47,176.53,175.92,176.09,692118.0,176.2294
2024-06-03 12:15:00,1717434900000,176.09,176.95,176.08,176.89,757317.0,176.562
2024-06-03 12:30:00,1717435800000,176.88,177.38,176.84,177.33,719083.0,177.0907
2024-06-03 12:45:00,1717436700000,177.32,177.49,177.15,177.23,516653.0,177.2674
2024-06-03 13:00:00,1717437600000,177.23,177.3985,177.0102,177.02,550511.0,177.227
2024-06-03 13:15:00,1717438500000,177.02,177.39,177.02,177.09,518994.0,177.2016
2024-06-03 13:30:00,1717439400000,177.09,177.31,177.0,177.285,531184.0,177.1619
2024-06-03 13:45:00,1717440300000,177.285,177.44,177.12,177.24,628337.0,177.2904
2024-06-03 14:00:00,1717441200000,177.24,177.44,177.13,177.31,747865.0,177.3364
2024-06-03 14:15:00,1717442100000,177.31,177.56,177.25,177.31,714803.0,177.3842
2024-06-03 14:30:00,1717443000000,177.3,177.57,177.11,177.47,823099.0,177.2871
2024-06-03 14:45:00,1717443900000,177.4862,178.38,177.46,178.38,2520613.0,177.9488
2024-06-03 15:00:00,1717444800000,178.34,178.38,177.8,178.37,610502.0,178.3377
2024-06-03 15:15:00,1717445700000,178.25,178.4,178.25,178.39,33859.0,178.3501
2024-06-03 15:30:00,1717446600000,178.39,178.5,178.32,178.4,14203.0,178.4324
2024-06-03 15:45:00,1717447500000,178.49,178.49,178.34,178.39,57598.0,178.3656
2024-06-03 16:00:00,1717448400000,178.4,178.4,178.33,178.33,1946.0,176.9134
2024-06-03 16:15:00,1717449300000,178.34,178.45,178.32,178.34,2379.0,178.367
2024-06-03 16:30:00,1717450200000,178.35,178.35,178.2701,178.3,3187.0,178.2968
2024-06-03 16:45:00,1717451100000,178.28,178.3,178.28,178.29,1909.0,178.2939
2024-06-03 17:00:00,1717452000000,178.33,178.35,178.29,178.3099,3759.0,178.3058
2024-06-03 17:15:00,1717452900000,178.31,178.31,178.25,178.25,7583.0,178.2994
2024-06-03 17:30:00,1717453800000,178.26,178.39,178.25,178.39,3066.0,178.3058
2024-06-03 17:45:00,1717454700000,178.35,178.36,178.28,178.36,2491.0,178.3357
2024-06-03 18:00:00,1717455600000,178.28,178.36,178.28,178.36,1127.0,178.3034
2024-06-03 18:15:00,1717456500000,178.33,178.4,178.3,178.35,3750.0,178.325
2024-06-03 18:30:00,1717457400000,178.35,178.39,178.25,178.25,1834.0,178.337
2024-06-03 18:45:00,1717458300000,178.31,178.33,178.25,178.33,5092.0,178.273
2024-06-04 03:00:00,1717488000000,178.33,178.33,177.7,177.7,3223.0,177.9215
2024-06-04 03:15:00,1717488900000,177.66,177.86,177.64,177.64,5494.0,177.7782
2024-06-04 03:30:00,1717489800000,177.66,177.7,177.48,177.5,4774.0,177.5654
2024-06-04 03:45:00,1717490700000,177.54,177.54,177.48,177.48,1639.0,177.5087
2024-06-04 04:00:00,1717491600000,177.5,177.5,177.2,177.35,5077.0,177.3488
2024-06-04 04:15:00,1717492500000,177.6,177.6,177.55,177.55,4251.0,177.5755
2024-06-04 04:30:00,1717493400000,177.63,177.64,177.61,177.61,1261.0,177.6287
2024-06-04 04:45:00,1717494300000,177.62,177.73,177.5,177.5,7334.0,177.576
2024-06-04 05:00:00,1717495200000,177.43,177.43,177.35,177.35,775.0,177.3683
2024-06-04 05:15:00,1717496100000,177.45,177.6,177.45,177.6,3479.0,177.5045
2024-06-04 05:30:00,1717497000000,177.6,177.6,177.5,177.54,3121.0,177.5687
2024-06-04 05:45:00,1717497900000,177.5,177.5,177.5,177.5,989.0,177.5
2024-06-04 06:00:00,1717498800000,177.5,177.51,177.5,177.5,3179.0,177.4966
2024-06-04 06:15:00,1717499700000,177.5,177.84,177.5,177.84,4829.0,177.6448
2024-06-04 06:30:00,1717500600000,177.72,177.79,177.71,177.79,782.0,177.7417
2024-06-04 06:45:00,1717501500000,177.85,178.0,177.82,178.0,4583.0,177.8695
2024-06-04 07:00:00,1717502400000,177.53,178.54,177.3801,177.6492,58148.0,177.8217
2024-06-04 07:15:00,1717503300000,177.61,178.0285,177.55,177.7185,20849.0,177.6661
2024-06-04 07:30:00,1717504200000,177.85,178.1968,177.7892,178.1357,7876.0,178.038
2024-06-04 07:45:00,1717505100000,178.07,178.15,177.92,178.15,6162.0,178.0764
2024-06-04 08:00:00,1717506000000,178.13,178.14,177.95,178.07,21039.0,178.0659
2024-06-04 08:15:00,1717506900000,178.07,178.13,177.52,177.64,23271.0,177.8417
2024-06-04 08:30:00,1717507800000,177.64,178.48,176.44,177.3949,2380498.0,177.3449
2024-06-04 08:45:00,1717508700000,177.38,177.76,177.2362,177.67,1270980.0,177.5278
2024-06-04 09:00:00,1717509600000,177.69,178.645,176.9,177.075,1576099.0,177.964
2024-06-04 09:15:00,1717510500000,177.0625,177.6414,177.05,177.56,742877.0,177.3694
2024-06-04 09:30:00,1717511400000,177.55,178.19,177.52,177.8859,721819.0,177.8982
2024-06-04 09:45:00,1717512300000,177.895,178.17,177.75,178.005,596456.0,177.9894
2024-06-04 10:00:00,1717513200000,177.995,178.37,177.81,177.815,672548.0,178.0908
2024-06-04 10:15:00,1717514100000,177.81,178.49,177.72,178.11,577223.0,178.2199
2024-06-04 10:30:00,1717515000000,178.115,178.49,178.02,178.3709,468031.0,178.2333
2024-06-04 10:45:00,1717515900000,178.3701,178.52,178.11,178.1299,559483.0,178.282
2024-06-04 11:00:00,1717516800000,178.1213,178.61,177.87,178.16,1744146.0,178.2675
2024-06-04 11:15:00,1717517700000,178.15,178.41,177.91,178.38,502284.0,178.1317
2024-06-04 11:30:00,1717518600000,178.36,178.85,178.18,178.85,599141.0,178.5096
2024-06-04 11:45:00,1717519500000,178.86,178.91,178.52,178.8654,538420.0,178.7827
2024-06-04 12:00:00,1717520400000,178.86,179.08,178.57,178.71,631457.0,178.8166
2024-06-04 12:15:00,1717521300000,178.7087,178.97,178.47,178.96,542677.0,178.7466
2024-06-04 12:30:00,1717522200000,178.97,179.07,178.7,178.7,530948.0,178.8548
2024-06-04 12:45:00,1717523100000,178.7,178.9,178.54,178.57,508942.0,178.7283
2024-06-04 13:00:00,1717524000000,178.56,179.09,178.525,179.02,484983.0,178.8257
2024-06-04 13:15:00,1717524900000,179.03,179.81,179.03,179.72,907684.0,179.5166
2024-06-04 13:30:00,1717525800000,179.72,179.79,179.47,179.77,679402.0,179.6262
2024-06-04 13:45:00,1717526700000,179.75,179.82,179.29,179.39,545268.0,179.6227
2024-06-04 14:00:00,1717527600000,179.38,179.41,178.54,178.88,791712.0,178.8604
2024-06-04 14:15:00,1717528500000,178.89,179.245,178.85,179.135,700214.0,179.1145
2024-06-04 14:30:00,1717529400000,179.13,179.53,178.8,179.52,874852.0,179.0815
2024-06-04 14:45:00,1717530300000,179.51,179.59,179.13,179.35,2319056.0,179.329
2024-06-04 15:00:00,1717531200000,179.27,179.34,178.91,179.34,464369.0,179.3256
2024-06-04 15:15:00,1717532100000,179.24,179.34,179.11,179.2694,18428.0,179.2956
2024-06-04 15:30:00,1717533000000,179.27,179.33,179.25,179.3,18131.0,179.2725
2024-06-04 15:45:00,1717533900000,179.27,179.34,179.27,179.31,235155.0,179.3315
2024-06-04 16:00:00,1717534800000,179.32,179.32,179.2739,179.28,4502.0,176.844
2024-06-04 16:15:00,1717535700000,179.2608,179.34,179.23,179.2813,6905.0,179.2911
2024-06-04 16:30:00,1717536600000,179.2381,179.34,179.2381,179.3,57791.0,179.3386
2024-06-04 16:45:00,1717537500000,179.3,179.34,179.27,179.3001,11270.0,179.3056
2024-06-04 17:00:00,1717538400000,179.34,179.39,179.23,179.23,3890.0,179.3237
2024-06-04 17:15:00,1717539300000,179.33,179.34,179.3,179.31,4359.0,179.3318
2024-06-04 17:30:00,1717540200000,179.33,179.33,179.31,179.31,746.0,179.3209
2024-06-04 17:45:00,1717541100000,179.36,179.391,179.36,179.38,3260.0,179.3768
2024-06-04 18:00:00,1717542000000,179.3997,179.65,179.3997,179.6,9580.0,179.4999
2024-06-04 18:15:00,1717542900000,179.7,179.7,179.64,179.6498,2578.0,179.646
2024-06-04 18:30:00,1717543800000,179.6,179.65,179.6,179.65,1223.0,179.6319
2024-06-04 18:45:00,1717544700000,179.54,179.65,179.53,179.62,2915.0,179.5935
2024-06-05 03:00:00,1717574400000,179.83,179.96,179.77,179.95,4783.0,179.8911
2024-06-05 03:15:00,1717575300000,179.91,179.91,179.89,179.9,3035.0,179.9007
2024-06-05 03:30:00,1717576200000,179.91,180.07,179.86,180.07,2926.0,179.9658
2024-06-05 03:45:00,1717577100000,180.26,180.29,180.11,180.11,5701.0,180.1474
2024-06-05 04:00:00,1717578000000,180.22,180.23,180.22,180.23,1003.0,180.2252
2024-06-05 04:15:00,1717578900000,180.22,180.22,180.01,180.01,4943.0,180.1019
2024-06-05 04:30:00,1717579800000,180.12,180.12,180.0,180.0,3365.0,180.0452
2024-06-05 04:45:00,1717580700000,180.0,180.07,180.0,180.07,2541.0,180.0218
2024-06-05 05:00:00,1717581600000,180.09,180.1,180.01,180.1,2060.0,180.0709
2024-06-05 05:15:00,1717582500000,180.03,180.03,180.03,180.03,164.0,180.0354
2024-06-05 05:30:00,1717583400000,180.03,180.1,180.01,180.01,5249.0,180.0292
2024-06-05 05:45:00,1717584300000,180.01,180.04,179.73,179.73,8038.0,179.8768
2024-06-05 06:00:00,1717585200000,179.8,179.95,179.8,179.82,4286.0,179.8546
2024-06-05 06:15:00,1717586100000,179.85,180.0,179.82,180.0,7449.0,179.8791
2024-06-05 06:30:00,1717587000000,180.0,180.17,179.99,180.17,9133.0,180.0455
2024-06-05 06:45:00,1717587900000,180.14,180.25,180.14,180.25,10857.0,180.2078
2024-06-05 07:00:00,1717588800000,179.7985,180.4,179.72,180.15,111368.0,180.1121
2024-06-05 07:15:00,1717589700000,180.1,180.15,179.72,179.72,37271.0,179.9656
2024-06-05 07:30:00,1717590600000,179.77,180.1,179.7447,180.03,31164.0,179.9335
2024-06-05 07:45:00,1717591500000,180.06,180.15,180.0,180.15,20986.0,180.0609
2024-06-05 08:00:00,1717592400000,180.16,180.47,180.1,180.35,30062.0,180.2228
2024-06-05 08:15:00,1717593300000,180.35,180.45,179.95,180.12,77000.0,180.1643
2024-06-05 08:30:00,1717594200000,180.1,180.19,178.75,179.8801,2610187.0,179.5647
2024-06-05 08:45:00,1717595100000,179.9,180.37,179.42,179.8319,1337193.0,179.7919
2024-06-05 09:00:00,1717596000000,179.79,179.9,178.855,178.97,1498135.0,179.2844
2024-06-05 09:15:00,1717596900000,178.96,180.25,178.85,180.05,1389781.0,179.8053
2024-06-05 09:30:00,1717597800000,180.05,180.32,179.85,179.98,890483.0,180.0932
2024-06-05 09:45:00,1717598700000,179.97,180.23,179.89,180.1481,713716.0,180.0521
2024-06-05 10:00:00,1717599600000,180.16,180.525,179.99,180.47,963921.0,180.2204
2024-06-05 10:15:00,1717600500000,180.48,181.18,180.48,180.67,1501908.0,180.8644
2024-06-05 10:30:00,1717601400000,180.67,180.84,180.55,180.77,585217.0,180.7017
2024-06-05 10:45:00,1717602300000,180.78,180.9499,180.67,180.745,689330.0,180.8019
2024-06-05 11:00:00,1717603200000,180.745,181.165,180.71,180.96,738185.0,180.9512
2024-06-05 11:15:00,1717604100000,180.965,181.285,180.91,181.11,649641.0,181.1205
2024-06-05 11:30:00,1717605000000,181.11,181.31,181.02,181.1,666630.0,181.1597
2024-06-05 11:45:00,1717605900000,181.115,181.43,181.115,181.28,712174.0,181.2924
2024-06-05 12:00:00,1717606800000,181.28,181.49,181.16,181.25,681815.0,181.3024
2024-06-05 12:15:00,1717607700000,181.27,181.38,180.8,181.025,673263.0,181.0342
2024-06-05 12:30:00,1717608600000,181.03,181.5,181.03,181.34,653681.0,181.2757
2024-06-05 12:45:00,1717609500000,181.34,181.37,181.1,181.21,611566.0,181.2036
2024-06-05 13:00:00,1717610400000,181.21,181.3,181.035,181.28,590053.0,181.1923
2024-06-05 13:15:00,1717611300000,181.27,181.44,181.16,181.42,627899.0,181.3246
2024-06-05 13:30:00,1717612200000,181.4297,181.49,181.16,181.19,603292.0,181.3181
2024-06-05 13:45:00,1717613100000,181.2,181.22,180.82,180.89,547063.0,181.0148
2024-06-05 14:00:00,1717614000000,180.88,181.2,180.8101,181.005,683884.0,181.0563
2024-06-05 14:15:00,1717614900000,181.0,181.29,180.98,181.16,782913.0,181.1688
2024-06-05 14:30:00,1717615800000,181.145,181.34,181.03,181.09,888070.0,181.1709
2024-06-05 14:45:00,1717616700000,181.09,181.44,180.86,181.27,2084129.0,181.2016
2024-06-05 15:00:00,1717617600000,181.28,181.28,181.02,181.07,1198392.0,181.2746
2024-06-05 15:15:00,1717618500000,181.07,181.28,181.04,181.1253,14566.0,181.1108
2024-06-05 15:30:00,1717619400000,181.1,181.17,181.06,181.13,16055.0,181.1208
2024-06-05 15:45:00,1717620300000,181.158,181.18,181.13,181.14,5044.0,181.1442
2024-06-05 16:00:00,1717621200000,181.15,181.28,181.14,181.14,1437833.0,181.2756
2024-06-05 16:15:00,1717622100000,181.12,181.12,181.05,181.1,11479.0,181.0833
2024-06-05 16:30:00,1717623000000,181.0986,181.1,181.06,181.0998,6731.0,181.093
2024-06-05 16:45:00,1717623900000,181.09,181.1,181.08,181.08,1992.0,181.0884
2024-06-05 17:00:00,1717624800000,181.0801,181.15,181.0801,181.15,6258.0,181.125
2024-06-05 17:15:00,1717625700000,181.12,181.15,181.08,181.14,3076.0,181.109
2024-06-05 17:30:00,1717626600000,181.14,181.1676,181.08,181.12,8484.0,181.1225
2024-06-05 17:45:00,1717627500000,181.12,181.19,181.1005,181.15,8781.0,181.1521
2024-06-05 18:00:00,1717628400000,181.17,181.2,181.15,181.16,3789.0,181.1848
2024-06-05 18:15:00,1717629300000,181.2,181.2899,181.16,181.22,5533.0,181.2306
2024-06-05 18:30:00,1717630200000,181.24,181.33,181.24,181.3,5184.0,181.301
2024-06-05 18:45:00,1717631100000,181.2906,181.45,181.29,181.45,15365.0,181.3434
2024-06-06 03:00:00,1717660800000,181.39,181.39,181.04,181.04,6556.0,181.1932
2024-06-06 03:15:00,1717661700000,181.14,181.38,181.14,181.37,6545.0,181.3352
2024-06-06 03:30:00,1717662600000,181.33,181.34,181.24,181.24,1878.0,181.285
2024-06-06 03:45:00,1717663500000,181.12,181.28,181.11,181.27,3353.0,181.1622
2024-06-06 04:00:00,1717664400000,181.28,181.28,181.2,181.2,977.0,181.2284
2024-06-06 04:45:00,1717667100000,181.09,181.09,181.09,181.09,444.0,181.093
2024-06-06 05:00:00,1717668000000,181.2,181.3,181.11,181.11,9768.0,181.2017
2024-06-06 05:15:00,1717668900000,181.07,181.11,181.07,181.11,2742.0,181.1001
2024-06-06 05:30:00,1717669800000,181.11,181.11,181.11,181.11,181.0,181.1112
2024-06-06 05:45:00,1717670700000,181.1,181.1,181.0,181.0,1957.0,181.0726
2024-06-06 06:00:00,1717671600000,181.0,181.02,181.0,181.01,1978.0,181.0145
2024-06-06 06:15:00,1717672500000,181.1,181.28,181.1,181.27,13364.0,181.1359
2024-06-06 06:30:00,1717673400000,181.2,181.28,181.2,181.26,2187.0,181.2367
2024-06-06 06:45:00,1717674300000,181.28,181.45,181.28,181.44,14429.0,181.3901
2024-06-06 07:00:00,1717675200000,181.04,181.66,181.0,181.6497,40266.0,181.3371
2024-06-06 07:15:00,1717676100000,181.62,181.6974,181.2674,181.39,17610.0,181.5301
2024-06-06 07:30:00,1717677000000,181.39,181.51,181.02,181.09,33626.0,181.1371
2024-06-06 07:45:00,1717677900000,181.05,181.32,181.05,181.32,5320.0,181.2026
2024-06-06 08:00:00,1717678800000,181.38,181.44,181.15,181.27,39377.0,181.2397
2024-06-06 08:15:00,1717679700000,181.16,181.87,181.15,181.76,49548.0,181.5474
2024-06-06 08:30:00,1717680600000,181.745,182.74,181.49,182.51,2313572.0,182.1358
2024-06-06 08:45:00,1717681500000,182.51,182.78,182.03,182.2,1451695.0,182.468
2024-06-06 09:00:00,1717682400000,182.21,182.6728,182.12,182.285,1046729.0,182.3409
2024-06-06 09:15:00,1717683300000,182.285,182.8999,182.06,182.75,1033709.0,182.4833
2024-06-06 09:30:00,1717684200000,182.74,183.75,182.665,183.185,1428567.0,183.208
2024-06-06 09:45:00,1717685100000,183.1998,183.81,183.085,183.27,1131106.0,183.4395
2024-06-06 10:00:00,1717686000000,183.25,184.08,183.23,183.74,1161303.0,183.7651
2024-06-06 10:15:00,1717686900000,183.73,183.9,183.67,183.755,584535.0,183.7721
2024-06-06 10:30:00,1717687800000,183.74,184.07,183.2801,183.3,871246.0,183.72
2024-06-06 10:45:00,1717688700000,183.3,183.3699,182.9401,183.05,629636.0,183.1555
2024-06-06 11:00:00,1717689600000,183.0526,183.41,183.05,183.33,702324.0,183.1999
2024-06-06 11:15:00,1717690500000,183.3501,183.48,183.0317,183.26,463035.0,183.2575
2024-06-06 11:30:00,1717691400000,183.27,183.32,183.07,183.29,427857.0,183.1924
2024-06-06 11:45:00,1717692300000,183.2801,183.43,183.12,183.355,447906.0,183.2916
2024-06-06 12:00:00,1717693200000,183.35,183.5199,183.2559,183.44,455493.0,183.3986
2024-06-06 12:15:00,1717694100000,183.44,183.56,183.325,183.47,428390.0,183.4431
2024-06-06 12:30:00,1717695000000,183.465,183.56,183.35,183.54,425923.0,183.4726
2024-06-06 12:45:00,1717695900000,183.535,183.685,183.44,183.59,453071.0,183.5621
2024-06-06 13:00:00,1717696800000,183.585,183.645,183.165,183.26,615190.0,183.4223
2024-06-06 13:15:00,1717697700000,183.26,183.61,183.2,183.43,533237.0,183.4454
2024-06-06 13:30:00,1717698600000,183.425,183.69,183.31,183.55,665125.0,183.4738
2024-06-06 13:45:00,1717699500000,183.555,183.86,183.54,183.78,628981.0,183.7256
2024-06-06 14:00:00,1717700400000,183.7703,183.91,183.525,183.61,979225.0,183.7782
2024-06-06 14:15:00,1717701300000,183.62,184.168,183.585,184.15,923750.0,183.8802
2024-06-06 14:30:00,1717702200000,184.155,184.55,184.09,184.405,1403259.0,184.3125
2024-06-06 14:45:00,1717703100000,184.4075,185.0,184.4,185.0,3125384.0,184.7164
2024-06-06 15:00:00,1717704000000,185.0,185.0,184.64,184.83,2393549.0,184.9946
2024-06-06 15:15:00,1717704900000,184.82,185.0,184.75,184.75,613483.0,184.9955
2024-06-06 15:30:00,1717705800000,184.8,185.0,184.5965,184.71,26219.0,184.7517
2024-06-06 15:45:00,1717706700000,184.7,184.77,184.6058,184.74,10614.0,184.6504
2024-06-06 16:00:00,1717707600000,184.78,184.78,184.67,184.67,7139.0,184.5665
2024-06-06 16:15:00,1717708500000,184.7,184.74,184.53,184.73,8362.0,184.6782
2024-06-06 16:30:00,1717709400000,184.73,184.75,184.55,184.6955,7463.0,184.6641
2024-06-06 16:45:00,1717710300000,184.78,184.85,184.6395,184.7,13271.0,184.7273
2024-06-06 17:00:00,1717711200000,184.74,184.99,184.68,184.74,10983.0,184.7934
2024-06-06 17:15:00,1717712100000,184.75,184.9,184.75,184.9,12026.0,184.8549
2024-06-06 17:30:00,1717713000000,184.88,184.88,184.8,184.8,4122.0,184.8292
2024-06-06 17:45:00,1717713900000,184.81,184.82,184.75,184.8,3574.0,184.7922
2024-06-06 18:00:00,1717714800000,184.81,184.82,184.78,184.8,3685.0,184.8098
2024-06-06 18:15:00,1717715700000,184.83,184.83,184.76,184.78,2174.0,184.8019
2024-06-06 18:30:00,1717716600000,184.7995,184.8,184.75,184.75,5747.0,184.7833
2024-06-06 18:45:00,1717717500000,184.75,184.75,184.69,184.7,8339.0,184.7129
2024-06-07 03:00:00,1717747200000,184.84,184.84,184.84,184.84,1066.0,184.8115
2024-06-07 03:15:00,1717748100000,184.72,184.81,184.63,184.75,5425.0,184.7157
2024-06-07 03:45:00,1717749900000,184.67,184.7,184.63,184.63,3637.0,184.6836
2024-06-07 04:15:00,1717751700000,184.72,184.78,184.72,184.78,599.0,184.7459
2024-06-07 04:30:00,1717752600000,184.8,184.92,184.8,184.92,1653.0,184.853
2024-06-07 04:45:00,1717753500000,184.98,184.98,184.9,184.9,1533.0,184.9251
2024-06-07 05:00:00,1717754400000,185.0,185.08,184.9,184.92,5657.0,184.9947
2024-06-07 05:15:00,1717755300000,184.99,185.08,184.99,185.08,5763.0,185.0007
2024-06-07 05:30:00,1717756200000,185.06,185.06,185.0,185.0,1144.0,185.0219
2024-06-07 05:45:00,1717757100000,185.0,185.04,184.94,184.94,3027.0,185.0061
2024-06-07 06:00:00,1717758000000,184.9,184.91,184.84,184.84,3016.0,184.8791
2024-06-07 06:15:00,1717758900000,184.85,184.89,184.82,184.88,6917.0,184.8672
2024-06-07 06:30:00,1717759800000,184.88,185.1,184.88,185.0,14697.0,184.9846
2024-06-07 06:45:00,1717760700000,185.02,185.25,185.02,185.25,9157.0,185.1782
2024-06-07 07:00:00,1717761600000,184.94,185.65,184.54,185.65,86978.0,185.2361
2024-06-07 07:15:00,1717762500000,185.624,185.7484,185.5,185.7269,46262.0,185.611
2024-06-07 07:30:00,1717763400000,185.73,186.05,183.91,184.2,210973.0,184.9897
2024-06-07 07:45:00,1717764300000,184.13,184.7013,183.91,184.31,93252.0,184.2693
2024-06-07 08:00:00,1717765200000,184.4132,184.68,183.95,184.4,66870.0,184.3078
2024-06-07 08:15:00,1717766100000,184.4938,185.59,184.24,185.07,77803.0,184.8785
2024-06-07 08:30:00,1717767000000,184.9,185.015,183.36,184.42,2339533.0,184.2263
2024-06-07 08:45:00,1717767900000,184.43,184.54,183.7688,184.2525,1290101.0,184.2502
2024-06-07 09:00:00,1717768800000,184.23,184.96,184.18,184.485,1070610.0,184.5556
2024-06-07 09:15:00,1717769700000,184.4601,184.99,184.45,184.87,812524.0,184.7767
2024-06-07 09:30:00,1717770600000,184.87,185.5,184.83,185.3293,1165772.0,185.1384
2024-06-07 09:45:00,1717771500000,185.33,185.5,184.98,185.31,898356.0,185.2635
2024-06-07 10:00:00,1717772400000,185.33,185.34,184.635,184.95,699056.0,185.0009
2024-06-07 10:15:00,1717773300000,184.94,185.68,184.68,185.68,869850.0,185.2447
2024-06-07 10:30:00,1717774200000,185.68,185.91,185.475,185.5599,766971.0,185.7022
2024-06-07 10:45:00,1717775100000,185.55,185.8801,185.45,185.775,503705.0,185.728
2024-06-07 11:00:00,1717776000000,185.77,185.97,185.485,185.53,580946.0,185.7471
2024-06-07 11:15:00,1717776900000,185.54,186.0,185.52,185.915,592382.0,185.7719
2024-06-07 11:30:00,1717777800000,185.915,186.2888,185.8501,186.09,988591.0,186.0728
2024-06-07 11:45:00,1717778700000,186.085,186.2751,185.83,186.21,553517.0,186.0929
2024-06-07 12:00:00,1717779600000,186.21,186.22,185.565,185.785,699953.0,185.8652
2024-06-07 12:15:00,1717780500000,185.78,186.04,185.6706,185.765,485664.0,185.838
2024-06-07 12:30:00,1717781400000,185.7699,186.025,185.735,185.89,408296.0,185.8726
2024-06-07 12:45:00,1717782300000,185.89,186.085,185.82,185.85,426958.0,185.9799
2024-06-07 13:00:00,1717783200000,185.85,185.8787,184.68,184.6901,988995.0,185.2288
2024-06-07 13:15:00,1717784100000,184.69,185.32,184.635,185.19,506123.0,185.0097
2024-06-07 13:30:00,1717785000000,185.175,185.42,185.13,185.3298,461146.0,185.2887
2024-06-07 13:45:00,1717785900000,185.33,185.35,185.014,185.14,433799.0,185.1738
2024-06-07 14:00:00,1717786800000,185.13,185.26,184.53,184.8,645187.0,184.9675
2024-06-07 14:15:00,1717787700000,184.8,184.89,184.42,184.785,617480.0,184.6468
2024-06-07 14:30:00,1717788600000,184.78,184.81,184.47,184.54,618005.0,184.6277
2024-06-07 14:45:00,1717789500000,184.535,184.588,184.04,184.26,2153231.0,184.35
2024-06-07 15:00:00,1717790400000,184.3,184.4,184.04,184.3,821588.0,184.2923
2024-06-07 15:15:00,1717791300000,184.07,184.3,184.01,184.0705,265589.0,184.2841
2024-06-07 15:30:00,1717792200000,184.1,184.3015,184.01,184.11,21893.0,184.1943
2024-06-07 15:45:00,1717793100000,184.13,184.19,184.1,184.19,189206.0,184.2837
2024-06-07 16:00:00,1717794000000,184.19,184.3,184.16,184.17,651909.0,184.2994
2024-06-07 16:15:00,1717794900000,184.16,184.2,184.105,184.105,3100.0,184.1615
2024-06-07 16:30:00,1717795800000,184.17,184.3,184.07,184.0775,656516.0,184.2978
2024-06-07 16:45:00,1717796700000,184.05,184.1,184.0101,184.04,3205.0,184.0517
2024-06-07 17:00:00,1717797600000,184.09,184.09,184.02,184.09,4729.0,184.0676
2024-06-07 17:15:00,1717798500000,184.06,184.13,184.06,184.13,3739.0,184.0919
2024-06-07 17:30:00,1717799400000,184.0906,184.1,184.09,184.1,3089.0,184.094
2024-06-07 17:45:00,1717800300000,184.11,184.13,184.1,184.12,3146.0,184.1242
2024-06-07 18:00:00,1717801200000,184.12,184.2,184.05,184.06,9511.0,184.1429
2024-06-07 18:15:00,1717802100000,184.09,184.18,184.09,184.17,4193.0,184.1614
2024-06-07 18:30:00,1717803000000,184.17,184.19,184.12,184.12,7148.0,184.1536
2024-06-07 18:45:00,1717803900000,184.19,184.2,184.12,184.2,9054.0,184.177
2024-06-10 03:00:00,1718006400000,184.29,184.29,183.97,183.97,3368.0,183.9785
2024-06-10 03:15:00,1718007300000,184.09,184.14,184.09,184.14,1175.0,184.104
2024-06-10 03:30:00,1718008200000,184.01,184.01,183.97,183.97,1177.0,183.9752
2024-06-10 03:45:00,1718009100000,183.92,183.92,183.92,183.92,1140.0,183.926
2024-06-10 04:00:00,1718010000000,183.89,183.89,183.89,183.89,206.0,183.8899
2024-06-10 04:15:00,1718010900000,183.9,183.9,183.8,183.82,2511.0,183.834
2024-06-10 04:30:00,1718011800000,183.9,183.9,183.9,183.9,350.0,183.9
2024-06-10 04:45:00,1718012700000,183.92,183.92,183.92,183.92,1007.0,183.9157
2024-06-10 05:15:00,1718014500000,183.88,183.88,183.88,183.88,162.0,183.8691
2024-06-10 05:30:00,1718015400000,183.92,184.05,183.92,184.05,1046.0,183.9809
2024-06-10 06:00:00,1718017200000,184.11,184.28,184.09,184.28,4949.0,184.1322
2024-06-10 06:15:00,1718018100000,184.25,184.25,184.23,184.25,1754.0,184.2449
2024-06-10 06:30:00,1718019000000,184.25,184.34,184.25,184.25,5263.0,184.2807
2024-06-10 06:45:00,1718019900000,184.19,184.2,184.15,184.15,2437.0,184.164
2024-06-10 07:00:00,1718020800000,184.12,184.3,184.0,184.1026,31652.0,184.1674
2024-06-10 07:15:00,1718021700000,184.18,184.201,184.11,184.14,1815.0,184.1529
2024-06-10 07:30:00,1718022600000,184.14,184.2,184.11,184.12,5523.0,184.1402
2024-06-10 07:45:00,1718023500000,184.11,184.11,183.7,183.76,20250.0,183.9215
2024-06-10 08:00:00,1718024400000,183.9186,183.98,183.8,183.95,8387.0,183.9037
2024-06-10 08:15:00,1718025300000,183.98,183.99,183.64,183.99,23873.0,183.8198
2024-06-10 08:30:00,1718026200000,184.07,184.7899,183.79,184.33,1996425.0,184.2545
2024-06-10 08:45:00,1718027100000,184.34,185.4199,184.1,185.22,1364790.0,184.852
2024-06-10 09:00:00,1718028000000,185.21,185.8,185.19,185.57,1143532.0,185.508
2024-06-10 09:15:00,1718028900000,185.57,186.2596,185.41,186.225,1387880.0,185.7427
2024-06-10 09:30:00,1718029800000,186.2293,186.36,185.9132,186.055,964919.0,186.156
2024-06-10 09:45:00,1718030700000,186.05,186.55,186.0,186.475,990463.0,186.2157
2024-06-10 10:00:00,1718031600000,186.49,186.965,186.39,186.73,1162205.0,186.703
2024-06-10 10:15:00,1718032500000,186.73,186.79,186.2041,186.3356,720212.0,186.5144
2024-06-10 10:30:00,1718033400000,186.37,186.715,186.16,186.5989,805342.0,186.3967
2024-06-10 10:45:00,1718034300000,186.5968,186.805,186.28,186.345,688489.0,186.5956
2024-06-10 11:00:00,1718035200000,186.36,186.73,186.21,186.7,610823.0,186.4901
2024-06-10 11:15:00,1718036100000,186.705,186.86,186.33,186.3499,672257.0,186.6227
2024-06-10 11:30:00,1718037000000,186.35,186.36,185.71,185.845,881865.0,186.0152
2024-06-10 11:45:00,1718037900000,185.835,186.06,185.66,186.0599,791954.0,185.8625
2024-06-10 12:00:00,1718038800000,186.05,186.28,185.95,186.13,613743.0,186.1138
2024-06-10 12:15:00,1718039700000,186.14,186.26,186.02,186.2,541914.0,186.1502
2024-06-10 12:30:00,1718040600000,186.2,186.39,186.1,186.37,481506.0,186.2218
2024-06-10 12:45:00,1718041500000,186.36,186.75,186.35,186.6163,545318.0,186.6006
2024-06-10 13:00:00,1718042400000,186.62,186.69,186.43,186.5899,1649528.0,186.583
2024-06-10 13:15:00,1718043300000,186.6,186.64,186.2201,186.32,624111.0,186.4772
2024-06-10 13:30:00,1718044200000,186.309,186.54,186.18,186.4,635612.0,186.3812
2024-06-10 13:45:00,1718045100000,186.41,186.7432,186.38,186.72,613389.0,186.5995
2024-06-10 14:00:00,1718046000000,186.72,187.11,186.685,187.08,1135291.0,186.8766
2024-06-10 14:15:00,1718046900000,187.11,187.18,186.8159,186.875,791638.0,187.0062
2024-06-10 14:30:00,1718047800000,186.87,186.98,186.73,186.86,887998.0,186.8573
2024-06-10 14:45:00,1718048700000,186.8601,187.23,186.79,187.12,2924658.0,186.9979
2024-06-10 15:00:00,1718049600000,187.06,187.3,187.0,187.25,853073.0,187.0443
2024-06-10 15:15:00,1718050500000,187.25,187.35,187.06,187.25,19843.0,187.2319
2024-06-10 15:30:00,1718051400000,187.26,187.34,187.25,187.25,10634.0,187.2817
2024-06-10 15:45:00,1718052300000,187.2526,187.35,187.25,187.25,7813.0,187.3332
2024-06-10 16:00:00,1718053200000,187.25,187.29,187.06,187.0651,1864567.0,187.0594
2024-06-10 16:15:00,1718054100000,187.1,187.18,187.0925,187.0925,4867.0,187.1271
2024-06-10 16:30:00,1718055000000,187.09,187.12,187.07,187.12,3335.0,187.0891
2024-06-10 16:45:00,1718055900000,187.12,187.16,187.12,187.15,1863.0,187.1383
2024-06-10 17:00:00,1718056800000,187.15,187.15,187.1045,187.1045,2662.0,187.1332
2024-06-10 17:15:00,1718057700000,187.15,187.18,187.1,187.14,5345.0,187.1482
2024-06-10 17:30:00,1718058600000,187.1388,187.1388,187.1,187.1,3599.0,187.1179
2024-06-10 17:45:00,1718059500000,187.13,187.2,187.06,187.15,9044.0,187.1162
2024-06-10 18:00:00,1718060400000,187.06,187.07,187.06,187.06,4275.0,187.0649
2024-06-10 18:15:00,1718061300000,187.06,187.15,187.0,187.05,4675.0,187.0591
2024-06-10 18:30:00,1718062200000,186.98,187.06,186.97,187.06,5805.0,187.0209
2024-06-10 18:45:00,1718063100000,187.0486,187.05,186.9,186.96,5522.0,187.0051
2024-06-11 03:00:00,1718092800000,186.9,187.0,186.86,186.86,1427.0,186.9485
2024-06-11 03:15:00,1718093700000,186.95,187.06,186.95,187.0,5702.0,187.0145
2024-06-11 03:30:00,1718094600000,186.97,186.97,186.97,186.97,192.0,186.97
2024-06-11 03:45:00,1718095500000,186.89,186.89,186.7,186.72,4679.0,186.7557
2024-06-11 04:00:00,1718096400000,186.74,186.74,186.74,186.74,412.0,186.7395
2024-06-11 04:45:00,1718099100000,186.54,186.54,186.39,186.39,2508.0,186.4713
2024-06-11 05:00:00,1718100000000,186.35,186.38,186.35,186.38,1677.0,186.3641
2024-06-11 05:15:00,1718100900000,186.49,186.53,186.49,186.53,1428.0,186.5183
2024-06-11 05:30:00,1718101800000,186.55,186.68,186.55,186.68,1588.0,186.6285
2024-06-11 05:45:00,1718102700000,186.54,186.7,186.53,186.7,4357.0,186.6491
2024-06-11 06:00:00,1718103600000,186.8,186.8,186.7,186.7,12623.0,186.7169
2024-06-11 06:15:00,1718104500000,186.65,186.9,186.65,186.85,6449.0,186.7661
2024-06-11 06:30:00,1718105400000,186.8,186.85,186.7,186.7,5531.0,186.7596
2024-06-11 06:45:00,1718106300000,186.7,186.82,186.7,186.75,2164.0,186.7777
2024-06-11 07:00:00,1718107200000,186.82,187.05,186.5478,186.77,23978.0,186.7627
2024-06-11 07:15:00,1718108100000,186.85,186.9293,186.746,186.9,5406.0,186.8721
2024-06-11 07:30:00,1718109000000,186.88,187.0,186.85,186.92,21318.0,186.9182
2024-06-11 07:45:00,1718109900000,186.85,186.97,186.85,186.85,16472.0,186.8624
2024-06-11 08:00:00,1718110800000,186.81,186.92,186.69,186.92,15103.0,186.8101
2024-06-11 08:15:00,1718111700000,186.9,187.06,186.8,187.04,22348.0,186.9367
2024-06-11 08:30:00,1718112600000,187.06,187.77,186.55,186.5799,2023579.0,187.2504
2024-06-11 08:45:00,1718113500000,186.57,186.62,185.41,185.99,1895159.0,185.8641
2024-06-11 09:00:00,1718114400000,185.99,186.45,185.92,186.105,866086.0,186.1606
2024-06-11 09:15:00,1718115300000,186.09,186.505,185.97,186.22,739083.0,186.229
2024-06-11 09:30:00,1718116200000,186.24,186.49,185.82,186.45,779718.0,186.0807
2024-06-11 09:45:00,1718117100000,186.45,186.53,185.97,186.355,716732.0,186.2019
2024-06-11 10:00:00,1718118000000,186.36,186.4,186.0201,186.0702,478996.0,186.1922
2024-06-11 10:15:00,1718118900000,186.08,186.09,185.82,185.95,546550.0,185.9347
2024-06-11 10:30:00,1718119800000,185.94,186.0274,185.15,185.21,887057.0,185.5969
2024-06-11 10:45:00,1718120700000,185.2,185.46,185.1101,185.27,614481.0,185.2599
2024-06-11 11:00:00,1718121600000,185.26,185.33,185.01,185.25,602879.0,185.1414
2024-06-11 11:15:00,1718122500000,185.25,185.35,184.72,184.805,805165.0,184.9708
2024-06-11 11:30:00,1718123400000,184.8,184.885,184.57,184.8014,631816.0,184.753
2024-06-11 11:45:00,1718124300000,184.8,184.9,184.5373,184.62,625142.0,184.6967
2024-06-11 12:00:00,1718125200000,184.62,185.19,184.56,185.1,772752.0,184.9299
2024-06-11 12:15:00,1718126100000,185.1,185.19,185.0,185.1546,399613.0,185.0947
2024-06-11 12:30:00,1718127000000,185.15,185.6182,185.11,185.57,543365.0,185.4189
2024-06-11 12:45:00,1718127900000,185.5727,185.76,185.49,185.7543,369399.0,185.6242
2024-06-11 13:00:00,1718128800000,185.755,186.04,185.625,185.78,649685.0,185.8364
2024-06-11 13:15:00,1718129700000,185.785,186.18,185.715,186.16,749683.0,186.0074
2024-06-11 13:30:00,1718130600000,186.17,186.44,186.15,186.1842,883874.0,186.3178
2024-06-11 13:45:00,1718131500000,186.19,186.32,185.89,186.13,479687.0,186.1344
2024-06-11 14:00:00,1718132400000,186.135,186.401,186.09,186.33,624042.0,186.269
2024-06-11 14:15:00,1718133300000,186.325,186.4,186.092,186.216,703447.0,186.2796
2024-06-11 14:30:00,1718134200000,186.21,186.575,186.17,186.575,863374.0,186.3695
2024-06-11 14:45:00,1718135100000,186.58,187.28,186.4,187.27,2150660.0,186.8578
2024-06-11 15:00:00,1718136000000,187.23,187.25,186.46,186.8,1049760.0,187.2041
2024-06-11 15:15:00,1718136900000,186.86,186.92,186.78,186.92,20187.0,186.8095
2024-06-11 15:30:00,1718137800000,186.8557,187.09,186.8557,187.08,15432.0,187.0365
2024-06-11 15:45:00,1718138700000,187.08,187.23,186.92,187.04,9864.0,187.0255
2024-06-11 16:00:00,1718139600000,187.04,187.06,186.93,187.02,12069.0,187.0183
2024-06-11 16:15:00,1718140500000,187.01,187.03,186.9349,186.99,8120.0,186.9776
2024-06-11 16:30:00,1718141400000,186.99,187.06,186.99,187.04,6436.0,187.0268
2024-06-11 16:45:00,1718142300000,187.03,187.07,186.94,187.05,5463.0,186.9782
2024-06-11 17:00:00,1718143200000,186.97,187.02,186.92,187.0,5909.0,186.9595
2024-06-11 17:15:00,1718144100000,187.0,187.23,186.902,186.91,2939.0,186.9882
2024-06-11 17:30:00,1718145000000,187.01,187.05,186.9205,187.05,2767.0,187.0004
2024-06-11 17:45:00,1718145900000,187.1,187.1,187.0,187.001,2758.0,187.048
2024-06-11 18:00:00,1718146800000,187.0,187.15,187.0,187.1,5479.0,187.0922
2024-06-11 18:15:00,1718147700000,187.05,187.05,187.0101,187.02,3334.0,187.0416
2024-06-11 18:30:00,1718148600000,187.09,187.18,187.01,187.18,4223.0,187.0708
2024-06-11 18:45:00,1718149500000,187.1115,187.22,187.1,187.22,6471.0,187.1658
2024-06-12 03:00:00,1718179200000,186.57,187.01,186.57,187.0,6369.0,186.6935
2024-06-12 03:15:00,1718180100000,186.98,187.03,186.98,187.03,674.0,186.9985
2024-06-12 03:45:00,1718181900000,187.02,187.19,187.02,187.19,2209.0,187.1173
2024-06-12 04:00:00,1718182800000,187.08,187.08,187.08,187.08,111.0,187.08
2024-06-12 04:15:00,1718183700000,187.1,187.29,187.1,187.29,1463.0,187.216
2024-06-12 04:30:00,1718184600000,187.37,187.37,187.37,187.37,969.0,187.3135
2024-06-12 04:45:00,1718185500000,187.1,187.19,187.1,187.19,982.0,187.1608
2024-06-12 05:00:00,1718186400000,187.19,187.2,187.15,187.2,2086.0,187.1644
2024-06-12 05:15:00,1718187300000,187.23,187.27,187.22,187.22,1825.0,187.234
2024-06-12 06:00:00,1718190000000,187.2,187.23,187.16,187.2,5746.0,187.2257
2024-06-12 06:15:00,1718190900000,187.25,187.29,187.25,187.29,1843.0,187.2635
2024-06-12 06:30:00,1718191800000,187.34,187.34,187.14,187.14,2480.0,187.2257
2024-06-12 06:45:00,1718192700000,187.14,187.16,187.1,187.1,3587.0,187.1454
2024-06-12 07:00:00,1718193600000,187.2287,187.35,186.77,187.15,45137.0,187.1605
2024-06-12 07:15:00,1718194500000,187.15,187.34,187.01,187.34,18772.0,187.1637
2024-06-12 07:30:00,1718195400000,187.4,188.7467,187.33,188.2802,232711.0,188.3348
2024-06-12 07:45:00,1718196300000,188.25,188.6942,188.05,188.6942,106738.0,188.3453
2024-06-12 08:00:00,1718197200000,188.66,188.671,188.25,188.42,57229.0,188.447
2024-06-12 08:15:00,1718198100000,188.37,188.44,187.82,188.04,65815.0,188.1621
2024-06-12 08:30:00,1718199000000,188.015,188.25,185.94,187.2,3642023.0,187.3061
2024-06-12 08:45:00,1718199900000,187.2,187.83,186.8675,187.13,1583114.0,187.4182
2024-06-12 09:00:00,1718200800000,187.15,187.47,186.52,186.7,1569922.0,186.9692
2024-06-12 09:15:00,1718201700000,186.71,187.65,186.65,187.625,1276565.0,187.1856
2024-06-12 09:30:00,1718202600000,187.64,188.3091,187.62,187.89,1527776.0,187.9496
2024-06-12 09:45:00,1718203500000,187.884,188.31,187.59,187.7688,923165.0,187.9607
2024-06-12 10:00:00,1718204400000,187.77,188.085,187.69,187.945,786321.0,187.9186
2024-06-12 10:15:00,1718205300000,187.945,188.19,187.69,188.01,727109.0,187.9597
2024-06-12 10:30:00,1718206200000,188.015,188.35,187.86,188.185,585233.0,188.1202
2024-06-12 10:45:00,1718207100000,188.175,188.175,187.45,187.5,840883.0,187.7774
2024-06-12 11:00:00,1718208000000,187.495,187.51,186.825,186.875,978580.0,187.2191
2024-06-12 11:15:00,1718208900000,186.8749,187.09,186.71,186.895,744155.0,186.9116
2024-06-12 11:30:00,1718209800000,186.8801,187.195,186.77,187.11,757395.0,186.9666
2024-06-12 11:45:00,1718210700000,187.115,187.155,186.81,186.92,456073.0,186.9522
2024-06-12 12:00:00,1718211600000,186.93,187.095,186.83,187.0229,461556.0,186.9763
2024-06-12 12:15:00,1718212500000,187.02,187.235,186.92,187.01,439717.0,187.0917
2024-06-12 12:30:00,1718213400000,187.0168,187.0253,186.57,186.5799,525778.0,186.7762
2024-06-12 12:45:00,1718214300000,186.58,186.85,186.52,186.7965,408732.0,186.679
2024-06-12 13:00:00,1718215200000,186.81,186.98,185.95,186.16,1215429.0,186.3773
2024-06-12 13:15:00,1718216100000,186.16,186.34,185.43,185.95,1121567.0,185.7752
2024-06-12 13:30:00,1718217000000,185.97,186.21,185.56,185.63,801526.0,185.8937
2024-06-12 13:45:00,1718217900000,185.6,186.19,185.5,186.03,728832.0,185.8554
2024-06-12 14:00:00,1718218800000,186.02,187.2,186.01,187.19,1141037.0,186.6147
2024-06-12 14:15:00,1718219700000,187.17,187.57,186.25,186.5,1394740.0,187.0533
2024-06-12 14:30:00,1718220600000,186.51,186.8692,186.07,186.79,1113815.0,186.4716
2024-06-12 14:45:00,1718221500000,186.78,187.39,186.63,186.92,2481263.0,187.0936
2024-06-12 15:00:00,1718222400000,186.89,186.9719,186.37,186.6,186364.0,186.8632
2024-06-12 15:15:00,1718223300000,186.6,186.89,186.26,186.8,82904.0,186.7089
2024-06-12 15:30:00,1718224200000,186.8,186.8,186.6,186.76,25028.0,186.7169
2024-06-12 15:45:00,1718225100000,186.76,186.88,186.6,186.74,14459.0,186.6963
2024-06-12 16:00:00,1718226000000,186.74,186.89,186.61,186.61,236592.0,186.8858
2024-06-12 16:15:00,1718226900000,186.7,186.89,186.68,186.82,31788.0,186.8539
2024-06-12 16:30:00,1718227800000,186.82,186.89,186.82,186.89,16487.0,186.868
2024-06-12 16:45:00,1718228700000,186.95,186.9507,186.83,186.85,4201.0,186.8752
2024-06-12 17:00:00,1718229600000,186.85,186.89,186.7,186.75,12783.0,186.7999
2024-06-12 17:15:00,1718230500000,186.7,186.87,186.51,186.7,13678.0,186.6674
2024-06-12 17:30:00,1718231400000,186.8554,186.8554,186.66,186.66,4273.0,186.7361
2024-06-12 17:45:00,1718232300000,186.68,186.68,186.62,186.62,550.0,186.657
2024-06-12 18:00:00,1718233200000,186.62,186.68,186.5,186.6,11785.0,186.5908
2024-06-12 18:15:00,1718234100000,186.58,186.66,186.53,186.65,8768.0,186.5852
2024-06-12 18:30:00,1718235000000,186.57,186.57,186.4,186.4,4771.0,186.5128
2024-06-12 18:45:00,1718235900000,186.5,186.5,186.29,186.3,17190.0,186.383
2024-06-13 03:00:00,1718265600000,186.61,186.77,186.35,186.35,9394.0,186.5299
2024-06-13 03:15:00,1718266500000,186.44,186.47,186.35,186.41,3223.0,186.4189
2024-06-13 03:30:00,1718267400000,186.4,186.4,186.25,186.25,5734.0,186.2905
2024-06-13 04:00:00,1718269200000,186.1,186.33,186.1,186.33,1838.0,186.2202
2024-06-13 04:15:00,1718270100000,186.13,186.29,186.13,186.29,778.0,186.1924
2024-06-13 04:30:00,1718271000000,186.2,186.2,186.0,186.13,3183.0,186.0791
2024-06-13 04:45:00,1718271900000,186.09,186.1,186.09,186.1,859.0,186.0951
2024-06-13 05:00:00,1718272800000,186.1,186.25,186.02,186.25,5652.0,186.1166
2024-06-13 05:15:00,1718273700000,186.3,186.3,186.3,186.3,1160.0,186.2891
2024-06-13 05:30:00,1718274600000,186.27,186.27,186.2,186.2,1357.0,186.2282
2024-06-13 05:45:00,1718275500000,186.1,186.25,186.1,186.25,1668.0,186.2068
2024-06-13 06:00:00,1718276400000,186.3,186.5,186.3,186.5,8738.0,186.414
2024-06-13 06:15:00,1718277300000,186.5,186.51,186.4,186.4,6419.0,186.4835
2024-06-13 06:30:00,1718278200000,186.3,186.3,186.2,186.25,7161.0,186.2244
2024-06-13 06:45:00,1718279100000,186.16,186.24,186.16,186.18,5754.0,186.2031
2024-06-13 07:00:00,1718280000000,186.6,187.5,186.1,186.63,55217.0,186.4925
2024-06-13 07:15:00,1718280900000,186.6598,186.77,186.55,186.58,19942.0,186.6639
2024-06-13 07:30:00,1718281800000,186.53,187.18,186.0,186.3,61210.0,186.601
2024-06-13 07:45:00,1718282700000,186.35,186.72,186.24,186.7,23169.0,186.4878
2024-06-13 08:00:00,1718283600000,186.5,186.52,186.2,186.2,49585.0,186.6342
2024-06-13 08:15:00,1718284500000,186.29,186.7488,186.01,186.01,81655.0,186.3927
2024-06-13 08:30:00,1718285400000,186.09,186.38,185.24,186.38,2607196.0,185.7441
2024-06-13 08:45:00,1718286300000,186.35,187.6194,186.22,187.46,1667957.0,186.8795
2024-06-13 09:00:00,1718287200000,187.475,187.67,186.481,186.631,1360710.0,187.0866
2024-06-13 09:15:00,1718288100000,186.635,187.11,186.052,186.23,1092546.0,186.6022
2024-06-13 09:30:00,1718289000000,186.24,186.4199,185.77,186.07,999670.0,186.0248
2024-06-13 09:45:00,1718289900000,186.08,186.26,185.01,185.03,995229.0,185.5704
2024-06-13 10:00:00,1718290800000,185.01,185.24,184.19,184.41,1645434.0,184.8269
2024-06-13 10:15:00,1718291700000,184.42,184.4946,183.72,184.13,1757055.0,184.0276
2024-06-13 10:30:00,1718292600000,184.12,184.63,184.04,184.29,1439600.0,184.3615
2024-06-13 10:45:00,1718293500000,184.29,184.41,183.98,184.07,1097394.0,184.164
2024-06-13 11:00:00,1718294400000,184.07,184.0701,183.385,183.6,2047862.0,183.5565
2024-06-13 11:15:00,1718295300000,183.57,183.63,182.666,182.7798,1344374.0,183.1097
2024-06-13 11:30:00,1718296200000,182.7797,183.49,182.755,183.48,1017871.0,183.1095
2024-06-13 11:45:00,1718297100000,183.49,183.9299,183.36,183.8,1309767.0,183.6346
2024-06-13 12:00:00,1718298000000,183.755,184.02,183.69,183.895,729108.0,183.8346
2024-06-13 12:15:00,1718298900000,183.895,183.8999,183.56,183.615,643757.0,183.7102
2024-06-13 12:30:00,1718299800000,183.62,184.1785,183.59,183.9997,808525.0,183.8704
2024-06-13 12:45:00,1718300700000,183.9999,184.1199,183.82,183.8397,579028.0,183.9851
2024-06-13 13:00:00,1718301600000,183.84,184.0899,183.66,183.99,585779.0,183.9161
2024-06-13 13:15:00,1718302500000,183.99,184.03,183.9,183.975,496201.0,183.977
2024-06-13 13:30:00,1718303400000,183.97,184.29,183.965,184.27,614602.0,184.1133
2024-06-13 13:45:00,1718304300000,184.26,184.26,184.06,184.205,538401.0,184.1624
2024-06-13 14:00:00,1718305200000,184.2,184.48,184.18,184.24,647306.0,184.3315
2024-06-13 14:15:00,1718306100000,184.24,184.3677,184.12,184.1253,788977.0,184.2568
2024-06-13 14:30:00,1718307000000,184.134,184.155,183.3319,183.89,1370112.0,183.7022
2024-06-13 14:45:00,1718307900000,183.89,184.02,183.64,183.64,2673820.0,183.8584
2024-06-13 15:00:00,1718308800000,183.7,183.87,183.5,183.51,1666470.0,183.8273
2024-06-13 15:15:00,1718309700000,183.5,183.83,183.32,183.66,31412.0,183.6025
2024-06-13 15:30:00,1718310600000,183.56,183.66,183.4,183.44,21980.0,183.5111
2024-06-13 15:45:00,1718311500000,183.4,183.5784,183.4,183.4865,12076.0,183.2477
2024-06-13 16:00:00,1718312400000,183.5,183.83,183.48,183.49,36261.0,183.7094
2024-06-13 16:15:00,1718313300000,183.49,183.55,183.47,183.51,7509.0,183.509
2024-06-13 16:30:00,1718314200000,183.5288,183.58,183.5,183.52,5726.0,183.5214
2024-06-13 16:45:00,1718315100000,183.55,183.55,183.48,183.48,8371.0,183.5168
2024-06-13 17:00:00,1718316000000,183.48,183.58,183.4268,183.58,9440.0,183.4746
2024-06-13 17:15:00,1718316900000,183.46,183.83,183.46,183.6,7332.0,183.5371
2024-06-13 17:30:00,1718317800000,183.6,183.62,183.58,183.58,6336.0,183.5985
2024-06-13 17:45:00,1718318700000,183.6015,183.65,183.58,183.58,3952.0,183.6113
2024-06-13 18:00:00,1718319600000,183.49,183.69,183.49,183.69,2681.0,183.5901
2024-06-13 18:15:00,1718320500000,183.55,183.63,183.5,183.62,5532.0,183.5498
2024-06-13 18:30:00,1718321400000,183.61,183.65,183.5,183.5992,9494.0,183.5888
2024-06-13 18:45:00,1718322300000,183.5001,183.59,183.44,183.59,10741.0,183.4986
2024-06-14 03:00:00,1718352000000,183.93,183.93,183.78,183.79,2672.0,183.8276
2024-06-14 03:15:00,1718352900000,183.71,183.71,183.14,183.28,15509.0,183.3073
2024-06-14 03:30:00,1718353800000,183.28,183.6,183.28,183.4,6592.0,183.3865
2024-06-14 03:45:00,1718354700000,183.26,183.26,183.14,183.18,2619.0,183.2049
2024-06-14 04:00:00,1718355600000,183.17,183.17,183.01,183.01,2178.0,183.1007
2024-06-14 04:15:00,1718356500000,183.2,183.39,183.2,183.39,1279.0,183.354
2024-06-14 04:30:00,1718357400000,183.15,183.15,183.01,183.01,5160.0,183.0751
2024-06-14 04:45:00,1718358300000,183.02,183.1,182.7,182.88,10314.0,182.8784
2024-06-14 05:00:00,1718359200000,182.76,182.8,182.7,182.8,3445.0,182.7567
2024-06-14 05:15:00,1718360100000,182.8,182.8,182.73,182.75,3717.0,182.7581
2024-06-14 05:30:00,1718361000000,182.8,183.35,182.8,182.97,18215.0,183.1873
2024-06-14 05:45:00,1718361900000,182.92,182.92,182.82,182.82,2993.0,182.9076
2024-06-14 06:00:00,1718362800000,182.87,182.95,182.55,182.94,19759.0,182.7891
2024-06-14 06:15:00,1718363700000,182.8,182.94,182.7,182.9,5229.0,182.7991
2024-06-14 06:30:00,1718364600000,182.95,183.0,182.9,182.95,10833.0,182.9339
2024-06-14 06:45:00,1718365500000,182.94,182.95,182.83,182.83,2004.0,182.8941
2024-06-14 07:00:00,1718366400000,182.62,184.27,182.55,182.855,62783.0,183.053
2024-06-14 07:15:00,1718367300000,182.81,183.0,182.8,182.95,17560.0,182.9016
2024-06-14 07:30:00,1718368200000,183.0,183.3793,182.9,183.2619,63598.0,183.1651
2024-06-14 07:45:00,1718369100000,183.25,183.3737,183.08,183.121,201651.0,183.7614
2024-06-14 08:00:00,1718370000000,183.0001,183.05,182.92,182.99,8917.0,182.9933
2024-06-14 08:15:00,1718370900000,182.9,183.34,182.75,182.9023,30419.0,183.0045
2024-06-14 08:30:00,1718371800000,183.08,183.15,182.32,183.0012,1872952.0,182.8258
2024-06-14 08:45:00,1718372700000,183.01,183.37,182.9,183.24,1071859.0,183.1049
2024-06-14 09:00:00,1718373600000,183.23,183.54,182.91,182.9605,1014779.0,183.18
2024-06-14 09:15:00,1718374500000,182.9562,183.52,182.82,183.3,932309.0,183.2346
2024-06-14 09:30:00,1718375400000,183.31,183.405,182.6501,183.09,788876.0,182.9658
2024-06-14 09:45:00,1718376300000,183.09,183.28,182.8284,182.94,683401.0,183.0568
2024-06-14 10:00:00,1718377200000,182.9488,183.17,182.78,183.13,615896.0,182.9961
2024-06-14 10:15:00,1718378100000,183.13,183.295,182.61,182.75,654910.0,182.9682
2024-06-14 10:30:00,1718379000000,182.76,182.9,182.43,182.4988,677640.0,182.7161
2024-06-14 10:45:00,1718379900000,182.49,182.79,182.23,182.785,574967.0,182.4996
2024-06-14 11:00:00,1718380800000,182.7801,183.4299,182.7696,183.1599,696971.0,183.1131
2024-06-14 11:15:00,1718381700000,183.155,183.1999,182.74,182.835,572127.0,182.9159
2024-06-14 11:30:00,1718382600000,182.86,182.9702,182.68,182.84,406543.0,182.819
2024-06-14 11:45:00,1718383500000,182.83,182.91,182.7201,182.85,395794.0,182.8473
2024-06-14 12:00:00,1718384400000,182.87,183.055,182.6735,182.86,433596.0,182.8661
2024-06-14 12:15:00,1718385300000,182.87,183.15,182.86,183.1389,426865.0,182.9866
2024-06-14 12:30:00,1718386200000,183.1299,183.43,183.1,183.405,534536.0,183.3042
2024-06-14 12:45:00,1718387100000,183.4,183.45,183.05,183.05,544146.0,183.3075
2024-06-14 13:00:00,1718388000000,183.045,183.255,182.87,182.99,468060.0,183.0485
2024-06-14 13:15:00,1718388900000,182.98,183.375,182.91,183.2401,387836.0,183.1614
2024-06-14 13:30:00,1718389800000,183.25,183.2797,182.75,182.94,438428.0,183.0305
2024-06-14 13:45:00,1718390700000,182.94,183.15,182.87,183.1057,518530.0,183.0175
2024-06-14 14:00:00,1718391600000,183.1,183.14,183.01,183.0499,424554.0,183.0862
2024-06-14 14:15:00,1718392500000,183.04,183.19,183.03,183.125,454503.0,183.1189
2024-06-14 14:30:00,1718393400000,183.12,183.2,182.955,182.985,638582.0,183.0872
2024-06-14 14:45:00,1718394300000,182.98,183.72,182.965,183.6607,1596051.0,183.2994
2024-06-14 15:00:00,1718395200000,183.66,183.7279,183.28,183.6,2759334.0,183.657
2024-06-14 15:15:00,1718396100000,183.37,183.66,183.37,183.5133,10211.0,183.556
2024-06-14 15:30:00,1718397000000,183.6,183.64,183.4101,183.53,11691.0,183.5317
2024-06-14 15:45:00,1718397900000,183.51,183.66,183.32,183.42,25934.0,183.4302
2024-06-14 16:00:00,1718398800000,183.42,183.43,183.4,183.41,2033.0,183.4136
2024-06-14 16:15:00,1718399700000,183.41,183.45,183.35,183.44,8849.0,183.4199
2024-06-14 16:30:00,1718400600000,183.44,183.45,183.4,183.4,2747.0,183.4417
2024-06-14 16:45:00,1718401500000,183.41,183.41,183.38,183.41,2428.0,183.3942
2024-06-14 17:00:00,1718402400000,183.31,183.44,183.31,183.44,34936.0,183.6419
2024-06-14 17:15:00,1718403300000,183.41,183.44,183.4,183.4,2687.0,183.4295
2024-06-14 17:30:00,1718404200000,183.4,183.66,183.39,183.66,2840.0,183.5334
2024-06-14 17:45:00,1718405100000,183.35,183.3998,183.35,183.35,1616.0,183.3701
2024-06-14 18:00:00,1718406000000,183.34,183.4,183.34,183.38,3685.0,183.3864
2024-06-14 18:15:00,1718406900000,183.35,183.4699,183.35,183.4699,4307.0,183.3877
2024-06-14 18:30:00,1718407800000,183.35,183.47,183.35,183.37,2350.0,183.4042
2024-06-14 18:45:00,1718408700000,183.37,183.4601,183.33,183.4601,5417.0,183.403
2024-06-17 03:00:00,1718611200000,183.75,183.75,183.51,183.65,4616.0,183.6258
2024-06-17 03:15:00,1718612100000,183.48,183.48,183.0,183.0,7864.0,183.256
2024-06-17 03:30:00,1718613000000,182.9,182.93,182.8,182.8,3910.0,182.8951
2024-06-17 03:45:00,1718613900000,182.91,183.07,182.91,183.07,3778.0,182.9739
2024-06-17 04:00:00,1718614800000,182.86,182.86,182.85,182.85,1230.0,182.859
2024-06-17 04:15:00,1718615700000,182.81,182.87,182.81,182.84,1438.0,182.8583
2024-06-17 04:30:00,1718616600000,182.9,183.0,182.85,183.0,1706.0,182.9348
2024-06-17 04:45:00,1718617500000,182.77,182.92,182.77,182.86,1969.0,182.8454
2024-06-17 05:45:00,1718621100000,182.95,183.0,182.95,183.0,4512.0,182.99
2024-06-17 06:00:00,1718622000000,183.07,183.15,183.05,183.05,10913.0,183.07
2024-06-17 06:15:00,1718622900000,183.22,183.25,183.19,183.22,5660.0,183.2274
2024-06-17 06:30:00,1718623800000,183.03,183.09,183.0,183.0,5416.0,183.0585
2024-06-17 06:45:00,1718624700000,183.01,183.06,183.0,183.0,4751.0,183.0152
2024-06-17 07:00:00,1718625600000,183.12,183.68,182.98,183.059,62372.0,183.1441
2024-06-17 07:15:00,1718626500000,183.07,183.2,183.03,183.1,19613.0,183.1273
2024-06-17 07:30:00,1718627400000,183.0,183.01,182.84,182.91,16993.0,182.9194
2024-06-17 07:45:00,1718628300000,182.98,183.05,182.84,182.9,14402.0,182.9674
2024-06-17 08:00:00,1718629200000,182.9,182.9,182.75,182.78,19339.0,182.7938
2024-06-17 08:15:00,1718630100000,182.78,182.9,182.5,182.53,45239.0,182.6714
2024-06-17 08:30:00,1718631000000,182.52,182.98,181.3496,182.04,2914483.0,182.1199
2024-06-17 08:45:00,1718631900000,182.04,182.4,181.56,182.4,1337366.0,181.9612
2024-06-17 09:00:00,1718632800000,182.39,182.76,182.12,182.74,1269516.0,182.4132
2024-06-17 09:15:00,1718633700000,182.73,182.87,182.31,182.5073,835355.0,182.6195
2024-06-17 09:30:00,1718634600000,182.54,183.235,182.49,182.96,951248.0,182.965
2024-06-17 09:45:00,1718635500000,182.95,182.99,181.97,182.05,870350.0,182.3865
2024-06-17 10:00:00,1718636400000,182.0415,182.37,182.02,182.02,763065.0,182.1964
2024-06-17 10:15:00,1718637300000,182.02,182.1599,181.69,181.81,827647.0,181.9152
2024-06-17 10:30:00,1718638200000,181.8001,181.95,181.44,181.5242,772882.0,181.6346
2024-06-17 10:45:00,1718639100000,181.5251,181.67,181.3705,181.5,685804.0,181.5261
2024-06-17 11:00:00,1718640000000,181.4943,181.64,181.22,181.585,772126.0,181.4203
2024-06-17 11:15:00,1718640900000,181.59,182.08,181.55,182.06,811296.0,181.8019
2024-06-17 11:30:00,1718641800000,182.07,182.2368,181.92,182.165,708803.0,182.0476
2024-06-17 11:45:00,1718642700000,182.17,182.63,182.17,182.3601,842080.0,182.4644
2024-06-17 12:00:00,1718643600000,182.38,182.64,182.38,182.5,667576.0,182.5121
2024-06-17 12:15:00,1718644500000,182.499,183.13,182.495,183.07,785469.0,182.9068
2024-06-17 12:30:00,1718645400000,183.06,183.95,183.05,183.7983,975022.0,183.5545
2024-06-17 12:45:00,1718646300000,183.785,184.42,183.71,184.42,1071675.0,184.0154
2024-06-17 13:00:00,1718647200000,184.4199,184.99,184.21,184.23,1599960.0,184.7724
2024-06-17 13:15:00,1718648100000,184.19,184.3664,183.56,183.95,1186505.0,183.9181
2024-06-17 13:30:00,1718649000000,183.95,184.45,183.78,184.2201,917927.0,184.1284
2024-06-17 13:45:00,1718649900000,184.23,184.4,183.89,184.3899,922695.0,184.1933
2024-06-17 14:00:00,1718650800000,184.375,184.73,184.2202,184.7,953287.0,184.4278
2024-06-17 14:15:00,1718651700000,184.6999,185.0,184.57,184.8094,1187857.0,184.8641
2024-06-17 14:30:00,1718652600000,184.8,184.9399,184.64,184.7503,905243.0,184.7707
2024-06-17 14:45:00,1718653500000,184.75,184.89,183.89,184.08,2937692.0,184.325
2024-06-17 15:00:00,1718654400000,184.06,184.18,183.83,183.98,543357.0,184.057
2024-06-17 15:15:00,1718655300000,183.99,184.06,183.4612,184.02,307430.0,184.0583
2024-06-17 15:30:00,1718656200000,184.03,184.08,184.01,184.06,23065.0,184.0538
2024-06-17 15:45:00,1718657100000,184.06,184.14,184.06,184.06,12169.0,184.0702
2024-06-17 16:00:00,1718658000000,184.08,184.12,183.97,184.1,6745.0,184.0431
2024-06-17 16:15:00,1718658900000,184.0608,184.14,184.0608,184.14,2020.0,184.1125
2024-06-17 16:30:00,1718659800000,184.13,184.14,184.12,184.13,2376.0,184.1272
2024-06-17 16:45:00,1718660700000,184.12,184.14,184.06,184.14,3307.0,184.1075
2024-06-17 17:00:00,1718661600000,184.14,184.18,184.072,184.072,1277.0,184.1313
2024-06-17 17:15:00,1718662500000,184.06,184.19,184.06,184.1016,2944.0,184.1343
2024-06-17 17:30:00,1718663400000,184.1102,184.2,184.1102,184.2,1725.0,184.1782
2024-06-17 17:45:00,1718664300000,184.2294,184.23,184.1699,184.22,1675.0,184.2085
2024-06-17 18:00:00,1718665200000,184.18,184.22,184.11,184.12,4440.0,184.1769
2024-06-17 18:15:00,1718666100000,184.12,184.1943,184.05,184.05,10326.0,184.0826
2024-06-17 18:30:00,1718667000000,184.07,184.1,184.03,184.03,7218.0,184.0859
2024-06-17 18:45:00,1718667900000,184.053,184.2,184.05,184.14,10129.0,184.1159
2024-06-18 03:00:00,1718697600000,183.01,184.1,182.7,184.1,15338.0,183.1584
2024-06-18 03:15:00,1718698500000,184.01,184.01,184.0,184.0,1692.0,184.0204
2024-06-18 03:30:00,1718699400000,184.01,184.01,183.97,183.97,1697.0,183.9792
2024-06-18 03:45:00,1718700300000,183.87,183.87,183.85,183.85,1549.0,183.8663
2024-06-18 04:00:00,1718701200000,183.88,183.88,183.84,183.84,1509.0,183.875
2024-06-18 04:15:00,1718702100000,183.92,183.92,183.86,183.86,1308.0,183.8906
2024-06-18 04:45:00,1718703900000,183.89,183.89,183.89,183.89,1127.0,183.8881
2024-06-18 05:00:00,1718704800000,183.89,183.94,183.89,183.94,806.0,183.9005
2024-06-18 05:30:00,1718706600000,183.9,183.9,183.75,183.75,1840.0,183.7996
2024-06-18 05:45:00,1718707500000,183.75,183.75,183.75,183.75,2430.0,183.7479
2024-06-18 06:00:00,1718708400000,183.75,183.91,183.7,183.75,21682.0,183.7829
2024-06-18 06:15:00,1718709300000,183.75,183.8,183.67,183.77,5671.0,183.7451
2024-06-18 06:30:00,1718710200000,183.85,183.91,183.77,183.85,4894.0,183.8495
2024-06-18 06:45:00,1718711100000,183.89,183.92,183.89,183.92,1600.0,183.9106
2024-06-18 07:00:00,1718712000000,183.7493,183.9999,183.33,183.86,62588.0,183.8105
2024-06-18 07:15:00,1718712900000,183.86,184.1498,183.86,183.95,20502.0,184.0318
2024-06-18 07:30:00,1718713800000,184.0,184.3466,183.72,183.72,31245.0,183.8754
2024-06-18 07:45:00,1718714700000,183.8287,183.8458,183.72,183.8,21267.0,183.7728
2024-06-18 08:00:00,1718715600000,183.81,183.85,183.61,183.75,19171.0,183.7021
2024-06-18 08:15:00,1718716500000,183.74,183.9199,183.54,183.75,30360.0,183.7965
2024-06-18 08:30:00,1718717400000,183.735,183.8,182.62,183.1086,2691050.0,183.1249
2024-06-18 08:45:00,1718718300000,183.13,183.1799,182.32,182.91,1507610.0,182.7529
2024-06-18 09:00:00,1718719200000,182.935,184.2,182.45,184.195,1804359.0,183.295
2024-06-18 09:15:00,1718720100000,184.1961,184.29,183.29,183.5282,1252521.0,183.8315
2024-06-18 09:30:00,1718721000000,183.535,183.86,182.93,182.98,935970.0,183.3829
2024-06-18 09:45:00,1718721900000,182.97,183.24,182.57,182.64,1048974.0,182.8782
2024-06-18 10:00:00,1718722800000,182.64,182.73,181.845,181.9443,1390898.0,182.2514
2024-06-18 10:15:00,1718723700000,181.962,182.13,181.43,181.57,1371950.0,181.8222
2024-06-18 10:30:00,1718724600000,181.57,182.04,181.43,181.985,1606945.0,181.7014
2024-06-18 10:45:00,1718725500000,181.98,182.41,181.85,182.41,890884.0,182.0642
2024-06-18 11:00:00,1718726400000,182.41,182.85,182.4,182.4601,903274.0,182.6292
2024-06-18 11:15:00,1718727300000,182.47,182.4903,182.005,182.02,582697.0,182.2436
2024-06-18 11:30:00,1718728200000,182.02,182.2,181.91,182.185,625975.0,182.0422
2024-06-18 11:45:00,1718729100000,182.18,182.46,181.89,182.4184,1955680.0,182.0634
2024-06-18 12:00:00,1718730000000,182.42,182.705,182.24,182.6701,693809.0,182.4365
2024-06-18 12:15:00,1718730900000,182.69,182.88,182.61,182.735,641831.0,182.7602
2024-06-18 12:30:00,1718731800000,182.7381,182.7521,182.55,182.68,397537.0,182.6445
2024-06-18 12:45:00,1718732700000,182.69,182.8731,182.423,182.43,534064.0,182.6665
2024-06-18 13:00:00,1718733600000,182.45,182.51,181.97,182.18,800751.0,182.2236
2024-06-18 13:15:00,1718734500000,182.19,182.29,182.0304,182.2,575572.0,182.161
2024-06-18 13:30:00,1718735400000,182.19,182.37,182.0601,182.35,474033.0,182.2185
2024-06-18 13:45:00,1718736300000,182.34,182.47,182.19,182.3888,527877.0,182.3439
2024-06-18 14:00:00,1718737200000,182.38,182.89,182.33,182.8385,658372.0,182.517
2024-06-18 14:15:00,1718738100000,182.84,183.02,182.66,182.95,874867.0,182.8464
2024-06-18 14:30:00,1718739000000,182.93,183.085,182.37,182.3802,844734.0,182.7546
2024-06-18 14:45:00,1718739900000,182.38,183.04,182.26,182.88,2125838.0,182.7233
2024-06-18 15:00:00,1718740800000,182.81,182.89,182.4,182.6891,2017507.0,182.804
2024-06-18 15:15:00,1718741700000,182.69,182.81,182.6,182.7,152609.0,182.8013
2024-06-18 15:30:00,1718742600000,182.68,182.81,182.61,182.69,18526.0,182.7659
2024-06-18 15:45:00,1718743500000,182.68,182.69,182.6123,182.65,7002.0,182.6742
2024-06-18 16:00:00,1718744400000,182.6504,182.81,182.6504,182.81,39245.0,182.7857
2024-06-18 16:15:00,1718745300000,182.8,182.8,182.75,182.75,6814.0,182.7561
2024-06-18 16:30:00,1718746200000,182.6377,182.76,182.63,182.75,4134.0,182.7185
2024-06-18 16:45:00,1718747100000,182.76,182.78,182.75,182.7699,11259.0,182.7576
2024-06-18 17:00:00,1718748000000,182.77,183.0795,182.75,183.0795,20474.0,182.8319
2024-06-18 17:15:00,1718748900000,183.0,183.0,182.78,182.8275,5769.0,182.8371
2024-06-18 17:30:00,1718749800000,182.9489,182.98,182.8,182.9,9284.0,182.8896
2024-06-18 17:45:00,1718750700000,182.84,182.9873,182.84,182.9,2858.0,182.9202
2024-06-18 18:00:00,1718751600000,182.9,182.94,182.8606,182.8606,1270.0,182.8996
2024-06-18 18:15:00,1718752500000,182.87,182.88,182.84,182.87,2581.0,182.8558
2024-06-18 18:30:00,1718753400000,182.84,182.9,182.8221,182.8221,2064.0,182.8576
2024-06-18 18:45:00,1718754300000,182.8206,182.88,182.815,182.85,5804.0,182.8435
2024-06-20 03:00:00,1718870400000,182.94,183.4,182.94,183.38,15387.0,183.3004
2024-06-20 03:15:00,1718871300000,183.38,183.44,183.38,183.42,8048.0,183.4046
2024-06-20 03:30:00,1718872200000,183.44,183.44,183.3,183.3,3513.0,183.3505
2024-06-20 03:45:00,1718873100000,183.3,183.48,183.3,183.45,3524.0,183.3879
2024-06-20 04:00:00,1718874000000,183.37,183.37,183.34,183.34,4426.0,183.344
2024-06-20 04:15:00,1718874900000,183.42,183.43,183.35,183.35,1894.0,183.3799
2024-06-20 04:30:00,1718875800000,183.45,183.45,183.45,183.45,508.0,183.4496
2024-06-20 04:45:00,1718876700000,183.47,183.47,183.45,183.45,1478.0,183.4624
2024-06-20 05:00:00,1718877600000,183.43,183.43,183.36,183.36,210.0,183.3949
2024-06-20 05:15:00,1718878500000,183.43,183.43,183.35,183.39,1601.0,183.3735
2024-06-20 05:30:00,1718879400000,183.31,183.39,183.31,183.39,1380.0,183.3372
2024-06-20 05:45:00,1718880300000,183.3,183.39,183.3,183.35,2400.0,183.3457
2024-06-20 06:00:00,1718881200000,183.3,183.37,183.26,183.26,13082.0,183.317
2024-06-20 06:15:00,1718882100000,183.23,183.5,183.23,183.5,22437.0,183.3742
2024-06-20 06:30:00,1718883000000,183.55,183.55,183.35,183.35,5013.0,183.4886
2024-06-20 06:45:00,1718883900000,183.35,183.37,183.3,183.3,7417.0,183.315
2024-06-20 07:00:00,1718884800000,183.3,183.55,182.9,183.2999,265451.0,182.9235
2024-06-20 07:15:00,1718885700000,183.25,183.4,183.25,183.357,34311.0,183.31
2024-06-20 07:30:00,1718886600000,183.34,183.34,182.95,183.1,17439.0,183.1036
2024-06-20 07:45:00,1718887500000,183.03,183.08,182.88,182.89,28004.0,182.9732
2024-06-20 08:00:00,1718888400000,182.91,182.97,182.7004,182.7254,38226.0,182.8427
2024-06-20 08:15:00,1718889300000,182.726,182.96,182.72,182.83,16481.0,182.8283
2024-06-20 08:30:00,1718890200000,182.91,185.6288,182.72,184.8403,4933506.0,184.3102
2024-06-20 08:45:00,1718891100000,184.845,185.31,184.565,184.86,2006662.0,184.8879
2024-06-20 09:00:00,1718892000000,184.85,185.1176,183.65,183.7163,1525321.0,184.5413
2024-06-20 09:15:00,1718892900000,183.71,184.78,183.45,184.715,1295039.0,183.9752
2024-06-20 09:30:00,1718893800000,184.69,185.81,184.61,185.7687,1760427.0,185.1269
2024-06-20 09:45:00,1718894700000,185.765,186.07,185.49,185.93,1904275.0,185.849
2024-06-20 10:00:00,1718895600000,185.94,186.51,185.83,185.89,1650842.0,186.143
2024-06-20 10:15:00,1718896500000,185.89,185.95,185.02,185.13,871212.0,185.428
2024-06-20 10:30:00,1718897400000,185.13,185.75,185.09,185.48,1674510.0,185.3432
2024-06-20 10:45:00,1718898300000,185.47,185.48,184.6645,184.7,1845283.0,184.9048
2024-06-20 11:00:00,1718899200000,184.7,185.2844,184.675,185.19,728664.0,185.0506
2024-06-20 11:15:00,1718900100000,185.2,185.37,184.28,184.34,849025.0,184.9615
2024-06-20 11:30:00,1718901000000,184.34,184.5325,183.82,184.51,1087790.0,184.1764
2024-06-20 11:45:00,1718901900000,184.51,185.13,184.46,185.12,680395.0,184.8531
2024-06-20 12:00:00,1718902800000,185.115,185.115,184.53,184.8,637383.0,184.7404
2024-06-20 12:15:00,1718903700000,184.81,185.03,184.6327,184.6999,523575.0,184.8738
2024-06-20 12:30:00,1718904600000,184.68,184.83,183.85,184.55,1168109.0,184.2127
2024-06-20 12:45:00,1718905500000,184.554,184.85,184.43,184.665,590182.0,184.644
2024-06-20 13:00:00,1718906400000,184.66,184.94,184.626,184.7899,570838.0,184.8099
2024-06-20 13:15:00,1718907300000,184.7855,185.0299,184.63,184.96,1316397.0,184.7708
2024-06-20 13:30:00,1718908200000,184.96,185.265,184.76,184.85,756871.0,184.9867
2024-06-20 13:45:00,1718909100000,184.8499,185.35,184.83,185.1399,749772.0,185.1152
2024-06-20 14:00:00,1718910000000,185.14,185.44,184.8,185.32,979225.0,185.101
2024-06-20 14:15:00,1718910900000,185.32,185.365,184.64,185.31,1012610.0,184.9838
2024-06-20 14:30:00,1718911800000,185.31,185.68,185.2186,185.605,1074500.0,185.4288
2024-06-20 14:45:00,1718912700000,185.61,186.11,185.3,186.11,3245231.0,185.8508
2024-06-20 15:00:00,1718913600000,186.1,186.17,185.95,186.1,925893.0,186.0878
2024-06-20 15:15:00,1718914500000,186.1,186.17,186.04,186.06,39574.0,186.1025
2024-06-20 15:30:00,1718915400000,186.09,186.11,186.04,186.09,17470.0,186.0692
2024-06-20 15:45:00,1718916300000,186.09,186.17,186.07,186.1499,27643.0,186.1057
2024-06-20 16:00:00,1718917200000,186.15,186.1997,186.1,186.1499,605692.0,186.0982
2024-06-20 16:15:00,1718918100000,186.14,186.15,185.81,185.81,11208.0,186.0029
2024-06-20 16:30:00,1718919000000,185.7788,186.1,185.7788,186.0,7860.0,185.9893
2024-06-20 16:45:00,1718919900000,186.0,186.0,185.86,185.86,5533.0,185.9382
2024-06-20 17:00:00,1718920800000,185.85,186.2,185.8,186.2,17623.0,185.9981
2024-06-20 17:15:00,1718921700000,186.16,186.16,186.05,186.0563,3604.0,186.1191
2024-06-20 17:30:00,1718922600000,186.05,186.15,186.05,186.11,2845.0,186.1185
2024-06-20 17:45:00,1718923500000,186.0,186.1996,186.0,186.1,11514.0,186.0834
2024-06-20 18:00:00,1718924400000,186.15,186.15,186.01,186.1,17205.0,186.0585
2024-06-20 18:15:00,1718925300000,186.14,186.2,186.1,186.2,5462.0,186.1653
2024-06-20 18:30:00,1718926200000,186.11,186.2,186.1,186.1143,2065.0,186.1592
2024-06-20 18:45:00,1718927100000,186.19,186.2,186.05,186.18,7435.0,186.1611
2024-06-21 03:00:00,1718956800000,185.94,186.0,185.53,185.53,2583.0,185.7989
2024-06-21 03:15:00,1718957700000,185.34,185.34,185.21,185.21,6881.0,185.3075
2024-06-21 03:30:00,1718958600000,185.3,185.5,185.19,185.32,10771.0,185.3284
2024-06-21 03:45:00,1718959500000,185.33,185.44,185.3,185.3,3320.0,185.3543
2024-06-21 04:00:00,1718960400000,185.36,185.52,185.36,185.51,3513.0,185.4568
2024-06-21 04:15:00,1718961300000,185.34,185.55,185.34,185.55,3728.0,185.4784
2024-06-21 04:30:00,1718962200000,185.62,185.8,185.62,185.8,4312.0,185.667
2024-06-21 04:45:00,1718963100000,185.8,185.84,185.74,185.74,2603.0,185.7953
2024-06-21 05:00:00,1718964000000,185.83,187.2,185.83,186.9,39180.0,186.6674
2024-06-21 05:15:00,1718964900000,186.79,186.92,186.26,186.3,8991.0,186.6383
2024-06-21 05:30:00,1718965800000,186.1,186.72,186.1,186.72,5936.0,186.3005
2024-06-21 05:45:00,1718966700000,186.51,186.6,186.41,186.47,6365.0,186.5053
2024-06-21 06:00:00,1718967600000,186.5,186.75,186.5,186.5,16380.0,186.5837
2024-06-21 06:15:00,1718968500000,186.47,186.47,186.23,186.24,16257.0,186.3461
2024-06-21 06:30:00,1718969400000,186.34,186.5,186.34,186.38,10186.0,186.424
2024-06-21 06:45:00,1718970300000,186.44,186.44,186.0,186.15,15260.0,186.1671
2024-06-21 07:00:00,1718971200000,186.6,186.75,185.41,185.82,56636.0,186.1881
2024-06-21 07:15:00,1718972100000,185.89,186.33,185.8317,186.3,32698.0,186.0821
2024-06-21 07:30:00,1718973000000,186.42,186.56,186.01,186.5,50877.0,186.301
2024-06-21 07:45:00,1718973900000,186.55,186.75,186.3,186.5,48059.0,186.5384
2024-06-21 08:00:00,1718974800000,186.33,187.1,186.2927,186.98,1134551.0,186.1369
2024-06-21 08:15:00,1718975700000,186.9,188.24,186.52,187.8,568793.0,187.0492
2024-06-21 08:30:00,1718976600000,187.8,187.85,186.8501,187.73,10675927.0,187.6951
2024-06-21 08:45:00,1718977500000,187.73,188.2,186.32,186.665,3054536.0,187.3146
2024-06-21 09:00:00,1718978400000,186.67,187.47,186.64,186.92,2258744.0,187.1096
2024-06-21 09:15:00,1718979300000,186.935,187.7,186.84,187.2582,1218161.0,187.3219
2024-06-21 09:30:00,1718980200000,187.24,187.57,186.51,186.71,972553.0,187.1077
2024-06-21 09:45:00,1718981100000,186.7001,187.1699,186.7,187.07,897273.0,186.9101
2024-06-21 10:00:00,1718982000000,187.065,187.54,186.93,187.19,839287.0,187.3234
2024-06-21 10:15:00,1718982900000,187.18,187.74,187.05,187.2934,797268.0,187.4873
2024-06-21 10:30:00,1718983800000,187.28,188.09,187.09,187.955,1299784.0,187.6684
2024-06-21 10:45:00,1718984700000,187.95,188.3,187.74,188.11,1337408.0,187.9476
2024-06-21 11:00:00,1718985600000,188.115,188.305,187.9,188.045,1126456.0,188.0688
2024-06-21 11:15:00,1718986500000,188.045,188.23,187.78,188.04,621637.0,188.0062
2024-06-21 11:30:00,1718987400000,188.05,188.06,187.52,187.78,646157.0,187.7635
2024-06-21 11:45:00,1718988300000,187.79,187.87,187.23,187.27,801172.0,187.5791
2024-06-21 12:00:00,1718989200000,187.27,187.37,186.74,186.78,845958.0,187.0394
2024-06-21 12:15:00,1718990100000,186.78,186.98,186.44,186.62,630986.0,186.7152
2024-06-21 12:30:00,1718991000000,186.61,186.68,186.161,186.3373,745356.0,186.4393
2024-06-21 12:45:00,1718991900000,186.33,186.7,186.16,186.23,618316.0,186.4238
2024-06-21 13:00:00,1718992800000,186.22,186.31,185.86,186.24,908712.0,186.1095
2024-06-21 13:15:00,1718993700000,186.25,186.8702,186.07,186.8566,1109524.0,186.3788
2024-06-21 13:30:00,1718994600000,186.85,186.93,186.7,186.85,584186.0,186.8157
2024-06-21 13:45:00,1718995500000,186.86,187.03,186.7,186.99,480844.0,186.8556
2024-06-21 14:00:00,1718996400000,186.99,187.23,186.92,187.0001,634225.0,187.0742
2024-06-21 14:15:00,1718997300000,187.01,187.2,186.895,187.045,785771.0,187.0807
2024-06-21 14:30:00,1718998200000,187.05,187.64,187.0,187.605,1243674.0,187.3353
2024-06-21 14:45:00,1718999100000,187.605,189.275,187.31,189.12,6287936.0,188.7388
2024-06-21 15:00:00,1719000000000,189.08,189.08,188.61,188.85,2450206.0,189.0689
2024-06-21 15:15:00,1719000900000,188.9,189.08,188.66,188.66,71384.0,188.9759
2024-06-21 15:30:00,1719001800000,189.08,189.08,188.57,188.7291,272180.0,189.0054
2024-06-21 15:45:00,1719002700000,188.7005,189.08,188.5,188.53,1716528.0,189.0672
2024-06-21 16:00:00,1719003600000,188.51,188.53,188.3,188.42,36057.0,188.3831
2024-06-21 16:15:00,1719004500000,188.44,189.08,188.28,188.5,238667.0,189.0469
2024-06-21 16:30:00,1719005400000,188.5,189.08,188.46,188.48,13420.0,188.7523
2024-06-21 16:45:00,1719006300000,188.48,188.5,188.46,188.46,7186.0,188.5214
2024-06-21 17:00:00,1719007200000,188.5,188.59,188.4843,188.5736,11778.0,188.5334
2024-06-21 17:15:00,1719008100000,188.57,188.69,188.57,188.65,6951.0,188.6029
2024-06-21 17:30:00,1719009000000,188.6026,188.69,188.55,188.62,8510.0,188.6136
2024-06-21 17:45:00,1719009900000,188.52,188.68,188.46,188.46,13076.0,188.5066
2024-06-21 18:00:00,1719010800000,188.44,188.66,188.4,188.5704,14029.0,188.5168
2024-06-21 18:15:00,1719011700000,188.58,188.58,188.51,188.51,2827.0,188.5569
2024-06-21 18:30:00,1719012600000,188.51,188.6,188.4265,188.57,5585.0,188.5323
2024-06-21 18:45:00,1719013500000,188.52,188.57,188.5,188.57,3560.0,188.5401
2024-06-24 03:00:00,1719216000000,188.6,189.0,188.6,189.0,2594.0,188.7815
2024-06-24 03:15:00,1719216900000,189.07,189.46,189.07,189.3,12775.0,189.2906
2024-06-24 03:30:00,1719217800000,189.2,189.25,189.1,189.1,4589.0,189.194
2024-06-24 03:45:00,1719218700000,189.14,189.14,189.14,189.14,399.0,189.1513
2024-06-24 04:00:00,1719219600000,189.02,189.02,189.02,189.02,700.0,189.0307
2024-06-24 04:15:00,1719220500000,189.07,189.07,188.95,188.95,1890.0,189.0053
2024-06-24 04:30:00,1719221400000,188.85,188.85,188.49,188.49,9798.0,188.6005
2024-06-24 04:45:00,1719222300000,188.51,188.6,188.15,188.45,11777.0,188.3461
2024-06-24 05:00:00,1719223200000,188.56,188.63,188.56,188.6,3823.0,188.6024
2024-06-24 05:15:00,1719224100000,188.56,188.61,188.56,188.61,1658.0,188.5814
2024-06-24 05:30:00,1719225000000,188.56,188.66,188.56,188.66,2206.0,188.6281
2024-06-24 05:45:00,1719225900000,188.75,188.95,188.75,188.88,2155.0,188.8141
2024-06-24 06:00:00,1719226800000,188.8,189.39,188.8,189.39,36227.0,189.1254
2024-06-24 06:15:00,1719227700000,189.39,189.71,189.32,189.32,53768.0,189.5746
2024-06-24 06:30:00,1719228600000,189.3,189.34,189.19,189.31,17592.0,189.271
2024-06-24 06:45:00,1719229500000,189.33,189.49,188.79,188.9,18744.0,189.1231
2024-06-24 07:00:00,1719230400000,188.92,189.65,188.17,188.92,71790.0,188.9702
2024-06-24 07:15:00,1719231300000,189.0,189.37,189.0,189.37,36803.0,189.1342
2024-06-24 07:30:00,1719232200000,189.4584,189.4584,189.03,189.1399,29128.0,189.1243
2024-06-24 07:45:00,1719233100000,189.1,189.2,189.02,189.1,14977.0,189.131
2024-06-24 08:00:00,1719234000000,189.1,189.2,188.88,189.0,28004.0,189.024
2024-06-24 08:15:00,1719234900000,189.0,189.6768,188.8821,189.36,53482.0,189.3832
2024-06-24 08:30:00,1719235800000,189.33,190.46,188.14,188.42,4496436.0,189.2644
2024-06-24 08:45:00,1719236700000,188.44,189.18,188.09,189.13,1854535.0,188.6412
2024-06-24 09:00:00,1719237600000,189.12,190.65,189.02,190.14,2542479.0,189.9668
2024-06-24 09:15:00,1719238500000,190.1701,191.0,189.66,189.82,2513112.0,190.2728
2024-06-24 09:30:00,1719239400000,189.81,189.99,188.0702,188.1262,2306013.0,189.2131
2024-06-24 09:45:00,1719240300000,188.13,188.14,186.9,187.44,2724802.0,187.4635
2024-06-24 10:00:00,1719241200000,187.4421,187.9599,187.31,187.81,1351353.0,187.6326
2024-06-24 10:15:00,1719242100000,187.86,188.51,187.77,188.04,1242377.0,188.0942
2024-06-24 10:30:00,1719243000000,188.055,188.39,187.8,188.32,863124.0,188.1577
2024-06-24 10:45:00,1719243900000,188.32,188.42,187.455,187.8299,1080617.0,187.8422
2024-06-24 11:00:00,1719244800000,187.81,187.89,187.19,187.2474,848435.0,187.5475
2024-06-24 11:15:00,1719245700000,187.25,187.77,187.14,187.6501,792438.0,187.4468
2024-06-24 11:30:00,1719246600000,187.66,187.97,187.4,187.505,726049.0,187.7409
2024-06-24 11:45:00,1719247500000,187.5,187.8995,187.17,187.28,575514.0,187.5405
2024-06-24 12:00:00,1719248400000,187.27,187.46,186.46,186.64,1059198.0,186.9306
2024-06-24 12:15:00,1719249300000,186.61,186.7499,186.33,186.54,993576.0,186.546
2024-06-24 12:30:00,1719250200000,186.54,186.64,186.16,186.45,721981.0,186.4544
2024-06-24 12:45:00,1719251100000,186.45,186.48,186.07,186.17,719596.0,186.2603
2024-06-24 13:00:00,1719252000000,186.175,186.2599,185.66,185.7,866517.0,185.9862
2024-06-24 13:15:00,1719252900000,185.69,185.8695,185.57,185.69,763256.0,185.7187
2024-06-24 13:30:00,1719253800000,185.7,186.14,185.45,186.14,1142662.0,185.7873
2024-06-24 13:45:00,1719254700000,186.12,186.455,186.05,186.431,1080890.0,186.2932
2024-06-24 14:00:00,1719255600000,186.44,186.71,186.3599,186.5899,716846.0,186.5544
2024-06-24 14:15:00,1719256500000,186.58,186.58,186.23,186.375,762839.0,186.3779
2024-06-24 14:30:00,1719257400000,186.37,186.66,186.32,186.42,799692.0,186.503
2024-06-24 14:45:00,1719258300000,186.42,186.5499,185.33,185.57,3209515.0,185.7933
2024-06-24 15:00:00,1719259200000,185.58,185.79,185.45,185.65,1383784.0,185.5706
2024-06-24 15:15:00,1719260100000,185.6,185.7,185.41,185.57,28349.0,185.6131
2024-06-24 15:30:00,1719261000000,185.42,185.64,185.34,185.55,34799.0,185.5049
2024-06-24 15:45:00,1719261900000,185.56,185.69,185.5101,185.68,13740.0,185.5772
2024-06-24 16:00:00,1719262800000,185.67,185.79,185.58,185.79,14308.0,185.7162
2024-06-24 16:15:00,1719263700000,185.78,185.78,185.71,185.71,7162.0,185.7296
2024-06-24 16:30:00,1719264600000,185.71,185.74,185.7,185.71,16332.0,185.7099
2024-06-24 16:45:00,1719265500000,185.74,185.76,185.56,185.59,16321.0,185.5997
2024-06-24 17:00:00,1719266400000,185.7,185.8,185.65,185.65,5206.0,185.7588
2024-06-24 17:15:00,1719267300000,185.7,185.8,185.7,185.8,4700.0,185.7528
2024-06-24 17:30:00,1719268200000,185.79,185.8,185.7,185.79,3288.0,185.7315
2024-06-24 17:45:00,1719269100000,185.8,185.99,185.76,185.76,7460.0,185.8551
2024-06-24 18:00:00,1719270000000,185.76,185.89,185.76,185.89,2807.0,185.8053
2024-06-24 18:15:00,1719270900000,185.96,185.97,185.8615,185.8615,2271.0,185.9314
2024-06-24 18:30:00,1719271800000,185.97,185.98,185.86,185.9,5200.0,185.9288
2024-06-24 18:45:00,1719272700000,185.93,185.99,185.86,185.9488,12474.0,185.9309
2024-06-25 03:00:00,1719302400000,185.86,185.86,185.5,185.68,8436.0,185.5866
2024-06-25 03:15:00,1719303300000,185.84,186.0,185.84,186.0,2234.0,185.9102
2024-06-25 03:30:00,1719304200000,185.91,185.94,185.83,185.87,2337.0,185.9009
2024-06-25 03:45:00,1719305100000,185.91,185.91,185.91,185.91,327.0,185.9136
2024-06-25 04:00:00,1719306000000,185.9,185.91,185.76,185.78,4835.0,185.8232
2024-06-25 04:15:00,1719306900000,185.83,185.95,185.83,185.95,2942.0,185.8883
2024-06-25 04:30:00,1719307800000,186.0,186.36,186.0,186.27,3891.0,186.2289
2024-06-25 04:45:00,1719308700000,186.29,186.29,186.22,186.22,3364.0,186.2312
2024-06-25 05:00:00,1719309600000,186.25,186.26,186.25,186.26,2726.0,186.2551
2024-06-25 05:15:00,1719310500000,186.29,186.36,186.18,186.18,5629.0,186.2794
2024-06-25 05:30:00,1719311400000,186.28,186.38,186.28,186.38,837.0,186.344
2024-06-25 06:00:00,1719313200000,186.3,186.3,185.96,186.2,20108.0,186.148
2024-06-25 06:15:00,1719314100000,186.31,186.34,186.31,186.34,3899.0,186.3128
2024-06-25 06:30:00,1719315000000,186.31,186.31,186.0,186.0,4371.0,186.2043
2024-06-25 06:45:00,1719315900000,186.0,186.08,186.0,186.08,1515.0,186.0398
2024-06-25 07:00:00,1719316800000,186.2,186.42,185.44,186.28,46008.0,185.9886
2024-06-25 07:15:00,1719317700000,186.3299,186.3299,186.17,186.19,12007.0,186.2513
2024-06-25 07:30:00,1719318600000,186.17,187.0,186.0,186.33,37137.0,186.3048
2024-06-25 07:45:00,1719319500000,186.35,186.36,186.25,186.35,33870.0,186.3123
2024-06-25 08:00:00,1719320400000,186.34,186.7,186.27,186.7,36675.0,186.4592
2024-06-25 08:15:00,1719321300000,186.69,186.8,186.3001,186.8,67620.0,186.5835
2024-06-25 08:30:00,1719322200000,186.81,187.29,185.89,186.735,2344507.0,186.6292
2024-06-25 08:45:00,1719323100000,186.72,187.13,186.4901,187.13,1063798.0,186.7961
2024-06-25 09:00:00,1719324000000,187.13,187.855,187.01,187.76,1359005.0,187.4411
2024-06-25 09:15:00,1719324900000,187.76,187.99,187.53,187.8612,942247.0,187.7556
2024-06-25 09:30:00,1719325800000,187.87,188.24,187.57,188.16,1192094.0,187.9903
2024-06-25 09:45:00,1719326700000,188.16,188.27,187.695,187.9562,854606.0,187.998
2024-06-25 10:00:00,1719327600000,187.96,188.56,187.94,188.2861,914565.0,188.2184
2024-06-25 10:15:00,1719328500000,188.28,188.65,188.1,188.4,738992.0,188.4185
2024-06-25 10:30:00,1719329400000,188.4,188.66,188.2468,188.53,992077.0,188.4503
2024-06-25 10:45:00,1719330300000,188.53,188.84,188.42,188.5,814379.0,188.6405
2024-06-25 11:00:00,1719331200000,188.51,188.54,188.17,188.33,1350892.0,188.5543
2024-06-25 11:15:00,1719332100000,188.325,188.325,187.77,188.1309,721324.0,188.0429
2024-06-25 11:30:00,1719333000000,188.13,188.14,187.52,187.88,606047.0,187.7462
2024-06-25 11:45:00,1719333900000,187.875,187.9095,187.185,187.34,623995.0,187.4596
2024-06-25 12:00:00,1719334800000,187.33,187.81,187.02,187.71,762614.0,187.3498
2024-06-25 12:15:00,1719335700000,187.71,187.865,187.45,187.54,505470.0,187.6856
2024-06-25 12:30:00,1719336600000,187.55,187.7,187.44,187.505,436244.0,187.5714
2024-06-25 12:45:00,1719337500000,187.5,187.715,187.4,187.71,477646.0,187.5838
2024-06-25 13:00:00,1719338400000,187.71,187.99,187.65,187.66,731575.0,187.816
2024-06-25 13:15:00,1719339300000,187.655,187.85,187.56,187.82,493769.0,187.6869
2024-06-25 13:30:00,1719340200000,187.82,187.92,187.5299,187.7,583444.0,187.7078
2024-06-25 13:45:00,1719341100000,187.69,187.82,187.2,187.575,616117.0,187.466
2024-06-25 14:00:00,1719342000000,187.57,187.66,187.42,187.49,628095.0,187.5283
2024-06-25 14:15:00,1719342900000,187.485,187.69,187.365,187.57,1004869.0,187.4709
2024-06-25 14:30:00,1719343800000,187.57,187.57,187.04,187.045,768315.0,187.2733
2024-06-25 14:45:00,1719344700000,187.045,187.05,185.42,186.45,4994348.0,186.1917
2024-06-25 15:00:00,1719345600000,186.34,186.75,186.34,186.75,1287905.0,186.3528
2024-06-25 15:15:00,1719346500000,186.75,186.8,186.52,186.53,22851.0,186.6796
2024-06-25 15:30:00,1719347400000,186.53,186.71,186.34,186.5484,23421.0,186.5773
2024-06-25 15:45:00,1719348300000,186.53,186.56,186.4607,186.52,380876.0,186.3425
2024-06-25 16:00:00,1719349200000,186.51,186.54,186.3877,186.4305,7748.0,186.4778
2024-06-25 16:15:00,1719350100000,186.5,186.72,186.5,186.53,10413.0,186.5577
2024-06-25 16:30:00,1719351000000,186.51,186.69,186.43,186.612,14286.0,186.5421
2024-06-25 16:45:00,1719351900000,186.6,186.7,186.55,186.67,6913.0,186.6371
2024-06-25 17:00:00,1719352800000,186.54,186.6798,186.5,186.6798,5476.0,186.5705
2024-06-25 17:15:00,1719353700000,186.65,186.7,186.6,186.61,5066.0,186.6339
2024-06-25 17:30:00,1719354600000,186.68,186.68,186.34,186.56,13138.0,186.4619
2024-06-25 17:45:00,1719355500000,186.5998,186.6,186.5126,186.56,4477.0,186.5469
2024-06-25 18:00:00,1719356400000,186.58,186.6,186.51,186.6,3382.0,186.5503
2024-06-25 18:15:00,1719357300000,186.5996,186.64,186.54,186.62,9910.0,186.5766
2024-06-25 18:30:00,1719358200000,186.6195,186.6195,186.5,186.5,7783.0,186.5218
2024-06-25 18:45:00,1719359100000,186.5,186.5,186.45,186.48,9718.0,186.4796
2024-06-26 03:00:00,1719388800000,188.02,188.02,187.5,187.67,9371.0,187.632
2024-06-26 03:15:00,1719389700000,187.58,187.58,187.47,187.5,1455.0,187.4957
2024-06-26 03:30:00,1719390600000,187.54,187.7,187.54,187.7,4387.0,187.6696
2024-06-26 03:45:00,1719391500000,187.68,187.68,187.6,187.6,5794.0,187.6527
2024-06-26 04:00:00,1719392400000,187.6,187.64,187.51,187.55,4122.0,187.5864
2024-06-26 04:15:00,1719393300000,187.58,187.6,187.55,187.58,1543.0,187.5795
2024-06-26 04:30:00,1719394200000,187.55,187.67,187.55,187.67,1374.0,187.6373
2024-06-26 04:45:00,1719395100000,187.57,187.64,187.55,187.6,2568.0,187.5889
2024-06-26 05:00:00,1719396000000,187.55,187.55,187.55,187.55,653.0,187.5471
2024-06-26 05:15:00,1719396900000,187.42,187.44,187.36,187.43,4448.0,187.4059
2024-06-26 05:30:00,1719397800000,187.23,187.23,186.84,186.84,7429.0,187.0624
2024-06-26 05:45:00,1719398700000,186.79,186.98,186.7,186.98,11131.0,186.8026
2024-06-26 06:00:00,1719399600000,186.87,186.87,186.6,186.64,8186.0,186.6756
2024-06-26 06:15:00,1719400500000,186.83,186.83,186.65,186.65,2397.0,186.7128
2024-06-26 06:30:00,1719401400000,186.65,186.65,185.9,186.33,70930.0,186.1575
2024-06-26 06:45:00,1719402300000,186.5,186.85,186.5,186.85,8136.0,186.6441
2024-06-26 07:00:00,1719403200000,186.65,187.6,186.31,186.7,68326.0,186.7843
2024-06-26 07:15:00,1719404100000,186.59,186.7194,186.5,186.5896,14869.0,186.5882
2024-06-26 07:30:00,1719405000000,186.43,186.55,186.34,186.4501,24702.0,186.3893
2024-06-26 07:45:00,1719405900000,186.45,186.45,186.18,186.25,22950.0,186.3516
2024-06-26 08:00:00,1719406800000,186.26,186.74,186.22,186.63,45138.0,186.5602
2024-06-26 08:15:00,1719407700000,186.63,187.01,186.42,187.01,39130.0,186.6309
2024-06-26 08:30:00,1719408600000,186.92,187.68,186.26,187.11,2909981.0,186.9747
2024-06-26 08:45:00,1719409500000,187.1004,187.79,186.915,187.23,1172795.0,187.3759
2024-06-26 09:00:00,1719410400000,187.225,188.23,187.21,188.22,1160879.0,187.736
2024-06-26 09:15:00,1719411300000,188.23,189.67,188.19,189.1746,2281778.0,188.9181
2024-06-26 09:30:00,1719412200000,189.18,190.72,189.18,190.681,2813470.0,190.0739
2024-06-26 09:45:00,1719413100000,190.68,191.7,190.45,190.59,4465398.0,191.0981
2024-06-26 10:00:00,1719414000000,190.6,191.5,190.34,190.73,1986826.0,190.9762
2024-06-26 10:15:00,1719414900000,190.73,191.11,190.45,190.9402,1370125.0,190.7929
2024-06-26 10:30:00,1719415800000,190.94,191.09,190.74,190.83,1199913.0,190.9328
2024-06-26 10:45:00,1719416700000,190.84,191.58,190.6,191.49,1501381.0,191.1963
2024-06-26 11:00:00,1719417600000,191.485,192.16,191.26,191.78,2540301.0,191.7417
2024-06-26 11:15:00,1719418500000,191.779,192.33,191.45,192.3201,1507366.0,191.8505
2024-06-26 11:30:00,1719419400000,192.32,193.04,192.18,192.4643,2638155.0,192.6274
2024-06-26 11:45:00,1719420300000,192.47,192.76,192.1289,192.75,1373824.0,192.481
2024-06-26 12:00:00,1719421200000,192.75,194.17,192.695,194.11,2418552.0,193.3712
2024-06-26 12:15:00,1719422100000,194.11,194.12,193.06,193.54,1953955.0,193.521
2024-06-26 12:30:00,1719423000000,193.55,194.0,193.37,193.54,1715152.0,193.7304
2024-06-26 12:45:00,1719423900000,193.535,194.8,193.49,194.54,2328274.0,194.1621
2024-06-26 13:00:00,1719424800000,194.53,194.6134,193.7,194.06,1858407.0,194.0623
2024-06-26 13:15:00,1719425700000,194.07,194.4,193.8601,194.2825,2881187.0,193.8507
2024-06-26 13:30:00,1719426600000,194.2735,194.57,193.7201,193.898,1375991.0,194.2031
2024-06-26 13:45:00,1719427500000,193.91,194.3,193.3,193.335,1394388.0,193.8367
2024-06-26 14:00:00,1719428400000,193.34,194.0,192.8,193.68,2474790.0,193.3702
2024-06-26 14:15:00,1719429300000,193.68,193.98,193.568,193.865,1401236.0,193.7904
2024-06-26 14:30:00,1719430200000,193.86,194.42,193.83,193.88,1628413.0,194.0773
2024-06-26 14:45:00,1719431100000,193.87,193.99,193.245,193.62,4058723.0,193.5927
2024-06-26 15:00:00,1719432000000,193.61,193.61,193.01,193.1623,989026.0,193.582
2024-06-26 15:15:00,1719432900000,193.61,193.61,193.01,193.3,43356.0,193.3508
2024-06-26 15:30:00,1719433800000,193.26,193.34,193.2,193.3,10954.0,193.2581
2024-06-26 15:45:00,1719434700000,193.25,193.61,193.25,193.35,18902.0,193.3921
2024-06-26 16:00:00,1719435600000,193.35,193.44,193.3006,193.4,13484.0,193.3652
2024-06-26 16:15:00,1719436500000,193.4,193.5,193.36,193.41,13243.0,193.4284
2024-06-26 16:30:00,1719437400000,193.44,193.4422,193.35,193.38,5396.0,193.406
2024-06-26 16:45:00,1719438300000,193.4099,193.58,193.38,193.47,15272.0,193.4896
2024-06-26 17:00:00,1719439200000,193.57,193.61,193.5,193.5,9932.0,193.5751
2024-06-26 17:15:00,1719440100000,193.57,193.57,193.36,193.36,13233.0,193.5081
2024-06-26 17:30:00,1719441000000,193.42,193.49,193.2,193.21,13523.0,193.35
2024-06-26 17:45:00,1719441900000,193.3872,193.39,193.21,193.25,3920.0,193.284
2024-06-26 18:00:00,1719442800000,193.21,193.25,193.13,193.16,13601.0,193.1792
2024-06-26 18:15:00,1719443700000,193.11,193.44,193.11,193.3906,10794.0,193.2907
2024-06-26 18:30:00,1719444600000,193.32,193.51,193.13,193.2,35999.0,193.3694
2024-06-26 18:45:00,1719445500000,193.1303,193.23,193.0686,193.0686,19139.0,193.1575
2024-06-27 03:00:00,1719475200000,193.37,193.48,193.37,193.48,4239.0,193.4428
2024-06-27 03:15:00,1719476100000,193.47,193.47,193.33,193.33,1191.0,193.3678
2024-06-27 03:30:00,1719477000000,193.35,193.43,193.35,193.43,843.0,193.4093
2024-06-27 03:45:00,1719477900000,193.46,193.5,193.45,193.5,3924.0,193.4703
2024-06-27 04:00:00,1719478800000,193.43,193.43,193.0,193.4,9797.0,193.2692
2024-06-27 04:15:00,1719479700000,193.4,193.55,193.4,193.55,1247.0,193.4773
2024-06-27 04:30:00,1719480600000,193.51,193.51,193.51,193.51,1851.0,193.5105
2024-06-27 04:45:00,1719481500000,193.49,193.6,193.3,193.3,5227.0,193.4371
2024-06-27 05:00:00,1719482400000,193.3,193.49,193.3,193.48,6401.0,193.3948
2024-06-27 05:15:00,1719483300000,193.32,193.48,193.3,193.48,5185.0,193.353
2024-06-27 05:30:00,1719484200000,193.51,193.88,193.49,193.88,8931.0,193.6371
2024-06-27 05:45:00,1719485100000,193.88,193.88,193.78,193.86,3493.0,193.8073
2024-06-27 06:00:00,1719486000000,193.8,193.8,193.62,193.68,14261.0,193.729
2024-06-27 06:15:00,1719486900000,193.8,194.16,193.78,193.85,25651.0,193.9512
2024-06-27 06:30:00,1719487800000,193.8,194.29,193.7,194.25,46730.0,194.0886
2024-06-27 06:45:00,1719488700000,194.25,194.74,194.2,194.74,45433.0,194.4745
2024-06-27 07:00:00,1719489600000,193.75,195.0699,192.8,194.6482,252585.0,194.4528
2024-06-27 07:15:00,1719490500000,194.6499,194.8171,194.35,194.35,46427.0,194.5712
2024-06-27 07:30:00,1719491400000,194.47,194.75,194.35,194.66,102145.0,194.6251
2024-06-27 07:45:00,1719492300000,194.61,195.05,194.5,194.98,103785.0,194.8768
2024-06-27 08:00:00,1719493200000,195.0,195.02,194.52,194.75,78951.0,194.7809
2024-06-27 08:15:00,1719494100000,194.75,195.2,193.61,195.0,473154.0,194.0157
2024-06-27 08:30:00,1719495000000,195.005,196.15,194.71,194.83,6160306.0,195.3694
2024-06-27 08:45:00,1719495900000,194.83,195.68,194.2,195.4895,2528822.0,194.8977
2024-06-27 09:00:00,1719496800000,195.49,196.58,195.4402,196.24,2974190.0,196.0251
2024-06-27 09:15:00,1719497700000,196.25,197.07,195.91,195.93,2806265.0,196.4562
2024-06-27 09:30:00,1719498600000,195.93,196.65,195.44,196.415,2352029.0,195.9934
2024-06-27 09:45:00,1719499500000,196.4001,196.41,195.1823,195.82,1772090.0,195.7056
2024-06-27 10:00:00,1719500400000,195.81,195.93,195.2803,195.545,1295099.0,195.6504
2024-06-27 10:15:00,1719501300000,195.555,195.95,195.3,195.6299,1204174.0,195.6787
2024-06-27 10:30:00,1719502200000,195.62,195.64,194.99,195.18,1192849.0,195.2825
2024-06-27 10:45:00,1719503100000,195.2,196.3,195.09,196.28,1628442.0,195.8169
2024-06-27 11:00:00,1719504000000,196.27,199.09,196.24,198.74,7136533.0,197.7731
2024-06-27 11:15:00,1719504900000,198.74,199.2371,197.93,198.18,4723754.0,198.4952
2024-06-27 11:30:00,1719505800000,198.17,199.78,198.13,199.7601,3910842.0,199.0799
2024-06-27 11:45:00,1719506700000,199.7657,199.84,198.12,198.16,3419374.0,199.1222
2024-06-27 12:00:00,1719507600000,198.14,198.38,197.77,197.88,2552295.0,198.0701
2024-06-27 12:15:00,1719508500000,197.87,198.75,197.49,198.6286,2212862.0,198.1521
2024-06-27 12:30:00,1719509400000,198.63,198.92,198.11,198.74,1927116.0,198.6525
2024-06-27 12:45:00,1719510300000,198.71,198.89,198.21,198.235,1281334.0,198.6494
2024-06-27 13:00:00,1719511200000,198.23,198.37,197.65,197.98,1823900.0,197.9796
2024-06-27 13:15:00,1719512100000,197.99,198.69,197.9701,198.3786,1487765.0,198.386
2024-06-27 13:30:00,1719513000000,198.375,198.3901,197.62,197.8,1358577.0,198.0461
2024-06-27 13:45:00,1719513900000,197.8001,198.2,197.64,198.11,1397418.0,197.9406
2024-06-27 14:00:00,1719514800000,198.1,198.549,197.88,198.405,1441413.0,198.2679
2024-06-27 14:15:00,1719515700000,198.41,198.48,197.81,198.28,1681503.0,198.1386
2024-06-27 14:30:00,1719516600000,198.26,198.43,197.42,197.42,1789801.0,198.1022
2024-06-27 14:45:00,1719517500000,197.42,197.91,197.1301,197.89,4005037.0,197.5242
2024-06-27 15:00:00,1719518400000,197.81,197.99,197.35,197.3855,727319.0,197.8321
2024-06-27 15:15:00,1719519300000,197.58,197.85,197.5,197.72,38635.0,197.7202
2024-06-27 15:30:00,1719520200000,197.7,197.85,197.6501,197.75,17489.0,197.7606
2024-06-27 15:45:00,1719521100000,197.75,197.85,197.7302,197.85,9441.0,197.7796
2024-06-27 16:00:00,1719522000000,197.81,197.85,197.7,197.7,14641.0,197.755
2024-06-27 16:15:00,1719522900000,197.75,197.85,197.71,197.85,523590.0,197.8491
2024-06-27 16:30:00,1719523800000,197.8002,197.9,197.8002,197.82,11325.0,197.8483
2024-06-27 16:45:00,1719524700000,197.84,197.8886,197.7304,197.7897,8198.0,197.7908
2024-06-27 17:00:00,1719525600000,197.7,197.8,197.67,197.8,12797.0,197.7603
2024-06-27 17:15:00,1719526500000,197.8,197.85,197.7806,197.8,8913.0,197.7905
2024-06-27 17:30:00,1719527400000,197.89,198.06,197.8,198.06,8202.0,197.9587
2024-06-27 17:45:00,1719528300000,198.06,198.34,198.06,198.2,21703.0,198.2659
2024-06-27 18:00:00,1719529200000,198.2,198.48,198.16,198.1998,14628.0,198.2838
2024-06-27 18:15:00,1719530100000,198.29,198.3911,198.16,198.32,13261.0,198.2595
2024-06-27 18:30:00,1719531000000,198.31,198.31,198.22,198.245,16948.0,198.2578
2024-06-27 18:45:00,1719531900000,198.25,198.3022,198.15,198.2099,25771.0,198.242
2024-06-28 03:00:00,1719561600000,198.65,198.87,198.59,198.62,8035.0,198.7416
2024-06-28 03:15:00,1719562500000,198.6,198.7,198.6,198.7,12185.0,198.6271
2024-06-28 03:30:00,1719563400000,198.7,198.75,198.68,198.68,6147.0,198.6946
2024-06-28 03:45:00,1719564300000,198.6,198.65,198.6,198.62,3494.0,198.6256
2024-06-28 04:00:00,1719565200000,198.7,198.75,198.61,198.64,6985.0,198.6848
2024-06-28 04:15:00,1719566100000,198.65,198.68,198.4,198.44,20587.0,198.5305
2024-06-28 04:30:00,1719567000000,198.43,198.7,198.36,198.64,7323.0,198.5163
2024-06-28 04:45:00,1719567900000,198.64,198.76,198.63,198.65,4813.0,198.655
2024-06-28 05:00:00,1719568800000,198.65,198.69,198.5,198.65,2278.0,198.6208
2024-06-28 05:15:00,1719569700000,198.67,198.67,198.57,198.63,4074.0,198.6417
2024-06-28 05:30:00,1719570600000,198.62,198.63,198.59,198.59,1628.0,198.6068
2024-06-28 05:45:00,1719571500000,198.57,198.71,198.41,198.7,17426.0,198.5722
2024-06-28 06:00:00,1719572400000,198.7,198.79,198.59,198.7,28811.0,198.6762
2024-06-28 06:15:00,1719573300000,198.68,198.75,198.55,198.55,10359.0,198.6836
2024-06-28 06:30:00,1719574200000,198.64,199.32,198.64,199.19,33808.0,198.9902
2024-06-28 06:45:00,1719575100000,199.1,199.2,199.0,199.2,14068.0,199.0662
2024-06-28 07:00:00,1719576000000,198.6016,199.35,198.38,199.23,150852.0,198.9756
2024-06-28 07:15:00,1719576900000,199.26,199.34,199.0,199.25,82990.0,199.1847
2024-06-28 07:30:00,1719577800000,199.25,199.5,198.5,198.58,136789.0,199.0642
2024-06-28 07:45:00,1719578700000,198.63,198.63,198.3857,198.5,72915.0,198.4623
2024-06-28 08:00:00,1719579600000,198.45,198.6298,198.17,198.6,63422.0,198.4824
2024-06-28 08:15:00,1719580500000,198.6,198.62,197.76,197.8,108071.0,198.1764
2024-06-28 08:30:00,1719581400000,197.73,197.84,195.92,197.13,5006513.0,196.677
2024-06-28 08:45:00,1719582300000,197.135,197.62,196.65,197.62,2681249.0,197.2552
2024-06-28 09:00:00,1719583200000,197.62,198.85,197.62,198.08,2992780.0,198.369
2024-06-28 09:15:00,1719584100000,198.09,198.2799,197.12,197.21,1773438.0,197.86
2024-06-28 09:30:00,1719585000000,197.21,197.65,196.68,197.1299,1636980.0,197.1224
2024-06-28 09:45:00,1719585900000,197.12,197.125,196.15,196.21,1905759.0,196.5204
2024-06-28 10:00:00,1719586800000,196.2,196.51,195.54,195.775,1957881.0,195.9728
2024-06-28 10:15:00,1719587700000,195.775,196.2,195.59,195.769,1295070.0,195.8757
2024-06-28 10:30:00,1719588600000,195.76,196.37,195.43,195.505,1455178.0,195.8869
2024-06-28 10:45:00,1719589500000,195.505,195.91,195.31,195.425,1145186.0,195.5612
2024-06-28 11:00:00,1719590400000,195.42,195.58,194.9,195.15,1421996.0,195.1741
2024-06-28 11:15:00,1719591300000,195.17,195.32,194.615,195.245,1397356.0,194.9324
2024-06-28 11:30:00,1719592200000,195.24,195.28,193.91,194.26,1729713.0,194.4316
2024-06-28 11:45:00,1719593100000,194.26,194.9,194.05,194.8101,1304523.0,194.4306
2024-06-28 12:00:00,1719594000000,194.815,194.99,194.59,194.96,974193.0,194.7913
2024-06-28 12:15:00,1719594900000,194.96,195.22,194.7897,194.81,986339.0,194.9993
2024-06-28 12:30:00,1719595800000,194.82,194.99,194.695,194.8,983397.0,194.8195
2024-06-28 12:45:00,1719596700000,194.795,195.07,194.66,195.07,743602.0,194.8013
2024-06-28 13:00:00,1719597600000,195.065,195.56,194.995,195.44,1260508.0,195.2897
2024-06-28 13:15:00,1719598500000,195.4399,195.49,194.795,194.8,948430.0,195.0927
2024-06-28 13:30:00,1719599400000,194.81,195.11,194.77,194.91,752600.0,194.9395
2024-06-28 13:45:00,1719600300000,194.915,195.12,194.73,194.885,863687.0,194.8899
2024-06-28 14:00:00,1719601200000,194.885,195.0999,194.42,194.55,1234159.0,194.6386
2024-06-28 14:15:00,1719602100000,194.545,194.655,194.0,194.025,1395971.0,194.3189
2024-06-28 14:30:00,1719603000000,194.03,194.035,192.86,193.705,2849594.0,193.4817
2024-06-28 14:45:00,1719603900000,193.71,194.15,192.5,193.32,5795827.0,193.2817
2024-06-28 15:00:00,1719604800000,193.25,193.59,193.16,193.21,8790478.0,193.2484
2024-06-28 15:15:00,1719605700000,193.25,193.25,193.2,193.24,66061.0,193.236
2024-06-28 15:30:00,1719606600000,193.25,193.25,192.86,193.2009,66634.0,193.1468
2024-06-28 15:45:00,1719607500000,193.24,193.25,193.2,193.21,42706.0,193.2406
2024-06-28 16:00:00,1719608400000,193.21,193.25,193.202,193.25,10003.0,193.2313
2024-06-28 16:15:00,1719609300000,193.26,193.27,193.15,193.18,16527.0,193.2232
2024-06-28 16:30:00,1719610200000,193.15,193.29,193.12,193.1751,8811.0,193.2319
2024-06-28 16:45:00,1719611100000,193.28,193.2884,193.2401,193.25,4711.0,193.2569
2024-06-28 17:00:00,1719612000000,193.25,193.28,193.2,193.25,2480.0,193.2356
2024-06-28 17:15:00,1719612900000,193.27,193.28,193.23,193.27,2659.0,193.2582
2024-06-28 17:30:00,1719613800000,193.27,193.27,193.2,193.26,4896.0,193.2488
2024-06-28 17:45:00,1719614700000,193.26,193.26,193.2,193.22,1716.0,193.248
2024-06-28 18:00:00,1719615600000,193.2,193.29,193.11,193.26,9072.0,193.25
2024-06-28 18:15:00,1719616500000,193.3,193.43,193.26,193.27,8464.0,193.3209
2024-06-28 18:30:00,1719617400000,193.33,193.37,193.23,193.23,5750.0,193.2857
2024-06-28 18:45:00,1719618300000,193.2412,193.35,193.2412,193.32,12827.0,193.3034
2024-07-01 03:00:00,1719820800000,194.39,194.89,194.23,194.4,61058.0,194.6048
2024-07-01 03:15:00,1719821700000,194.45,194.75,194.45,194.64,8759.0,194.6723
2024-07-01 03:30:00,1719822600000,194.68,194.79,194.09,194.12,23241.0,194.3061
2024-07-01 03:45:00,1719823500000,194.17,194.41,194.17,194.22,9070.0,194.288
2024-07-01 04:00:00,1719824400000,194.03,194.22,193.9,193.92,5902.0,194.0246
2024-07-01 04:15:00,1719825300000,193.96,194.08,193.96,194.01,2099.0,194.0151
2024-07-01 04:30:00,1719826200000,194.09,194.26,194.09,194.26,1350.0,194.1667
2024-07-01 04:45:00,1719827100000,194.4,194.54,194.34,194.54,7374.0,194.4467
2024-07-01 05:00:00,1719828000000,194.54,194.73,194.54,194.66,6470.0,194.6134
2024-07-01 05:15:00,1719828900000,194.61,194.65,194.5,194.52,5645.0,194.5984
2024-07-01 05:30:00,1719829800000,194.51,194.8,194.45,194.74,9494.0,194.6542
2024-07-01 05:45:00,1719830700000,194.74,195.21,194.72,195.15,26186.0,194.9222
2024-07-01 06:00:00,1719831600000,195.1,195.1,194.83,195.05,45092.0,194.9798
2024-07-01 06:15:00,1719832500000,195.07,195.13,194.74,194.74,12284.0,194.9708
2024-07-01 06:30:00,1719833400000,194.74,194.95,194.49,194.95,25178.0,194.6886
2024-07-01 06:45:00,1719834300000,194.95,195.3,194.95,195.3,22296.0,195.1677
2024-07-01 07:00:00,1719835200000,194.97,195.64,193.25,195.19,214443.0,194.5606
2024-07-01 07:15:00,1719836100000,195.1,195.4,193.25,195.2223,37152.0,195.0946
2024-07-01 07:30:00,1719837000000,195.3116,195.4,194.99,195.07,65898.0,194.9666
2024-07-01 07:45:00,1719837900000,195.05,195.14,193.25,194.85,53237.0,194.277
2024-07-01 08:00:00,1719838800000,194.77,194.96,193.88,194.0,138191.0,194.3808
2024-07-01 08:15:00,1719839700000,193.96,194.18,193.4,193.56,271616.0,193.7114
2024-07-01 08:30:00,1719840600000,193.49,194.45,192.82,193.73,3837218.0,193.6801
2024-07-01 08:45:00,1719841500000,193.74,195.025,193.7,194.52,2528972.0,194.272
2024-07-01 09:00:00,1719842400000,194.53,195.685,193.96,194.22,2602414.0,195.0755
2024-07-01 09:15:00,1719843300000,194.22,195.97,194.05,195.21,1968172.0,195.154
2024-07-01 09:30:00,1719844200000,195.22,195.67,194.7,194.999,1370942.0,195.1959
2024-07-01 09:45:00,1719845100000,194.99,195.85,194.825,195.8,1104512.0,195.1558
2024-07-01 10:00:00,1719846000000,195.79,196.18,195.38,196.09,1607015.0,195.8874
2024-07-01 10:15:00,1719846900000,196.1,196.11,195.48,195.8,1152045.0,195.8368
2024-07-01 10:30:00,1719847800000,195.795,196.1,195.53,195.72,1262384.0,195.8303
2024-07-01 10:45:00,1719848700000,195.71,196.45,195.63,196.4148,984673.0,196.0
2024-07-01 11:00:00,1719849600000,196.41,196.96,195.98,196.94,1140481.0,196.4944
2024-07-01 11:15:00,1719850500000,196.942,196.95,196.525,196.915,913382.0,196.7399
2024-07-01 11:30:00,1719851400000,196.915,197.02,196.57,196.995,896886.0,196.8518
2024-07-01 11:45:00,1719852300000,196.99,197.381,196.69,197.33,1017279.0,197.0643
2024-07-01 12:00:00,1719853200000,197.335,197.77,197.0899,197.647,1318790.0,197.4533
2024-07-01 12:15:00,1719854100000,197.64,197.6898,196.93,197.08,888987.0,197.3143
2024-07-01 12:30:00,1719855000000,197.08,197.72,197.08,197.46,765112.0,197.5099
2024-07-01 12:45:00,1719855900000,197.4394,197.61,197.08,197.505,728992.0,197.3359
2024-07-01 13:00:00,1719856800000,197.505,198.01,197.21,197.94,977822.0,197.6796
2024-07-01 13:15:00,1719857700000,197.94,198.2957,197.67,197.745,1031684.0,197.974
2024-07-01 13:30:00,1719858600000,197.7444,197.8995,197.28,197.795,904741.0,197.6196
2024-07-01 13:45:00,1719859500000,197.79,197.8,197.08,197.28,757211.0,197.3529
2024-07-01 14:00:00,1719860400000,197.28,197.5299,196.98,197.39,1074029.0,197.274
2024-07-01 14:15:00,1719861300000,197.3901,197.4599,196.42,196.8,1006995.0,196.9048
2024-07-01 14:30:00,1719862200000,196.8,197.21,196.76,196.79,991565.0,196.9367
2024-07-01 14:45:00,1719863100000,196.795,197.405,196.72,197.2,2144247.0,197.1654
2024-07-01 15:00:00,1719864000000,197.2,197.43,197.03,197.16,468638.0,197.2009
2024-07-01 15:15:00,1719864900000,197.16,197.38,196.2068,197.27,144444.0,197.1944
2024-07-01 15:30:00,1719865800000,197.28,197.59,197.2,197.38,19598.0,197.3128
2024-07-01 15:45:00,1719866700000,197.4,197.4,197.3,197.3,9958.0,196.8363
2024-07-01 16:00:00,1719867600000,197.3,197.4401,197.3,197.44,12184.0,197.1555
2024-07-01 16:15:00,1719868500000,197.43,197.43,197.2,197.4,3701.0,197.3013
2024-07-01 16:30:00,1719869400000,197.39,197.439,197.3,197.439,5125.0,197.4011
2024-07-01 16:45:00,1719870300000,197.35,197.42,197.25,197.37,4037.0,197.3729
2024-07-01 17:00:00,1719871200000,197.36,197.44,197.31,197.31,6003.0,197.3631
2024-07-01 17:15:00,1719872100000,197.3109,197.4333,197.2238,197.2238,2657.0,197.302
2024-07-01 17:30:00,1719873000000,197.26,197.32,197.19,197.19,8295.0,197.2375
2024-07-01 17:45:00,1719873900000,197.1998,197.2,197.0,197.01,8004.0,197.1099
2024-07-01 18:00:00,1719874800000,197.05,197.08,197.01,197.01,3680.0,197.0346
2024-07-01 18:15:00,1719875700000,197.04,197.14,197.04,197.05,1501.0,197.0874
2024-07-01 18:30:00,1719876600000,197.09,197.1,197.01,197.05,8845.0,197.034
2024-07-01 18:45:00,1719877500000,197.03,197.14,196.75,196.95,30251.0,196.9575
2024-07-02 03:00:00,1719907200000,196.5,196.68,196.32,196.68,8522.0,196.5247
2024-07-02 03:15:00,1719908100000,196.97,196.97,196.73,196.75,1063.0,196.8464
2024-07-02 03:30:00,1719909000000,196.6,196.81,196.6,196.76,1369.0,196.7478
2024-07-02 03:45:00,1719909900000,196.75,197.08,196.75,197.08,4897.0,197.0051
2024-07-02 04:30:00,1719912600000,196.85,196.85,196.79,196.79,1055.0,196.8221
2024-07-02 04:45:00,1719913500000,196.76,196.82,196.67,196.67,4193.0,196.7157
2024-07-02 05:00:00,1719914400000,196.74,196.74,196.6,196.6,492.0,196.6776
2024-07-02 05:15:00,1719915300000,196.61,196.7,196.61,196.7,1024.0,196.6742
2024-07-02 05:30:00,1719916200000,196.7,196.9,196.7,196.9,3043.0,196.7917
2024-07-02 05:45:00,1719917100000,196.77,196.77,196.75,196.75,5349.0,196.7507
2024-07-02 06:00:00,1719918000000,196.75,196.88,196.5,196.5,15396.0,196.7209
2024-07-02 06:15:00,1719918900000,196.43,196.75,196.33,196.75,8405.0,196.6232
2024-07-02 06:30:00,1719919800000,196.75,197.1,196.74,196.97,33539.0,196.8858
2024-07-02 06:45:00,1719920700000,196.87,197.0,196.78,196.98,10652.0,196.8847
2024-07-02 07:00:00,1719921600000,196.7481,197.2,196.28,197.2,68104.0,196.8505
2024-07-02 07:15:00,1719922500000,197.26,198.0,197.25,197.95,105488.0,197.7743
2024-07-02 07:30:00,1719923400000,197.9,198.99,197.8126,198.3556,145836.0,198.2456
2024-07-02 07:45:00,1719924300000,198.17,198.27,197.95,198.248,60007.0,198.1268
2024-07-02 08:00:00,1719925200000,198.15,198.28,197.57,197.74,47612.0,197.8763
2024-07-02 08:15:00,1719926100000,197.75,198.0,197.0,197.34,109620.0,197.5631
2024-07-02 08:30:00,1719927000000,197.28,197.33,195.93,197.03,3551613.0,196.7781
2024-07-02 08:45:00,1719927900000,197.04,197.2,196.1701,196.59,1722413.0,196.6366
2024-07-02 09:00:00,1719928800000,196.61,197.39,196.05,196.494,1644791.0,196.6526
2024-07-02 09:15:00,1719929700000,196.49,196.71,195.99,196.3108,1133987.0,196.374
2024-07-02 09:30:00,1719930600000,196.31,197.1,196.3,196.65,1018745.0,196.7924
2024-07-02 09:45:00,1719931500000,196.66,197.22,196.57,196.99,916291.0,196.9618
2024-07-02 10:00:00,1719932400000,196.99,198.205,196.98,197.72,1930350.0,197.7558
2024-07-02 10:15:00,1719933300000,197.7184,197.75,196.99,197.705,1055545.0,197.4204
2024-07-02 10:30:00,1719934200000,197.71,197.9,197.33,197.5901,737252.0,197.6287
2024-07-02 10:45:00,1719935100000,197.6,197.87,197.5,197.72,811222.0,197.7336
2024-07-02 11:00:00,1719936000000,197.72,197.76,197.0,197.4213,965300.0,197.3329
2024-07-02 11:15:00,1719936900000,197.42,197.82,197.4,197.8,625897.0,197.634
2024-07-02 11:30:00,1719937800000,197.8,198.255,197.63,198.1643,666967.0,197.9235
2024-07-02 11:45:00,1719938700000,198.1606,198.57,198.03,198.55,1109832.0,198.302
2024-07-02 12:00:00,1719939600000,198.55,199.65,198.49,199.6413,2321877.0,199.0646
2024-07-02 12:15:00,1719940500000,199.65,200.17,199.4203,199.4203,3834433.0,199.8753
2024-07-02 12:30:00,1719941400000,199.425,200.11,199.33,199.98,1857748.0,199.8254
2024-07-02 12:45:00,1719942300000,200.0,200.43,199.61,200.1901,1823532.0,200.0996
2024-07-02 13:00:00,1719943200000,200.1901,200.405,199.8,200.035,1621899.0,200.1404
2024-07-02 13:15:00,1719944100000,200.04,200.23,199.84,200.14,886217.0,200.039
2024-07-02 13:30:00,1719945000000,200.14,200.145,199.72,199.865,979367.0,199.9578
2024-07-02 13:45:00,1719945900000,199.865,200.15,199.84,200.01,958700.0,200.023
2024-07-02 14:00:00,1719946800000,200.0,200.08,199.855,199.995,798417.0,199.9995
2024-07-02 14:15:00,1719947700000,199.995,200.01,199.88,199.9735,977598.0,199.9668
2024-07-02 14:30:00,1719948600000,199.98,200.0,199.79,199.904,1173478.0,199.9251
2024-07-02 14:45:00,1719949500000,199.9019,200.05,199.56,200.02,2826960.0,199.91
2024-07-02 15:00:00,1719950400000,200.0,200.1,199.8504,199.97,799599.0,199.9973
2024-07-02 15:15:00,1719951300000,199.98,200.0183,199.91,200.0,44907.0,199.9832
2024-07-02 15:30:00,1719952200000,199.9901,200.14,199.88,199.9,20575.0,199.9608
2024-07-02 15:45:00,1719953100000,199.91,200.0,199.86,199.92,17356.0,199.8954
2024-07-02 16:00:00,1719954000000,199.85,200.0,199.81,199.91,10670.0,199.8867
2024-07-02 16:15:00,1719954900000,199.87,199.98,199.86,199.94,7993.0,199.9121
2024-07-02 16:30:00,1719955800000,199.95,199.9699,199.91,199.96,6880.0,199.9464
2024-07-02 16:45:00,1719956700000,199.9,199.96,199.8,199.8702,514610.0,199.9983
2024-07-02 17:00:00,1719957600000,199.95,199.97,199.9,199.94,4296.0,199.9525
2024-07-02 17:15:00,1719958500000,199.94,199.94,199.91,199.91,2017.0,199.9291
2024-07-02 17:30:00,1719959400000,199.94,199.99,199.8812,199.95,17456.0,199.9317
2024-07-02 17:45:00,1719960300000,199.95,199.99,199.9121,199.99,14744.0,199.9599
2024-07-02 18:00:00,1719961200000,199.99,200.0,199.95,200.0,12312.0,199.9784
2024-07-02 18:15:00,1719962100000,199.95,200.0,199.95,200.0,6632.0,199.9917
2024-07-02 18:30:00,1719963000000,200.0,200.0,199.95,199.95,7797.0,199.9659
2024-07-02 18:45:00,1719963900000,199.9487,200.05,199.9114,200.02,8085.0,200.0023
2024-07-03 03:00:00,1719993600000,200.12,200.57,200.12,200.41,5835.0,200.4553
2024-07-03 03:15:00,1719994500000,200.55,200.95,200.55,200.85,3559.0,200.7871
2024-07-03 03:30:00,1719995400000,200.86,200.92,200.8,200.8,6624.0,200.8506
2024-07-03 03:45:00,1719996300000,200.8,200.89,200.8,200.89,15615.0,200.8182
2024-07-03 04:00:00,1719997200000,200.81,200.81,200.8,200.8,2741.0,200.8007
2024-07-03 04:15:00,1719998100000,200.6,200.6,200.5,200.5,2755.0,200.5479
2024-07-03 04:30:00,1719999000000,200.51,200.57,200.4,200.57,4868.0,200.4848
2024-07-03 04:45:00,1719999900000,200.55,200.68,200.55,200.68,4327.0,200.6268
2024-07-03 05:00:00,1720000800000,200.68,200.8,200.6,200.6,5676.0,200.6778
2024-07-03 05:15:00,1720001700000,200.6,200.6,200.43,200.55,6099.0,200.5217
2024-07-03 05:30:00,1720002600000,200.71,200.76,200.62,200.62,9242.0,200.7088
2024-07-03 05:45:00,1720003500000,200.6,200.62,200.59,200.59,3355.0,200.6001
2024-07-03 06:00:00,1720004400000,200.5,200.69,200.15,200.2,31371.0,200.4847
2024-07-03 06:15:00,1720005300000,200.2,200.2,199.85,200.04,30454.0,200.0027
2024-07-03 06:30:00,1720006200000,200.04,200.04,199.39,199.95,28890.0,199.8434
2024-07-03 06:45:00,1720007100000,200.0,200.15,200.0,200.15,5694.0,200.0755
2024-07-03 07:00:00,1720008000000,200.7,200.82,199.36,200.0583,163977.0,200.1931
2024-07-03 07:15:00,1720008900000,200.08,200.27,200.0,200.11,21344.0,200.0673
2024-07-03 07:30:00,1720009800000,200.2,200.2,199.61,199.76,39221.0,199.8
2024-07-03 07:45:00,1720010700000,199.78,200.0,199.76,199.9,32996.0,199.8907
2024-07-03 08:00:00,1720011600000,199.82,199.82,199.66,199.71,46030.0,199.7987
2024-07-03 08:15:00,1720012500000,199.7929,200.1854,199.51,199.93,86432.0,199.8398
2024-07-03 08:30:00,1720013400000,199.94,200.029,198.81,199.44,3471517.0,199.6536
2024-07-03 08:45:00,1720014300000,199.41,199.9,198.59,198.705,2065818.0,199.1616
2024-07-03 09:00:00,1720015200000,198.73,199.05,197.25,198.275,3285356.0,198.0819
2024-07-03 09:15:00,1720016100000,198.28,198.39,197.3395,197.5001,2226230.0,197.8897
2024-07-03 09:30:00,1720017000000,197.5,198.0383,197.49,197.735,1519032.0,197.7411
2024-07-03 09:45:00,1720017900000,197.725,198.1297,197.34,197.37,1594189.0,197.7281
2024-07-03 10:00:00,1720018800000,197.365,197.75,196.7601,197.625,1879281.0,197.157
2024-07-03 10:15:00,1720019700000,197.635,198.0,197.49,197.76,1235710.0,197.7799
2024-07-03 10:30:00,1720020600000,197.755,197.88,197.43,197.8101,1007207.0,197.6647
2024-07-03 10:45:00,1720021500000,197.8,197.82,197.4801,197.79,1014231.0,197.6834
2024-07-03 11:00:00,1720022400000,197.78,198.075,197.56,198.0478,1115254.0,197.8415
2024-07-03 11:15:00,1720023300000,198.055,198.06,197.54,197.74,1471592.0,197.7856
2024-07-03 11:30:00,1720024200000,197.74,197.74,196.94,197.5101,1745177.0,197.3366
2024-07-03 11:45:00,1720025100000,197.515,197.63,197.17,197.58,2780383.0,197.4758
2024-07-03 12:00:00,1720026000000,197.59,197.59,197.558,197.558,2612996.0,197.59
2024-07-03 15:00:00,1720036800000,197.55,197.55,197.4418,197.4802,17135.0,197.5276
2024-07-03 15:15:00,1720037700000,197.54,197.56,197.45,197.56,11713.0,197.5144
2024-07-03 15:30:00,1720038600000,197.56,197.59,197.55,197.59,5112.0,197.58
2024-07-03 15:45:00,1720039500000,197.5172,197.59,197.5172,197.55,7659.0,197.5617
2024-07-05 03:00:00,1720166400000,198.0,198.2,197.65,198.2,12465.0,198.0541
2024-07-05 03:15:00,1720167300000,198.14,198.2,198.13,198.18,4773.0,198.175
2024-07-05 03:30:00,1720168200000,198.13,198.15,198.01,198.01,3627.0,198.0945
2024-07-05 03:45:00,1720169100000,198.01,198.01,197.9,198.0,4274.0,197.9685
2024-07-05 04:00:00,1720170000000,198.0,198.0,197.95,197.99,1802.0,197.9696
2024-07-05 04:15:00,1720170900000,198.0,198.1,198.0,198.1,1923.0,198.0426
2024-07-05 04:30:00,1720171800000,198.08,198.08,198.08,198.08,152.0,198.0868
2024-07-05 04:45:00,1720172700000,198.1,198.1,198.02,198.03,4557.0,198.0624
2024-07-05 05:00:00,1720173600000,198.12,198.12,198.0,198.0,4295.0,198.0302
2024-07-05 05:15:00,1720174500000,198.1,198.2,198.1,198.15,2709.0,198.1608
2024-07-05 05:30:00,1720175400000,198.27,198.28,198.27,198.28,1022.0,198.2612
2024-07-05 05:45:00,1720176300000,198.29,198.33,198.27,198.28,4039.0,198.309
2024-07-05 06:00:00,1720177200000,198.24,198.34,198.11,198.25,22186.0,198.2058
2024-07-05 06:15:00,1720178100000,198.26,198.35,198.26,198.35,4589.0,198.325
2024-07-05 06:30:00,1720179000000,198.38,198.5,198.33,198.42,19086.0,198.4108
2024-07-05 06:45:00,1720179900000,198.46,198.55,198.4,198.4,15618.0,198.4954
2024-07-05 07:00:00,1720180800000,198.14,198.5895,197.25,198.25,128936.0,198.2112
2024-07-05 07:15:00,1720181700000,198.35,198.35,198.15,198.18,28440.0,198.2349
2024-07-05 07:30:00,1720182600000,198.3,198.5869,197.77,198.3,111013.0,198.1881
2024-07-05 07:45:00,1720183500000,198.4,198.4,198.02,198.0991,40157.0,198.2078
2024-07-05 08:00:00,1720184400000,198.1,198.15,197.9,198.05,24829.0,198.005
2024-07-05 08:15:00,1720185300000,198.05,198.79,197.91,198.7,77159.0,198.2228
2024-07-05 08:30:00,1720186200000,198.65,200.32,198.17,200.23,4694458.0,199.511
2024-07-05 08:45:00,1720187100000,200.24,200.55,199.62,200.21,2552177.0,200.0689
2024-07-05 09:00:00,1720188000000,200.21,200.28,198.82,199.21,1806494.0,199.5564
2024-07-05 09:15:00,1720188900000,199.22,200.13,199.184,199.93,1733570.0,199.8445
2024-07-05 09:30:00,1720189800000,199.9346,200.09,199.4103,200.015,1077005.0,199.8396
2024-07-05 09:45:00,1720190700000,200.02,200.2,199.58,199.8,984978.0,199.9439
2024-07-05 10:00:00,1720191600000,199.82,200.03,199.4,199.685,987399.0,199.7007
2024-07-05 10:15:00,1720192500000,199.69,199.8,199.26,199.776,792886.0,199.5164
2024-07-05 10:30:00,1720193400000,199.775,200.1024,199.77,200.09,850375.0,199.9913
2024-07-05 10:45:00,1720194300000,200.1,200.4,199.98,200.3004,1065302.0,200.2375
2024-07-05 11:00:00,1720195200000,200.315,200.43,199.85,199.955,1027568.0,200.1728
2024-07-05 11:15:00,1720196100000,199.96,200.175,199.82,200.15,1170324.0,199.9847
2024-07-05 11:30:00,1720197000000,200.15,200.18,199.66,199.66,690438.0,199.934
2024-07-05 11:45:00,1720197900000,199.66,199.93,199.57,199.925,530456.0,199.771
2024-07-05 12:00:00,1720198800000,199.93,200.06,199.7761,200.0,834413.0,199.9501
2024-07-05 12:15:00,1720199700000,200.01,200.05,199.9013,199.95,594333.0,199.9924
2024-07-05 12:30:00,1720200600000,199.96,200.12,199.86,200.12,738415.0,200.0203
2024-07-05 12:45:00,1720201500000,200.12,200.12,199.7742,199.815,604331.0,199.9914
2024-07-05 13:00:00,1720202400000,199.82,199.88,199.34,199.81,728950.0,199.6248
2024-07-05 13:15:00,1720203300000,199.83,200.06,199.78,199.9463,690897.0,199.9763
2024-07-05 13:30:00,1720204200000,199.9401,200.015,199.88,199.985,447560.0,199.9552
2024-07-05 13:45:00,1720205100000,199.985,200.1,199.97,200.005,609586.0,200.0202
2024-07-05 14:00:00,1720206000000,200.0,200.09,199.93,200.0,639419.0,200.0118
2024-07-05 14:15:00,1720206900000,200.0,200.1588,199.89,199.9,789710.0,200.0245
2024-07-05 14:30:00,1720207800000,199.91,200.095,199.77,200.055,947027.0,199.9666
2024-07-05 14:45:00,1720208700000,200.06,200.1,199.88,199.99,2571254.0,199.9883
2024-07-05 15:00:00,1720209600000,200.0,200.05,199.91,199.95,820722.0,199.9976
2024-07-05 15:15:00,1720210500000,199.98,200.0,199.9602,199.99,47065.0,199.9891
2024-07-05 15:30:00,1720211400000,199.99,200.0,199.99,199.99,16978.0,199.9976
2024-07-05 15:45:00,1720212300000,199.99,200.0,199.95,199.95,12705.0,199.8733
2024-07-05 16:00:00,1720213200000,199.99,200.0,199.98,199.9999,6380.0,200.1517
2024-07-05 16:15:00,1720214100000,199.99,200.0,199.95,199.95,12747.0,199.9783
2024-07-05 16:30:00,1720215000000,199.97,199.99,199.94,199.94,4458.0,199.9519
2024-07-05 16:45:00,1720215900000,199.9417,199.95,199.81,199.81,7613.0,199.8988
2024-07-05 17:00:00,1720216800000,199.85,199.9499,199.85,199.91,1958.0,199.901
2024-07-05 17:15:00,1720217700000,199.92,199.99,199.9,199.96,8922.0,199.9438
2024-07-05 17:30:00,1720218600000,199.97,199.97,199.97,199.97,137.0,199.9707
2024-07-05 17:45:00,1720219500000,199.96,199.99,199.95,199.9519,6381.0,199.9559
2024-07-05 18:00:00,1720220400000,199.9502,199.99,199.95,199.95,2031.0,199.9482
2024-07-05 18:15:00,1720221300000,199.95,199.95,199.87,199.88,16955.0,199.9122
2024-07-05 18:30:00,1720222200000,199.89,199.9,199.8,199.9,7138.0,199.8541
2024-07-05 18:45:00,1720223100000,199.9,199.95,199.9,199.9001,4021.0,199.9234
2024-07-08 03:00:00,1720425600000,200.07,200.24,199.95,200.09,6553.0,200.1157
2024-07-08 03:15:00,1720426500000,200.09,200.15,200.09,200.15,1519.0,200.0935
2024-07-08 03:30:00,1720427400000,200.21,200.27,200.21,200.27,626.0,200.2235
2024-07-08 03:45:00,1720428300000,200.18,200.21,200.18,200.21,2299.0,200.1686
2024-07-08 04:00:00,1720429200000,200.22,200.22,200.22,200.22,643.0,200.2203
2024-07-08 04:15:00,1720430100000,200.28,200.4,200.28,200.4,1559.0,200.3581
2024-07-08 04:30:00,1720431000000,200.4,200.5,200.33,200.33,2873.0,200.4484
2024-07-08 04:45:00,1720431900000,200.3,200.3,200.0,200.0,8369.0,200.0742
2024-07-08 05:00:00,1720432800000,200.0,200.15,200.0,200.15,6058.0,200.0344
2024-07-08 05:15:00,1720433700000,200.1,200.1,200.1,200.1,101.0,200.0997
2024-07-08 05:30:00,1720434600000,200.1,200.1,200.1,200.1,248.0,200.0799
2024-07-08 05:45:00,1720435500000,200.01,200.01,199.96,199.96,4624.0,199.9997
2024-07-08 06:00:00,1720436400000,200.01,200.01,199.93,199.95,13137.0,199.9827
2024-07-08 06:15:00,1720437300000,199.9,200.18,199.9,200.01,27008.0,199.9934
2024-07-08 06:30:00,1720438200000,199.91,200.0,199.74,199.8,11981.0,199.8285
2024-07-08 06:45:00,1720439100000,199.87,200.11,199.86,200.1,20370.0,199.9983
2024-07-08 07:00:00,1720440000000,200.0,200.43,199.5,200.2,76229.0,200.0468
2024-07-08 07:15:00,1720440900000,200.0,200.25,200.0,200.11,34895.0,200.1631
2024-07-08 07:30:00,1720441800000,200.12,200.15,199.43,199.53,41112.0,199.7886
2024-07-08 07:45:00,1720442700000,199.73,199.8,199.47,199.6,35472.0,199.6092
2024-07-08 08:00:00,1720443600000,199.5304,199.78,199.53,199.75,30826.0,199.6852
2024-07-08 08:15:00,1720444500000,199.83,200.2,199.52,199.96,89355.0,199.9397
2024-07-08 08:30:00,1720445400000,200.04,200.14,198.95,199.82,3358348.0,199.7218
2024-07-08 08:45:00,1720446300000,199.82,201.2,199.705,199.985,4142260.0,200.5003
2024-07-08 09:00:00,1720447200000,199.97,200.33,199.33,200.31,1521625.0,199.8592
2024-07-08 09:15:00,1720448100000,200.305,200.54,199.73,199.9651,1314197.0,200.0984
2024-07-08 09:30:00,1720449000000,199.97,200.05,199.34,199.7068,951393.0,199.7997
2024-07-08 09:45:00,1720449900000,199.7,199.8299,199.37,199.77,734734.0,199.5684
2024-07-08 10:00:00,1720450800000,199.76,199.79,199.4,199.665,688457.0,199.5764
2024-07-08 10:15:00,1720451700000,199.68,200.01,199.51,199.98,930503.0,199.8065
2024-07-08 10:30:00,1720452600000,199.99,200.02,199.82,199.96,735987.0,199.94
2024-07-08 10:45:00,1720453500000,199.95,200.0,199.68,199.9115,631447.0,199.8633
2024-07-08 11:00:00,1720454400000,199.935,199.94,199.33,199.69,811950.0,199.5706
2024-07-08 11:15:00,1720455300000,199.69,199.7,198.485,198.889,1244173.0,198.9654
2024-07-08 11:30:00,1720456200000,198.88,198.89,198.43,198.5,888937.0,198.5974
2024-07-08 11:45:00,1720457100000,198.4931,198.97,198.32,198.9299,777251.0,198.5927
2024-07-08 12:00:00,1720458000000,198.9331,199.12,198.7,198.93,630458.0,198.9203
2024-07-08 12:15:00,1720458900000,198.94,199.07,198.68,199.035,401610.0,198.8586
2024-07-08 12:30:00,1720459800000,199.037,199.07,198.6,198.765,542619.0,198.7998
2024-07-08 12:45:00,1720460700000,198.7501,198.89,198.54,198.73,530268.0,198.7
2024-07-08 13:00:00,1720461600000,198.73,198.73,198.14,198.33,1030573.0,198.4526
2024-07-08 13:15:00,1720462500000,198.3208,198.36,197.96,198.3387,902809.0,198.0988
2024-07-08 13:30:00,1720463400000,198.34,198.685,198.34,198.585,691026.0,198.5107
2024-07-08 13:45:00,1720464300000,198.585,198.96,198.5,198.835,683779.0,198.7633
2024-07-08 14:00:00,1720465200000,198.83,199.01,198.712,198.9,673787.0,198.8672
2024-07-08 14:15:00,1720466100000,198.895,199.02,198.71,198.75,683631.0,198.8618
2024-07-08 14:30:00,1720467000000,198.75,199.0699,198.66,199.065,758904.0,198.8699
2024-07-08 14:45:00,1720467900000,199.06,199.35,198.835,199.29,2203370.0,199.1512
2024-07-08 15:00:00,1720468800000,199.29,199.45,198.83,199.35,686057.0,199.2875
2024-07-08 15:15:00,1720469700000,199.36,199.46,199.32,199.39,25758.0,199.3926
2024-07-08 15:30:00,1720470600000,199.37,199.39,199.31,199.32,10313.0,199.343
2024-07-08 15:45:00,1720471500000,199.32,199.36,199.29,199.29,8392.0,199.3251
2024-07-08 16:00:00,1720472400000,199.29,199.29,199.17,199.25,5241.0,199.2299
2024-07-08 16:15:00,1720473300000,199.26,199.28,199.1616,199.1616,4081.0,199.2243
2024-07-08 16:30:00,1720474200000,199.16,199.21,199.16,199.2,3986.0,199.1986
2024-07-08 16:45:00,1720475100000,199.21,199.3,199.2,199.3,503270.0,199.2898
2024-07-08 17:00:00,1720476000000,199.23,199.38,199.22,199.38,3719.0,199.2805
2024-07-08 17:15:00,1720476900000,199.31,199.46,199.31,199.39,8337.0,199.3891
2024-07-08 17:30:00,1720477800000,199.38,199.39,199.3316,199.35,1986.0,199.3726
2024-07-08 17:45:00,1720478700000,199.39,199.39,199.39,199.39,370.0,199.3563
2024-07-08 18:00:00,1720479600000,199.35,199.5,199.35,199.5,12807.0,199.441
2024-07-08 18:15:00,1720480500000,199.49,199.6,199.49,199.6,5272.0,199.5444
2024-07-08 18:30:00,1720481400000,199.63,199.7,199.55,199.59,7748.0,199.6391
2024-07-08 18:45:00,1720482300000,199.59,199.75,199.45,199.62,37633.0,199.5434
2024-07-09 03:00:00,1720512000000,199.62,199.62,199.62,199.62,856.0,199.6532
2024-07-09 03:15:00,1720512900000,199.7,199.78,199.66,199.66,4412.0,199.7483
2024-07-09 03:45:00,1720514700000,199.74,199.77,199.74,199.77,558.0,199.7536
2024-07-09 04:15:00,1720516500000,199.69,199.78,199.69,199.77,3802.0,199.7468
2024-07-09 04:30:00,1720517400000,199.79,199.8,199.79,199.8,1633.0,199.7978
2024-07-09 05:00:00,1720519200000,199.8,199.8,199.8,199.8,2071.0,199.7968
2024-07-09 05:15:00,1720520100000,199.67,199.7,199.67,199.7,2576.0,199.6948
2024-07-09 05:30:00,1720521000000,199.76,199.87,199.7,199.87,3123.0,199.7937
2024-07-09 05:45:00,1720521900000,199.8,199.8,199.75,199.75,2090.0,199.7615
2024-07-09 06:00:00,1720522800000,199.79,199.85,199.68,199.77,17010.0,199.7841
2024-07-09 06:15:00,1720523700000,199.69,199.75,199.66,199.66,7272.0,199.7077
2024-07-09 06:30:00,1720524600000,199.7,199.7,199.7,199.7,767.0,199.6943
2024-07-09 06:45:00,1720525500000,199.73,199.75,199.73,199.75,3055.0,199.7398
2024-07-09 07:00:00,1720526400000,199.86,200.0,199.6,199.68,57409.0,199.7031
2024-07-09 07:15:00,1720527300000,199.67,199.67,199.35,199.4692,13792.0,199.534
2024-07-09 07:30:00,1720528200000,199.47,199.5798,199.39,199.5,19353.0,199.4822
2024-07-09 07:45:00,1720529100000,199.52,199.61,199.46,199.61,17696.0,199.5315
2024-07-09 08:00:00,1720530000000,199.65,199.88,199.62,199.8,33184.0,199.7967
2024-07-09 08:15:00,1720530900000,199.8,199.9293,199.32,199.36,62253.0,199.6424
2024-07-09 08:30:00,1720531800000,199.4,200.2,199.3,199.6962,2643850.0,199.7564
2024-07-09 08:45:00,1720532700000,199.7,200.08,199.26,200.065,1487215.0,199.7366
2024-07-09 09:00:00,1720533600000,200.065,200.43,199.82,200.15,1986189.0,200.097
2024-07-09 09:15:00,1720534500000,200.16,200.1688,199.515,199.92,1451603.0,199.932
2024-07-09 09:30:00,1720535400000,199.9,200.22,199.69,199.99,985233.0,199.9839
2024-07-09 09:45:00,1720536300000,199.98,200.17,199.5799,199.63,1001479.0,199.8752
2024-07-09 10:00:00,1720537200000,199.625,200.0291,199.4806,199.99,836471.0,199.8292
2024-07-09 10:15:00,1720538100000,200.0,200.04,199.8,199.99,724642.0,199.957
2024-07-09 10:30:00,1720539000000,200.0044,200.23,199.95,199.995,1069591.0,200.0684
2024-07-09 10:45:00,1720539900000,200.0,200.225,199.75,199.98,751448.0,199.9641
2024-07-09 11:00:00,1720540800000,199.98,200.01,199.785,199.87,647546.0,199.9231
2024-07-09 11:15:00,1720541700000,199.87,199.97,199.6907,199.83,481543.0,199.8465
2024-07-09 11:30:00,1720542600000,199.83,199.91,199.64,199.88,509745.0,199.8038
2024-07-09 11:45:00,1720543500000,199.87,199.92,199.6139,199.83,562971.0,199.7914
2024-07-09 12:00:00,1720544400000,199.82,200.015,199.71,199.9974,558876.0,199.9328
2024-07-09 12:15:00,1720545300000,199.99,200.01,199.045,199.495,944958.0,199.5105
2024-07-09 12:30:00,1720546200000,199.495,199.96,199.48,199.91,530674.0,199.7139
2024-07-09 12:45:00,1720547100000,199.905,200.08,199.8,200.06,677141.0,199.968
2024-07-09 13:00:00,1720548000000,200.06,200.06,199.86,199.95,437486.0,199.9701
2024-07-09 13:15:00,1720548900000,199.945,200.3699,199.945,200.07,1289919.0,200.1497
2024-07-09 13:30:00,1720549800000,200.09,200.2949,199.93,200.2825,614745.0,200.0957
2024-07-09 13:45:00,1720550700000,200.2801,200.57,200.03,200.28,1366827.0,200.3566
2024-07-09 14:00:00,1720551600000,200.275,200.38,200.05,200.145,682387.0,200.2029
2024-07-09 14:15:00,1720552500000,200.15,200.16,199.86,199.945,714769.0,200.0012
2024-07-09 14:30:00,1720553400000,199.94,199.95,199.72,199.825,651064.0,199.8361
2024-07-09 14:45:00,1720554300000,199.83,199.93,199.28,199.36,2307453.0,199.5148
2024-07-09 15:00:00,1720555200000,199.34,199.7262,199.3,199.53,689103.0,199.4165
2024-07-09 15:15:00,1720556100000,199.56,199.78,199.11,199.4,74009.0,199.49
2024-07-09 15:30:00,1720557000000,199.4,199.69,199.36,199.6134,36926.0,199.5953
2024-07-09 15:45:00,1720557900000,199.62,199.6489,199.34,199.44,70846.0,199.4098
2024-07-09 16:00:00,1720558800000,199.41,199.57,199.34,199.54,51608.0,199.3675
2024-07-09 16:15:00,1720559700000,199.5,199.72,199.5,199.72,14107.0,199.6101
2024-07-09 16:30:00,1720560600000,199.68,199.7,199.55,199.64,508155.0,199.3434
2024-07-09 16:45:00,1720561500000,199.62,199.65,199.34,199.65,3132.0,199.5771
2024-07-09 17:00:00,1720562400000,199.64,199.7,199.51,199.679,7271.0,199.6548
2024-07-09 17:15:00,1720563300000,199.68,199.68,199.57,199.66,12983.0,199.6459
2024-07-09 17:30:00,1720564200000,199.6001,199.7,199.6001,199.63,7166.0,199.6346
2024-07-09 17:45:00,1720565100000,199.67,199.7,199.62,199.7,5840.0,199.6607
2024-07-09 18:00:00,1720566000000,199.67,199.6892,199.65,199.67,7601.0,199.669
2024-07-09 18:15:00,1720566900000,199.69,199.69,199.53,199.54,4803.0,199.5798
2024-07-09 18:30:00,1720567800000,199.6466,199.65,199.5,199.5035,3650.0,199.5825
2024-07-09 18:45:00,1720568700000,199.55,199.64,199.46,199.46,9376.0,199.5133
2024-07-10 03:00:00,1720598400000,199.69,199.89,199.55,199.89,7066.0,199.7218
2024-07-10 03:15:00,1720599300000,199.86,199.89,199.86,199.89,1890.0,199.8839
2024-07-10 03:30:00,1720600200000,199.95,199.95,199.89,199.89,3580.0,199.9177
2024-07-10 03:45:00,1720601100000,199.9,199.96,199.9,199.96,1478.0,199.9163
2024-07-10 04:00:00,1720602000000,199.9,199.96,199.9,199.96,1008.0,199.941
2024-07-10 04:15:00,1720602900000,199.96,200.01,199.95,199.99,5754.0,199.9824
2024-07-10 04:30:00,1720603800000,199.98,200.05,199.98,200.05,4449.0,200.0005
2024-07-10 04:45:00,1720604700000,200.08,200.11,200.08,200.11,1017.0,200.0915
2024-07-10 05:00:00,1720605600000,200.12,200.2,200.11,200.2,4124.0,200.1687
2024-07-10 05:15:00,1720606500000,200.09,200.13,200.09,200.1,1771.0,200.1182
2024-07-10 05:45:00,1720608300000,200.14,200.3,200.14,200.16,11677.0,200.2163
2024-07-10 06:00:00,1720609200000,200.0,200.04,199.9,199.9,6608.0,200.0034
2024-07-10 06:15:00,1720610100000,199.9,199.95,199.86,199.9,5751.0,199.9083
2024-07-10 06:30:00,1720611000000,199.9,200.09,199.88,200.065,9110.0,199.9718
2024-07-10 06:45:00,1720611900000,200.09,200.17,199.95,199.95,6317.0,200.0677
2024-07-10 07:00:00,1720612800000,199.86,200.21,198.842,200.04,81309.0,199.9658
2024-07-10 07:15:00,1720613700000,200.0395,200.0498,199.871,200.0498,20771.0,199.9964
2024-07-10 07:30:00,1720614600000,199.9235,200.13,199.9057,200.13,19267.0,200.0283
2024-07-10 07:45:00,1720615500000,200.13,200.168,199.8,200.15,25458.0,199.9961
2024-07-10 08:00:00,1720616400000,200.1684,200.1684,199.59,199.84,63032.0,199.8538
2024-07-10 08:15:00,1720617300000,199.9,200.05,199.7005,199.92,61794.0,199.8965
2024-07-10 08:30:00,1720618200000,199.995,200.11,199.54,199.83,2308021.0,199.9008
2024-07-10 08:45:00,1720619100000,199.82,200.09,199.46,199.98,1539365.0,199.8178
2024-07-10 09:00:00,1720620000000,199.96,200.01,199.72,199.805,946237.0,199.892
2024-07-10 09:15:00,1720620900000,199.805,199.93,198.78,198.9,1810223.0,199.2394
2024-07-10 09:30:00,1720621800000,198.91,199.02,198.05,198.13,1818486.0,198.5079
2024-07-10 09:45:00,1720622700000,198.1299,198.475,197.69,198.285,1701080.0,198.0016
2024-07-10 10:00:00,1720623600000,198.285,198.3,197.69,198.08,1157723.0,197.929
2024-07-10 10:15:00,1720624500000,198.0768,198.49,197.85,198.475,831120.0,198.1474
2024-07-10 10:30:00,1720625400000,198.48,198.8499,198.35,198.7199,1144558.0,198.6342
2024-07-10 10:45:00,1720626300000,198.71,198.71,198.275,198.43,664691.0,198.4538
2024-07-10 11:00:00,1720627200000,198.42,198.43,197.91,197.93,687207.0,198.1012
2024-07-10 11:15:00,1720628100000,197.93,198.61,197.93,198.57,713553.0,198.2991
2024-07-10 11:30:00,1720629000000,198.57,198.775,198.42,198.77,633940.0,198.5906
2024-07-10 11:45:00,1720629900000,198.77,199.13,198.745,199.08,912829.0,198.9883
2024-07-10 12:00:00,1720630800000,199.08,199.64,198.96,199.6394,910462.0,199.3649
2024-07-10 12:15:00,1720631700000,199.63,199.67,199.24,199.3331,581649.0,199.4023
2024-07-10 12:30:00,1720632600000,199.33,199.43,199.07,199.37,521788.0,199.2662
2024-07-10 12:45:00,1720633500000,199.3573,199.59,199.3573,199.586,462503.0,199.4952
2024-07-10 13:00:00,1720634400000,199.59,199.64,199.35,199.575,430727.0,199.5124
2024-07-10 13:15:00,1720635300000,199.58,199.61,199.435,199.465,385384.0,199.5238
2024-07-10 13:30:00,1720636200000,199.47,199.99,199.44,199.9,836633.0,199.7348
2024-07-10 13:45:00,1720637100000,199.905,200.03,199.56,199.5691,1470206.0,199.8683
2024-07-10 14:00:00,1720638000000,199.56,199.62,199.37,199.585,623651.0,199.5096
2024-07-10 14:15:00,1720638900000,199.58,199.7,199.36,199.555,573595.0,199.5155
2024-07-10 14:30:00,1720639800000,199.56,199.84,199.49,199.82,684581.0,199.6907
2024-07-10 14:45:00,1720640700000,199.82,200.0,199.7,199.74,2413506.0,199.8607
2024-07-10 15:00:00,1720641600000,199.75,199.8,199.59,199.65,766801.0,199.7666
2024-07-10 15:15:00,1720642500000,199.6118,199.95,199.61,199.88,30654.0,199.7854
2024-07-10 15:30:00,1720643400000,199.76,199.8995,199.76,199.8557,8010.0,199.8251
2024-07-10 15:45:00,1720644300000,199.78,199.79,199.59,199.69,44296.0,199.7103
2024-07-10 16:00:00,1720645200000,199.69,199.79,199.69,199.7,132313.0,199.7882
2024-07-10 16:15:00,1720646100000,199.7,199.78,199.7,199.72,6749.0,199.7837
2024-07-10 16:30:00,1720647000000,199.7363,199.7499,199.67,199.71,10917.0,199.7048
2024-07-10 16:45:00,1720647900000,199.68,199.79,199.68,199.79,13977.0,199.7845
2024-07-10 17:00:00,1720648800000,199.7507,199.77,199.74,199.77,8462.0,199.7511
2024-07-10 17:15:00,1720649700000,199.7958,199.7958,199.69,199.7,2587.0,199.7481
2024-07-10 17:30:00,1720650600000,199.6908,199.7,199.65,199.65,9027.0,199.684
2024-07-10 17:45:00,1720651500000,199.61,199.68,199.5038,199.68,11102.0,199.5899
2024-07-10 18:00:00,1720652400000,199.65,199.68,199.62,199.6201,2265.0,199.6466
2024-07-10 18:15:00,1720653300000,199.65,199.7,199.65,199.65,2312.0,199.6628
2024-07-10 18:30:00,1720654200000,199.68,199.7,199.51,199.5207,13765.0,199.5952
2024-07-10 18:45:00,1720655100000,199.6,199.6,199.5,199.54,7606.0,199.5287
2024-07-11 03:00:00,1720684800000,199.79,199.8,199.61,199.61,4607.0,199.7387
2024-07-11 03:30:00,1720686600000,199.75,199.99,199.75,199.98,11038.0,199.8934
2024-07-11 04:00:00,1720688400000,199.97,199.97,199.97,199.97,884.0,199.9657
2024-07-11 04:15:00,1720689300000,199.95,199.97,199.88,199.88,4118.0,199.923
2024-07-11 04:30:00,1720690200000,199.83,199.84,199.83,199.84,739.0,199.8329
2024-07-11 04:45:00,1720691100000,199.89,199.89,199.84,199.84,836.0,199.8572
2024-07-11 05:15:00,1720692900000,199.82,199.82,199.82,199.82,271.0,199.8204
2024-07-11 05:30:00,1720693800000,199.84,199.92,199.84,199.92,5392.0,199.8975
2024-07-11 05:45:00,1720694700000,199.95,199.95,199.92,199.92,571.0,199.9348
2024-07-11 06:00:00,1720695600000,199.92,199.97,199.68,199.69,27404.0,199.8925
2024-07-11 06:15:00,1720696500000,199.77,199.82,199.77,199.82,1412.0,199.7887
2024-07-11 06:30:00,1720697400000,199.82,199.85,199.82,199.85,3195.0,199.8466
2024-07-11 06:45:00,1720698300000,199.88,200.05,199.88,200.05,9931.0,199.9864
2024-07-11 07:00:00,1720699200000,199.91,200.15,199.52,200.04,89581.0,199.9098
2024-07-11 07:15:00,1720700100000,199.94,199.96,199.75,199.75,36337.0,199.8473
2024-07-11 07:30:00,1720701000000,200.2,201.5,199.83,200.37,274548.0,200.6981
2024-07-11 07:45:00,1720701900000,200.4499,200.45,199.5,200.0375,195862.0,199.9565
2024-07-11 08:00:00,1720702800000,200.0399,200.2662,199.66,199.8609,144280.0,199.919
2024-07-11 08:15:00,1720703700000,199.8617,200.35,199.23,199.92,156201.0,199.868
2024-07-11 08:30:00,1720704600000,200.09,200.2699,199.37,199.56,3181841.0,199.9315
2024-07-11 08:45:00,1720705500000,199.56,200.0,198.69,198.935,2066062.0,199.3331
2024-07-11 09:00:00,1720706400000,198.935,199.42,197.75,197.803,1814124.0,198.612
2024-07-11 09:15:00,1720707300000,197.8,197.96,196.075,196.96,2939757.0,196.7722
2024-07-11 09:30:00,1720708200000,196.96,197.39,196.43,196.81,1487989.0,196.9319
2024-07-11 09:45:00,1720709100000,196.85,196.98,196.17,196.22,1054259.0,196.4902
2024-07-11 10:00:00,1720710000000,196.22,196.245,195.39,195.855,1706272.0,195.6797
2024-07-11 10:15:00,1720710900000,195.855,195.905,193.84,193.95,2034304.0,194.6633
2024-07-11 10:30:00,1720711800000,193.95,194.73,193.92,194.37,1535741.0,194.3162
2024-07-11 10:45:00,1720712700000,194.35,194.9,194.26,194.69,924776.0,194.6199
2024-07-11 11:00:00,1720713600000,194.69,195.06,194.0,194.85,1144257.0,194.5939
2024-07-11 11:15:00,1720714500000,194.85,194.92,193.98,194.91,936468.0,194.4293
2024-07-11 11:30:00,1720715400000,194.91,195.18,194.82,194.9001,835411.0,195.0214
2024-07-11 11:45:00,1720716300000,194.91,194.921,194.16,194.1617,727199.0,194.4295
2024-07-11 12:00:00,1720717200000,194.16,194.5545,193.94,194.515,800998.0,194.2095
2024-07-11 12:15:00,1720718100000,194.5,194.865,194.45,194.86,597402.0,194.6943
2024-07-11 12:30:00,1720719000000,194.85,194.85,194.29,194.3,608012.0,194.5777
2024-07-11 12:45:00,1720719900000,194.3,194.3299,192.93,193.12,1359392.0,193.4571
2024-07-11 13:00:00,1720720800000,193.14,193.385,192.86,193.3617,1221371.0,193.0928
2024-07-11 13:15:00,1720721700000,193.37,194.11,193.35,193.58,808051.0,193.756
2024-07-11 13:30:00,1720722600000,193.58,194.27,193.5402,194.155,775389.0,193.9913
2024-07-11 13:45:00,1720723500000,194.16,194.33,193.86,194.16,865772.0,194.158
2024-07-11 14:00:00,1720724400000,194.17,194.35,194.09,194.154,1005293.0,194.2057
2024-07-11 14:15:00,1720725300000,194.16,194.35,193.95,194.02,853214.0,194.1279
2024-07-11 14:30:00,1720726200000,194.01,194.875,193.97,194.4053,1034284.0,194.4381
2024-07-11 14:45:00,1720727100000,194.41,195.21,194.36,195.06,3249270.0,194.9687
2024-07-11 15:00:00,1720728000000,195.05,195.6108,195.04,195.21,804513.0,195.1424
2024-07-11 15:15:00,1720728900000,195.22,195.9874,195.22,195.26,33435.0,195.4458
2024-07-11 15:30:00,1720729800000,195.29,195.5,195.25,195.26,24525.0,195.3911
2024-07-11 15:45:00,1720730700000,195.2998,195.3,195.05,195.1716,25744.0,195.1845
2024-07-11 16:00:00,1720731600000,195.2,195.2666,195.05,195.11,142466.0,195.0628
2024-07-11 16:15:00,1720732500000,195.1002,195.25,195.05,195.2,24082.0,195.1223
2024-07-11 16:30:00,1720733400000,195.23,195.24,195.1,195.14,516635.0,195.0531
2024-07-11 16:45:00,1720734300000,195.19,195.28,195.12,195.186,10840.0,195.1959
2024-07-11 17:00:00,1720735200000,195.26,195.4588,195.13,195.15,22326.0,195.2874
2024-07-11 17:15:00,1720736100000,195.1507,195.28,195.1136,195.2,7230.0,195.2041
2024-07-11 17:30:00,1720737000000,195.15,195.6,195.15,195.2131,14111.0,195.3971
2024-07-11 17:45:00,1720737900000,195.45,195.45,195.34,195.36,3876.0,195.3911
2024-07-11 18:00:00,1720738800000,195.38,195.44,195.26,195.28,9456.0,195.3682
2024-07-11 18:15:00,1720739700000,195.3,195.45,195.2944,195.2944,5204.0,195.3496
2024-07-11 18:30:00,1720740600000,195.35,195.39,195.21,195.33,5279.0,195.309
2024-07-11 18:45:00,1720741500000,195.28,195.28,195.1,195.1,23470.0,195.1537
2024-07-12 03:00:00,1720771200000,195.0,195.2,195.0,195.16,4207.0,195.1468
2024-07-12 03:15:00,1720772100000,195.14,195.25,195.07,195.19,7122.0,195.1721
2024-07-12 03:30:00,1720773000000,195.3,195.3,195.3,195.3,3320.0,195.3035
2024-07-12 03:45:00,1720773900000,195.25,195.3,195.23,195.3,2746.0,195.2726
2024-07-12 04:00:00,1720774800000,195.31,195.52,195.31,195.38,5778.0,195.3785
2024-07-12 04:15:00,1720775700000,195.51,195.51,195.38,195.4,7049.0,195.4236
2024-07-12 04:30:00,1720776600000,195.38,195.63,195.38,195.63,1901.0,195.5077
2024-07-12 04:45:00,1720777500000,195.63,195.63,195.56,195.56,1691.0,195.5745
2024-07-12 05:00:00,1720778400000,195.66,195.66,195.57,195.66,3366.0,195.6278
2024-07-12 05:15:00,1720779300000,195.67,195.7,195.6,195.6,2873.0,195.6584
2024-07-12 05:30:00,1720780200000,195.6,195.65,195.5,195.55,2523.0,195.5676
2024-07-12 05:45:00,1720781100000,195.4,195.4,195.4,195.4,264.0,195.408
2024-07-12 06:00:00,1720782000000,195.42,195.5,195.1,195.21,27119.0,195.3413
2024-07-12 06:15:00,1720782900000,195.24,195.31,195.11,195.12,15464.0,195.205
2024-07-12 06:30:00,1720783800000,195.06,195.17,194.85,194.87,19290.0,195.0201
2024-07-12 06:45:00,1720784700000,194.85,194.87,194.76,194.87,14774.0,194.8273
2024-07-12 07:00:00,1720785600000,195.44,195.5,194.51,194.75,91224.0,195.0051
2024-07-12 07:15:00,1720786500000,194.75,194.7501,194.5,194.66,13302.0,194.6137
2024-07-12 07:30:00,1720787400000,194.55,194.9999,193.9718,194.9,48714.0,194.6285
2024-07-12 07:45:00,1720788300000,194.86,195.0989,194.75,194.75,37352.0,194.9189
2024-07-12 08:00:00,1720789200000,194.91,195.05,194.74,194.9,24229.0,194.8526
2024-07-12 08:15:00,1720790100000,194.8992,194.9,194.31,194.63,65657.0,194.5819
2024-07-12 08:30:00,1720791000000,194.8,195.02,194.06,194.25,2318527.0,194.7062
2024-07-12 08:45:00,1720791900000,194.255,195.3,194.0,195.1799,1631115.0,194.6866
2024-07-12 09:00:00,1720792800000,195.18,195.52,194.6563,194.85,1290233.0,195.0791
2024-07-12 09:15:00,1720793700000,194.88,194.92,193.8301,194.11,1209070.0,194.2846
2024-07-12 09:30:00,1720794600000,194.12,195.58,194.01,195.549,1175189.0,194.8187
2024-07-12 09:45:00,1720795500000,195.5483,195.8,194.75,194.85,1154627.0,195.1846
2024-07-12 10:00:00,1720796400000,194.87,195.5,194.7001,195.29,931348.0,195.1181
2024-07-12 10:15:00,1720797300000,195.3,195.5199,195.06,195.4004,682948.0,195.2787
2024-07-12 10:30:00,1720798200000,195.4099,195.45,195.09,195.2,663722.0,195.2318
2024-07-12 10:45:00,1720799100000,195.18,195.315,194.46,194.46,861284.0,194.9182
2024-07-12 11:00:00,1720800000000,194.45,194.78,194.08,194.165,821974.0,194.4455
2024-07-12 11:15:00,1720800900000,194.1501,194.59,194.1297,194.5095,525853.0,194.4108
2024-07-12 11:30:00,1720801800000,194.5,194.8201,194.465,194.5336,459172.0,194.6022
2024-07-12 11:45:00,1720802700000,194.5305,194.9599,194.478,194.9599,424164.0,194.7315
2024-07-12 12:00:00,1720803600000,194.96,195.205,194.76,195.1577,537012.0,195.0152
2024-07-12 12:15:00,1720804500000,195.16,195.48,194.95,195.4141,561157.0,195.2161
2024-07-12 12:30:00,1720805400000,195.4,196.47,195.21,196.36,1181606.0,195.9644
2024-07-12 12:45:00,1720806300000,196.35,196.46,195.95,195.99,954967.0,196.2712
2024-07-12 13:00:00,1720807200000,195.986,196.25,195.8,196.0436,609225.0,196.0421
2024-07-12 13:15:00,1720808100000,196.03,196.0592,195.502,195.85,527661.0,195.7423
2024-07-12 13:30:00,1720809000000,195.86,195.88,195.595,195.68,709690.0,195.7481
2024-07-12 13:45:00,1720809900000,195.6893,195.788,195.615,195.7,372826.0,195.7148
2024-07-12 14:00:00,1720810800000,195.71,195.78,195.325,195.4901,588517.0,195.5882
2024-07-12 14:15:00,1720811700000,195.4953,195.92,195.474,195.885,685179.0,195.681
2024-07-12 14:30:00,1720812600000,195.88,195.96,194.68,194.85,1162848.0,195.2267
2024-07-12 14:45:00,1720813500000,194.86,195.05,194.0,194.5,2564342.0,194.3817
2024-07-12 15:00:00,1720814400000,194.49,194.49,193.65,194.31,833376.0,194.4917
2024-07-12 15:15:00,1720815300000,194.3,194.49,194.2303,194.38,28545.0,194.298
2024-07-12 15:30:00,1720816200000,194.38,194.42,194.36,194.41,17262.0,194.3845
2024-07-12 15:45:00,1720817100000,194.4492,194.4492,194.28,194.28,9483.0,194.3439
2024-07-12 16:00:00,1720818000000,194.49,194.49,194.24,194.32,12668.0,194.3671
2024-07-12 16:15:00,1720818900000,194.29,194.49,194.29,194.34,764501.0,194.4883
2024-07-12 16:30:00,1720819800000,194.34,194.4,194.33,194.35,8649.0,194.3657
2024-07-12 16:45:00,1720820700000,194.31,194.4,194.3035,194.3702,3852.0,194.3492
2024-07-12 17:00:00,1720821600000,194.39,194.4,194.37,194.38,1737.0,194.3897
2024-07-12 17:15:00,1720822500000,194.41,194.4573,194.4,194.45,9541.0,194.4335
2024-07-12 17:30:00,1720823400000,194.4392,194.45,194.4016,194.45,3598.0,194.4416
2024-07-12 17:45:00,1720824300000,194.44,194.455,194.41,194.45,6135.0,194.4288
2024-07-12 18:00:00,1720825200000,194.45,194.45,194.44,194.44,1194.0,194.4502
2024-07-12 18:15:00,1720826100000,194.4356,194.45,194.42,194.42,1808.0,194.4374
2024-07-12 18:30:00,1720827000000,194.4326,194.48,194.4326,194.46,5020.0,194.4632
2024-07-12 18:45:00,1720827900000,194.4501,194.5899,194.45,194.54,13408.0,194.5097
2024-07-15 03:00:00,1721030400000,194.95,195.41,194.95,195.22,12149.0,195.1766
2024-07-15 03:15:00,1721031300000,195.12,195.12,194.9,195.05,6408.0,195.0148
2024-07-15 03:30:00,1721032200000,195.05,195.14,195.0,195.13,9098.0,195.0689
2024-07-15 03:45:00,1721033100000,195.07,195.45,195.07,195.33,7635.0,195.2892
2024-07-15 04:00:00,1721034000000,195.31,195.33,195.0,195.0,7202.0,195.1835
2024-07-15 04:15:00,1721034900000,195.01,195.23,195.0,195.15,2565.0,195.1036
2024-07-15 04:30:00,1721035800000,195.2,195.2,195.13,195.13,1109.0,195.1607
2024-07-15 04:45:00,1721036700000,195.14,195.2,195.13,195.16,4251.0,195.1817
2024-07-15 05:00:00,1721037600000,195.0,195.23,195.0,195.11,2964.0,195.1165
2024-07-15 05:15:00,1721038500000,195.2,195.26,195.2,195.26,2093.0,195.242
2024-07-15 05:30:00,1721039400000,195.15,195.35,195.0,195.19,14792.0,195.1155
2024-07-15 05:45:00,1721040300000,195.03,195.08,195.0,195.01,3190.0,195.0222
2024-07-15 06:00:00,1721041200000,195.06,195.14,194.54,195.0,26187.0,194.9495
2024-07-15 06:15:00,1721042100000,195.05,195.19,195.05,195.18,6191.0,195.118
2024-07-15 06:30:00,1721043000000,195.19,195.19,194.5,194.5,28791.0,194.7776
2024-07-15 06:45:00,1721043900000,194.74,194.86,193.99,194.0,43692.0,194.3717
2024-07-15 07:00:00,1721044800000,195.05,195.7,193.35,194.17,199035.0,194.2189
2024-07-15 07:15:00,1721045700000,194.06,194.2469,193.77,193.9,53965.0,194.007
2024-07-15 07:30:00,1721046600000,193.89,194.2,193.87,194.0,67178.0,194.0002
2024-07-15 07:45:00,1721047500000,193.9568,194.15,193.9,194.1,38670.0,194.0088
2024-07-15 08:00:00,1721048400000,194.1,194.32,194.07,194.25,57090.0,194.2035
2024-07-15 08:15:00,1721049300000,194.26,194.5867,194.26,194.56,55127.0,194.4125
2024-07-15 08:30:00,1721050200000,194.56,195.14,193.66,194.602,2781409.0,194.3082
2024-07-15 08:45:00,1721051100000,194.59,195.069,194.47,194.85,1133034.0,194.7778
2024-07-15 09:00:00,1721052000000,194.84,195.255,194.69,195.1001,1035468.0,195.0149
2024-07-15 09:15:00,1721052900000,195.13,195.6298,194.88,195.5427,1093533.0,195.3311
2024-07-15 09:30:00,1721053800000,195.55,196.19,195.465,195.86,1234485.0,195.8794
2024-07-15 09:45:00,1721054700000,195.85,195.86,195.065,195.19,998329.0,195.327
2024-07-15 10:00:00,1721055600000,195.2,195.51,194.79,194.96,1076774.0,195.0574
2024-07-15 10:15:00,1721056500000,194.95,195.28,194.45,194.46,1089939.0,194.9914
2024-07-15 10:30:00,1721057400000,194.46,194.4867,193.78,193.8151,1328179.0,194.235
2024-07-15 10:45:00,1721058300000,193.81,194.08,193.41,193.77,1558155.0,193.7379
2024-07-15 11:00:00,1721059200000,193.77,193.8,191.92,192.017,2339143.0,192.6326
2024-07-15 11:15:00,1721060100000,192.0183,192.5,190.83,192.48,2904830.0,191.6918
2024-07-15 11:30:00,1721061000000,192.475,192.56,191.44,191.66,1201988.0,192.0568
2024-07-15 11:45:00,1721061900000,191.67,191.72,190.84,191.6084,1878088.0,191.2656
2024-07-15 12:00:00,1721062800000,191.605,191.684,190.9,191.24,1257098.0,191.248
2024-07-15 12:15:00,1721063700000,191.23,192.14,190.88,191.52,2421370.0,191.442
2024-07-15 12:30:00,1721064600000,191.51,191.94,191.2467,191.2601,796060.0,191.5843
2024-07-15 12:45:00,1721065500000,191.2625,191.9699,191.2,191.66,929971.0,191.6368
2024-07-15 13:00:00,1721066400000,191.688,192.35,191.615,191.9785,895313.0,192.0876
2024-07-15 13:15:00,1721067300000,191.95,192.38,191.74,192.3601,629044.0,192.0064
2024-07-15 13:30:00,1721068200000,192.365,192.77,192.0106,192.13,800394.0,192.3922
2024-07-15 13:45:00,1721069100000,192.13,192.52,192.04,192.51,535568.0,192.3017
2024-07-15 14:00:00,1721070000000,192.505,192.85,192.4137,192.63,613889.0,192.6422
2024-07-15 14:15:00,1721070900000,192.63,193.0,192.6063,192.78,657049.0,192.822
2024-07-15 14:30:00,1721071800000,192.78,193.03,192.08,192.1416,810158.0,192.586
2024-07-15 14:45:00,1721072700000,192.15,192.79,191.65,192.71,2411322.0,192.2846
2024-07-15 15:00:00,1721073600000,192.75,193.6782,192.39,193.12,758906.0,192.8101
2024-07-15 15:15:00,1721074500000,193.12,193.28,192.72,193.23,58806.0,193.1549
2024-07-15 15:30:00,1721075400000,193.24,193.24,192.9,192.9,47176.0,193.0845
2024-07-15 15:45:00,1721076300000,192.8799,192.95,192.82,192.95,19837.0,192.8181
2024-07-15 16:00:00,1721077200000,192.9299,193.0,192.9,193.0,18086.0,192.9487
2024-07-15 16:15:00,1721078100000,193.04,193.32,193.04,193.2888,34091.0,193.1633
2024-07-15 16:30:00,1721079000000,193.2862,193.3092,193.11,193.2,16669.0,193.2023
2024-07-15 16:45:00,1721079900000,193.1667,193.34,192.72,193.29,25578.0,193.1153
2024-07-15 17:00:00,1721080800000,193.25,193.3,193.18,193.3,9258.0,193.2741
2024-07-15 17:15:00,1721081700000,193.32,193.46,193.32,193.45,11718.0,193.4021
2024-07-15 17:30:00,1721082600000,193.43,193.45,193.38,193.41,12363.0,193.423
2024-07-15 17:45:00,1721083500000,193.42,193.46,193.37,193.4,6018.0,193.3958
2024-07-15 18:00:00,1721084400000,193.42,193.4493,193.4,193.43,5576.0,193.421
2024-07-15 18:15:00,1721085300000,193.43,193.58,193.4,193.43,16967.0,193.4977
2024-07-15 18:30:00,1721086200000,193.36,193.43,193.35,193.43,6055.0,193.4019
2024-07-15 18:45:00,1721087100000,193.41,193.66,193.35,193.66,22266.0,193.5117
2024-07-16 03:00:00,1721116800000,193.36,193.36,192.8,192.96,9549.0,192.9629
2024-07-16 03:15:00,1721117700000,193.0,193.0,192.93,192.93,1113.0,192.9499
2024-07-16 03:30:00,1721118600000,192.84,192.84,192.77,192.78,2446.0,192.7953
2024-07-16 03:45:00,1721119500000,192.75,192.97,192.75,192.97,2477.0,192.8752
2024-07-16 04:00:00,1721120400000,193.23,193.49,193.23,193.4,2857.0,193.382
2024-07-16 04:15:00,1721121300000,193.34,193.5,193.33,193.33,6552.0,193.4438
2024-07-16 04:30:00,1721122200000,193.21,193.28,193.01,193.1,9439.0,193.1331
2024-07-16 04:45:00,1721123100000,193.12,193.31,193.12,193.31,2658.0,193.2562
2024-07-16 05:00:00,1721124000000,193.31,193.45,193.31,193.45,2914.0,193.3642
2024-07-16 05:15:00,1721124900000,193.4,193.66,193.3,193.63,4977.0,193.4854
2024-07-16 05:30:00,1721125800000,193.61,193.79,193.6,193.75,8039.0,193.6902
2024-07-16 05:45:00,1721126700000,193.75,193.8,193.52,193.52,11617.0,193.7082
2024-07-16 06:00:00,1721127600000,193.71,193.98,193.7,193.8,22753.0,193.8586
2024-07-16 06:15:00,1721128500000,193.78,193.87,193.75,193.87,9122.0,193.8164
2024-07-16 06:30:00,1721129400000,193.89,193.96,193.8,193.8,16028.0,193.9065
2024-07-16 06:45:00,1721130300000,193.75,193.89,193.73,193.8,12358.0,193.7743
2024-07-16 07:00:00,1721131200000,193.94,194.21,193.22,194.19,146591.0,193.8876
2024-07-16 07:15:00,1721132100000,194.19,194.35,194.14,194.22,49665.0,194.2292
2024-07-16 07:30:00,1721133000000,194.2,195.55,193.7,195.55,195249.0,194.7543
2024-07-16 07:45:00,1721133900000,195.55,195.6,194.8016,194.85,100928.0,195.0993
2024-07-16 08:00:00,1721134800000,194.89,195.1,194.65,195.05,73874.0,194.9512
2024-07-16 08:15:00,1721135700000,195.08,195.85,194.8,195.6,197252.0,195.3947
2024-07-16 08:30:00,1721136600000,195.59,196.62,193.99,194.082,4341227.0,195.5379
2024-07-16 08:45:00,1721137500000,194.085,195.415,194.03,194.3507,2024606.0,194.694
2024-07-16 09:00:00,1721138400000,194.365,194.56,192.95,193.6124,1823350.0,193.6141
2024-07-16 09:15:00,1721139300000,193.62,194.36,193.57,194.135,1424455.0,193.9606
2024-07-16 09:30:00,1721140200000,194.1399,194.465,193.3534,194.14,1214919.0,193.9545
2024-07-16 09:45:00,1721141100000,194.16,194.5416,193.92,194.32,842001.0,194.2756
2024-07-16 10:00:00,1721142000000,194.3,194.43,193.84,194.02,703023.0,194.2142
2024-07-16 10:15:00,1721142900000,194.01,194.1,193.66,193.81,647367.0,193.8996
2024-07-16 10:30:00,1721143800000,193.81,193.88,193.3901,193.68,665604.0,193.625
2024-07-16 10:45:00,1721144700000,193.696,194.128,193.51,193.9801,665903.0,193.8555
2024-07-16 11:00:00,1721145600000,193.96,194.22,193.08,193.334,727932.0,193.6265
2024-07-16 11:15:00,1721146500000,193.35,193.45,192.75,193.2,1115296.0,193.1235
2024-07-16 11:30:00,1721147400000,193.185,193.29,192.58,192.625,846444.0,192.9638
2024-07-16 11:45:00,1721148300000,192.635,193.525,192.63,193.5,666603.0,193.2216
2024-07-16 12:00:00,1721149200000,193.5,193.54,193.2702,193.49,420206.0,193.4339
2024-07-16 12:15:00,1721150100000,193.4901,193.52,193.125,193.28,520674.0,193.3213
2024-07-16 12:30:00,1721151000000,193.255,193.3355,193.0,193.25,589411.0,193.1858
2024-07-16 12:45:00,1721151900000,193.24,193.275,192.79,192.93,772236.0,192.9898
2024-07-16 13:00:00,1721152800000,192.93,193.0399,192.71,192.785,648405.0,192.8573
2024-07-16 13:15:00,1721153700000,192.79,192.8299,192.24,192.6199,950685.0,192.4953
2024-07-16 13:30:00,1721154600000,192.6,193.17,192.45,193.0762,858916.0,192.7655
2024-07-16 13:45:00,1721155500000,193.062,193.2,192.72,193.1,678527.0,192.9731
2024-07-16 14:00:00,1721156400000,193.1,193.245,192.91,193.18,734877.0,193.0772
2024-07-16 14:15:00,1721157300000,193.1825,193.33,192.8285,193.1161,992394.0,193.1131
2024-07-16 14:30:00,1721158200000,193.115,193.36,192.86,193.02,881425.0,193.1012
2024-07-16 14:45:00,1721159100000,193.025,193.25,192.77,193.0,2009334.0,192.9855
2024-07-16 15:00:00,1721160000000,193.02,193.09,192.82,192.92,600975.0,193.1086
2024-07-16 15:15:00,1721160900000,192.95,193.02,192.92,192.92,27954.0,193.0029
2024-07-16 15:30:00,1721161800000,192.93,193.07,192.92,193.03,24399.0,193.0127
2024-07-16 15:45:00,1721162700000,193.04,193.08,193.0,193.0,8252.0,192.914
2024-07-16 16:00:00,1721163600000,193.0,193.01,192.97,192.99,3992.0,192.9917
2024-07-16 16:15:00,1721164500000,192.988,193.01,192.9,192.9999,4772.0,192.9548
2024-07-16 16:30:00,1721165400000,192.95,192.96,192.88,192.93,11053.0,192.9221
2024-07-16 16:45:00,1721166300000,192.93,192.93,192.88,192.88,5682.0,192.911
2024-07-16 17:00:00,1721167200000,192.93,192.93,192.85,192.91,1611.0,192.9175
2024-07-16 17:15:00,1721168100000,192.893,193.02,192.89,193.01,7432.0,192.9923
2024-07-16 17:30:00,1721169000000,193.02,193.06,193.0,193.04,5688.0,193.0082
2024-07-16 17:45:00,1721169900000,193.0009,193.0677,192.89,192.89,5698.0,192.9465
2024-07-16 18:00:00,1721170800000,192.89,193.0,192.89,192.9998,2390.0,192.9695
2024-07-16 18:15:00,1721171700000,192.9997,192.9997,192.8495,192.8495,7439.0,192.9335
2024-07-16 18:30:00,1721172600000,192.91,192.91,192.9,192.9,910.0,192.9096
2024-07-16 18:45:00,1721173500000,192.9528,192.9528,192.8,192.83,9765.0,192.8432
2024-07-17 03:00:00,1721203200000,192.08,192.08,190.86,190.9,19025.0,191.0998
2024-07-17 03:15:00,1721204100000,190.83,190.85,190.21,190.4,26162.0,190.3854
2024-07-17 03:30:00,1721205000000,190.47,190.92,190.47,190.9,8010.0,190.719
2024-07-17 03:45:00,1721205900000,190.97,191.35,190.97,191.35,1901.0,191.1224
2024-07-17 04:00:00,1721206800000,191.31,191.62,191.31,191.62,3469.0,191.3943
2024-07-17 04:15:00,1721207700000,191.5,191.5,191.5,191.5,1254.0,191.5008
2024-07-17 04:30:00,1721208600000,191.35,191.35,191.19,191.2,4920.0,191.2437
2024-07-17 04:45:00,1721209500000,191.4,191.6,191.4,191.46,2029.0,191.474
2024-07-17 05:00:00,1721210400000,191.2,191.28,191.2,191.28,4067.0,191.2233
2024-07-17 05:15:00,1721211300000,191.51,191.63,191.51,191.63,2534.0,191.5643
2024-07-17 05:30:00,1721212200000,191.63,191.63,191.14,191.41,8964.0,191.3293
2024-07-17 05:45:00,1721213100000,191.57,191.58,191.11,191.15,4431.0,191.3716
2024-07-17 06:00:00,1721214000000,191.54,191.61,191.01,191.3,38531.0,191.3839
2024-07-17 06:15:00,1721214900000,191.23,191.23,190.88,191.0,31896.0,191.0566
2024-07-17 06:30:00,1721215800000,190.85,191.0,190.6,190.8,51842.0,190.8034
2024-07-17 06:45:00,1721216700000,190.805,191.28,190.75,191.28,19734.0,191.0563
2024-07-17 07:00:00,1721217600000,191.51,192.85,190.68,191.44,173067.0,191.2911
2024-07-17 07:15:00,1721218500000,191.49,191.57,191.33,191.4487,26114.0,191.4303
2024-07-17 07:30:00,1721219400000,191.42,191.5,191.2334,191.4,44940.0,191.3857
2024-07-17 07:45:00,1721220300000,191.41,191.65,191.2,191.29,46610.0,191.4582
2024-07-17 08:00:00,1721221200000,191.26,191.81,191.2001,191.63,31830.0,191.5729
2024-07-17 08:15:00,1721222100000,191.63,191.74,191.2425,191.2425,70268.0,191.4807
2024-07-17 08:30:00,1721223000000,191.35,191.58,188.96,189.41,4144824.0,190.0838
2024-07-17 08:45:00,1721223900000,189.415,189.45,188.67,188.76,1765702.0,189.0755
2024-07-17 09:00:00,1721224800000,188.75,188.7999,186.73,186.84,3112990.0,187.678
2024-07-17 09:15:00,1721225700000,186.83,187.53,185.99,186.15,2920672.0,186.7178
2024-07-17 09:30:00,1721226600000,186.15,187.2,186.15,186.68,1886990.0,186.7929
2024-07-17 09:45:00,1721227500000,186.7,186.9699,186.26,186.85,1849790.0,186.6603
2024-07-17 10:00:00,1721228400000,186.85,187.06,186.31,186.73,1243890.0,186.6744
2024-07-17 10:15:00,1721229300000,186.75,187.7448,186.66,187.6999,1367566.0,187.3097
2024-07-17 10:30:00,1721230200000,187.7,187.85,187.23,187.55,990719.0,187.5653
2024-07-17 10:45:00,1721231100000,187.54,187.67,187.17,187.41,875707.0,187.4176
2024-07-17 11:00:00,1721232000000,187.4199,187.6299,186.5336,186.78,1022282.0,187.0735
2024-07-17 11:15:00,1721232900000,186.78,186.962,186.28,186.48,1209913.0,186.514
2024-07-17 11:30:00,1721233800000,186.48,186.78,186.318,186.575,1087287.0,186.4955
2024-07-17 11:45:00,1721234700000,186.59,187.35,186.46,187.11,1174463.0,186.8674
2024-07-17 12:00:00,1721235600000,187.1,187.11,186.17,186.17,955772.0,186.6411
2024-07-17 12:15:00,1721236500000,186.1701,186.9,186.17,186.85,892918.0,186.6396
2024-07-17 12:30:00,1721237400000,186.82,187.44,186.81,186.98,1079334.0,187.0712
2024-07-17 12:45:00,1721238300000,186.97,187.1399,186.62,186.745,749916.0,186.8434
2024-07-17 13:00:00,1721239200000,186.75,187.25,186.49,187.0102,851975.0,186.9
2024-07-17 13:15:00,1721240100000,187.0001,187.4358,186.86,187.2268,942775.0,187.1385
2024-07-17 13:30:00,1721241000000,187.225,187.38,187.06,187.205,971665.0,187.1996
2024-07-17 13:45:00,1721241900000,187.21,187.24,186.66,186.765,983061.0,186.8917
2024-07-17 14:00:00,1721242800000,186.77,187.4099,186.42,187.3405,1409424.0,186.858
2024-07-17 14:15:00,1721243700000,187.36,188.06,187.35,187.8368,1735595.0,187.6895
2024-07-17 14:30:00,1721244600000,187.83,187.94,187.27,187.425,1405777.0,187.6031
2024-07-17 14:45:00,1721245500000,187.42,188.155,187.355,187.89,3427937.0,187.9302
2024-07-17 15:00:00,1721246400000,187.93,188.19,187.8001,188.19,1048491.0,187.9336
2024-07-17 15:15:00,1721247300000,188.19,188.3,188.1,188.2999,26122.0,188.2053
2024-07-17 15:30:00,1721248200000,188.29,188.5,187.93,188.25,44049.0,188.3314
2024-07-17 15:45:00,1721249100000,188.35,188.52,188.2,188.3,17737.0,188.0707
2024-07-17 16:00:00,1721250000000,188.3,188.3972,187.93,188.3972,218109.0,187.9449
2024-07-17 16:15:00,1721250900000,188.35,188.39,188.3,188.389,16297.0,188.3656
2024-07-17 16:30:00,1721251800000,188.33,188.3896,188.3,188.3,10903.0,188.3196
2024-07-17 16:45:00,1721252700000,188.3,188.3,188.23,188.23,8239.0,188.2987
2024-07-17 17:00:00,1721253600000,188.25,188.5,187.93,188.45,29067.0,188.1727
2024-07-17 17:15:00,1721254500000,188.44,188.4499,188.2956,188.35,7716.0,188.3271
2024-07-17 17:30:00,1721255400000,188.3689,188.489,188.3,188.4204,8786.0,188.4004
2024-07-17 17:45:00,1721256300000,188.49,188.49,188.35,188.3999,5105.0,188.4095
2024-07-17 18:00:00,1721257200000,188.36,188.5,188.36,188.5,8526.0,188.4481
2024-07-17 18:15:00,1721258100000,188.4888,188.89,188.4008,188.75,14445.0,188.6981
2024-07-17 18:30:00,1721259000000,188.7,188.7,188.5,188.7,10873.0,188.6542
2024-07-17 18:45:00,1721259900000,188.7299,188.88,188.6211,188.823,15003.0,188.7394
2024-07-18 03:00:00,1721289600000,188.95,188.95,188.6,188.6,13005.0,188.6469
2024-07-18 03:15:00,1721290500000,188.59,188.6,188.56,188.56,3494.0,188.5843
2024-07-18 03:30:00,1721291400000,188.69,188.76,188.69,188.71,3326.0,188.7333
2024-07-18 03:45:00,1721292300000,188.71,188.89,188.71,188.71,2681.0,188.7617
2024-07-18 04:00:00,1721293200000,188.86,188.9,188.78,188.78,3484.0,188.8103
2024-07-18 04:15:00,1721294100000,188.84,189.06,188.84,189.04,5280.0,189.021
2024-07-18 04:30:00,1721295000000,188.78,188.78,188.69,188.69,2824.0,188.721
2024-07-18 04:45:00,1721295900000,188.6,188.6,188.6,188.6,289.0,188.6002
2024-07-18 05:00:00,1721296800000,188.62,188.66,188.58,188.61,3619.0,188.6312
2024-07-18 05:15:00,1721297700000,188.7,188.7,188.7,188.7,200.0,188.7
2024-07-18 05:30:00,1721298600000,188.55,188.67,188.54,188.66,4293.0,188.5796
2024-07-18 05:45:00,1721299500000,188.66,188.68,188.55,188.6,3341.0,188.6151
2024-07-18 06:00:00,1721300400000,188.68,188.88,188.57,188.88,10993.0,188.7096
2024-07-18 06:15:00,1721301300000,188.9,189.0,188.82,188.94,12160.0,188.921
2024-07-18 06:30:00,1721302200000,188.9,189.43,188.9,189.38,9392.0,189.1573
2024-07-18 06:45:00,1721303100000,189.37,189.37,189.22,189.3,4656.0,189.2737
2024-07-18 07:00:00,1721304000000,188.65,190.43,188.38,189.37,113208.0,189.1216
2024-07-18 07:15:00,1721304900000,189.37,189.4799,187.461,189.46,25976.0,189.3389
2024-07-18 07:30:00,1721305800000,189.48,189.8,189.4,189.8,68374.0,189.5607
2024-07-18 07:45:00,1721306700000,189.8,190.15,189.53,189.65,73229.0,189.9412
2024-07-18 08:00:00,1721307600000,189.82,190.8,189.5,189.98,154565.0,190.2622
2024-07-18 08:15:00,1721308500000,189.96,190.1987,189.44,189.44,122577.0,189.8787
2024-07-18 08:30:00,1721309400000,189.59,189.68,187.63,187.65,3095981.0,188.9178
2024-07-18 08:45:00,1721310300000,187.66,188.1697,187.165,187.835,1693568.0,187.6885
2024-07-18 09:00:00,1721311200000,187.8328,187.95,186.41,186.77,1850553.0,187.0998
2024-07-18 09:15:00,1721312100000,186.78,186.94,185.96,186.33,1771771.0,186.3799
2024-07-18 09:30:00,1721313000000,186.3434,186.3434,184.45,184.94,3031419.0,185.121
2024-07-18 09:45:00,1721313900000,184.932,185.74,184.09,185.71,2436061.0,184.9432
2024-07-18 10:00:00,1721314800000,185.71,185.95,182.16,183.408,2534445.0,184.5101
2024-07-18 10:15:00,1721315700000,183.41,184.05,182.72,182.93,2562833.0,183.2764
2024-07-18 10:30:00,1721316600000,182.935,183.25,182.3,182.66,2491015.0,182.797
2024-07-18 10:45:00,1721317500000,182.66,183.0,181.78,182.385,1714604.0,182.3697
2024-07-18 11:00:00,1721318400000,182.38,182.56,181.73,182.05,1412719.0,182.1692
2024-07-18 11:15:00,1721319300000,182.03,182.74,181.448,182.58,1780291.0,182.0715
2024-07-18 11:30:00,1721320200000,182.57,183.15,182.41,183.11,2024934.0,182.8058
2024-07-18 11:45:00,1721321100000,183.11,183.49,182.77,183.48,1268515.0,183.103
2024-07-18 12:00:00,1721322000000,183.46,183.77,182.9749,183.69,1004393.0,183.4287
2024-07-18 12:15:00,1721322900000,183.6935,184.74,183.48,184.31,2476743.0,184.0061
2024-07-18 12:30:00,1721323800000,184.32,184.52,183.8111,183.84,951175.0,184.2368
2024-07-18 12:45:00,1721324700000,183.85,184.475,183.68,183.745,934284.0,183.9275
2024-07-18 13:00:00,1721325600000,183.77,183.99,183.3225,183.485,765708.0,183.6458
2024-07-18 13:15:00,1721326500000,183.49,184.35,183.47,183.9,830417.0,183.9168
2024-07-18 13:30:00,1721327400000,183.91,184.09,183.71,183.88,1315033.0,183.8875
2024-07-18 13:45:00,1721328300000,183.86,184.09,183.56,184.02,739962.0,183.8248
2024-07-18 14:00:00,1721329200000,184.005,184.2199,183.01,183.21,1014652.0,183.6547
2024-07-18 14:15:00,1721330100000,183.21,183.56,183.0,183.4755,1282703.0,183.2666
2024-07-18 14:30:00,1721331000000,183.46,184.16,183.3008,183.8599,1264817.0,183.7206
2024-07-18 14:45:00,1721331900000,183.86,184.45,183.455,183.74,2980731.0,183.8688
2024-07-18 15:00:00,1721332800000,183.75,183.75,182.89,183.55,791489.0,183.8278
2024-07-18 15:15:00,1721333700000,183.55,183.98,183.4311,183.9,40724.0,183.7478
2024-07-18 15:30:00,1721334600000,183.92,184.21,183.92,184.11,41268.0,184.0763
2024-07-18 15:45:00,1721335500000,184.18,184.5,184.15,184.44,55569.0,184.2382
2024-07-18 16:00:00,1721336400000,184.4,184.5,183.75,184.25,33435.0,184.1277
2024-07-18 16:15:00,1721337300000,184.23,184.49,184.22,184.48,25104.0,184.3583
2024-07-18 16:30:00,1721338200000,184.45,184.6,184.45,184.6,24447.0,184.5418
2024-07-18 16:45:00,1721339100000,184.6,184.6,184.45,184.6,9653.0,184.5391
2024-07-18 17:00:00,1721340000000,184.51,184.5968,184.46,184.5,6445.0,184.5295
2024-07-18 17:15:00,1721340900000,184.53,184.58,184.3285,184.52,18614.0,184.4905
2024-07-18 17:30:00,1721341800000,184.45,184.5373,184.3999,184.5373,4776.0,184.4407
2024-07-18 17:45:00,1721342700000,184.52,184.56,184.45,184.56,6832.0,184.5248
2024-07-18 18:00:00,1721343600000,184.48,184.6,184.47,184.5,15867.0,184.5505
2024-07-18 18:15:00,1721344500000,184.59,184.63,184.5114,184.6,7220.0,184.588
2024-07-18 18:30:00,1721345400000,184.65,184.68,184.48,184.48,14322.0,184.6076
2024-07-18 18:45:00,1721346300000,184.45,184.5,184.2,184.43,28310.0,184.3025
2024-07-19 03:00:00,1721376000000,184.0,184.0,183.4,183.75,9127.0,183.5805
2024-07-19 03:15:00,1721376900000,183.87,184.68,183.87,184.39,18437.0,184.3716
2024-07-19 03:30:00,1721377800000,184.55,184.55,184.47,184.47,2333.0,184.5057
2024-07-19 03:45:00,1721378700000,184.5,184.5,184.29,184.36,4672.0,184.3947
2024-07-19 04:00:00,1721379600000,184.31,184.52,184.25,184.25,4508.0,184.3895
2024-07-19 04:15:00,1721380500000,184.38,184.44,183.87,183.87,7267.0,184.1107
2024-07-19 04:30:00,1721381400000,183.81,184.33,183.77,184.19,13576.0,184.078
2024-07-19 04:45:00,1721382300000,184.1,184.54,184.1,184.24,3658.0,184.3112
2024-07-19 05:00:00,1721383200000,184.3,184.81,184.3,184.75,11850.0,184.6481
2024-07-19 05:15:00,1721384100000,184.7,184.85,183.85,183.86,31154.0,184.3952
2024-07-19 05:30:00,1721385000000,183.73,183.73,180.36,180.8,133332.0,181.3694
2024-07-19 05:45:00,1721385900000,180.8,180.99,179.34,179.4,166780.0,179.9136
2024-07-19 06:00:00,1721386800000,179.45,179.8,179.07,179.67,288455.0,179.5228
2024-07-19 06:15:00,1721387700000,179.72,181.0,179.7,180.51,260751.0,180.354
2024-07-19 06:30:00,1721388600000,180.5,181.0,180.44,180.9,111341.0,180.823
2024-07-19 06:45:00,1721389500000,180.89,181.44,180.85,181.29,71775.0,181.2093
2024-07-19 07:00:00,1721390400000,179.31,185.33,179.1,181.15,359448.0,180.8834
2024-07-19 07:15:00,1721391300000,181.1,181.15,181.0,181.02,98430.0,181.0281
2024-07-19 07:30:00,1721392200000,181.04,181.34,181.0,181.1,118603.0,181.1166
2024-07-19 07:45:00,1721393100000,181.1,181.55,181.0101,181.55,53665.0,181.1736
2024-07-19 08:00:00,1721394000000,181.49,181.69,180.18,180.6,213541.0,180.7942
2024-07-19 08:15:00,1721394900000,180.55,181.88,180.11,181.39,288754.0,180.6548
2024-07-19 08:30:00,1721395800000,181.14,184.0778,180.11,183.05,8782441.0,182.0235
2024-07-19 08:45:00,1721396700000,183.025,183.82,182.53,183.3414,1666257.0,183.0987
2024-07-19 09:00:00,1721397600000,183.36,184.93,183.25,183.7202,2164437.0,184.1192
2024-07-19 09:15:00,1721398500000,183.73,184.566,183.6403,183.65,1178064.0,184.1875
2024-07-19 09:30:00,1721399400000,183.68,184.365,183.51,183.56,1253622.0,183.8827
2024-07-19 09:45:00,1721400300000,183.55,184.08,181.37,183.85,854263.0,183.8474
2024-07-19 10:00:00,1721401200000,183.85,184.59,183.64,183.72,1252320.0,184.0583
2024-07-19 10:15:00,1721402100000,183.72,184.38,183.2602,183.2602,944510.0,183.8714
2024-07-19 10:30:00,1721403000000,183.25,183.31,182.655,183.091,833600.0,182.9293
2024-07-19 10:45:00,1721403900000,183.09,183.87,183.05,183.8133,758018.0,183.4613
2024-07-19 11:00:00,1721404800000,183.81,183.92,183.43,183.76,686715.0,183.687
2024-07-19 11:15:00,1721405700000,183.74,183.8195,183.075,183.135,659069.0,183.4616
2024-07-19 11:30:00,1721406600000,183.12,183.3,182.545,182.75,1897522.0,183.2302
2024-07-19 11:45:00,1721407500000,182.74,183.38,182.67,183.32,537239.0,183.015
2024-07-19 12:00:00,1721408400000,183.31,183.33,182.47,182.65,593206.0,182.8069
2024-07-19 12:15:00,1721409300000,182.65,182.915,182.4,182.8102,528703.0,182.6199
2024-07-19 12:30:00,1721410200000,182.81,183.11,182.42,182.56,543300.0,182.7403
2024-07-19 12:45:00,1721411100000,182.57,183.03,182.49,182.85,647678.0,182.7746
2024-07-19 13:00:00,1721412000000,182.83,183.095,182.635,182.67,594850.0,182.8626
2024-07-19 13:15:00,1721412900000,182.67,182.82,182.4247,182.515,642891.0,182.6012
2024-07-19 13:30:00,1721413800000,182.52,182.692,182.05,182.14,656443.0,182.3373
2024-07-19 13:45:00,1721414700000,182.15,182.89,182.15,182.835,704572.0,182.5962
2024-07-19 14:00:00,1721415600000,182.84,183.37,182.77,183.25,812566.0,183.1153
2024-07-19 14:15:00,1721416500000,183.25,183.4284,183.03,183.29,2318944.0,183.276
2024-07-19 14:30:00,1721417400000,183.2999,183.336,182.35,182.5,1158354.0,182.7201
2024-07-19 14:45:00,1721418300000,182.5,183.24,182.46,183.1,2939970.0,182.8805
2024-07-19 15:00:00,1721419200000,183.13,183.36,183.06,183.06,475587.0,183.1899
2024-07-19 15:15:00,1721420100000,183.02,183.13,182.88,182.88,41569.0,183.0277
2024-07-19 15:30:00,1721421000000,182.88,183.13,182.696,182.75,20307.0,182.8897
2024-07-19 15:45:00,1721421900000,182.75,183.13,182.63,182.75,98815.0,183.078
2024-07-19 16:00:00,1721422800000,182.711,182.97,182.711,182.88,4990.0,182.7843
2024-07-19 16:15:00,1721423700000,182.85,183.154,182.83,182.95,9352.0,182.9106
2024-07-19 16:30:00,1721424600000,182.89,182.99,182.87,182.96,10738.0,182.9699
2024-07-19 16:45:00,1721425500000,182.9889,183.01,182.95,183.0,12351.0,182.9981
2024-07-19 17:00:00,1721426400000,182.98,182.99,182.79,182.79,10481.0,182.8821
2024-07-19 17:15:00,1721427300000,182.81,182.9,182.72,182.81,8815.0,182.799
2024-07-19 17:30:00,1721428200000,182.7986,183.13,182.71,182.8482,13883.0,183.0744
2024-07-19 17:45:00,1721429100000,182.8004,182.85,182.7274,182.8184,2705.0,182.7981
2024-07-19 18:00:00,1721430000000,182.72,182.84,182.72,182.7999,7779.0,182.774
2024-07-19 18:15:00,1721430900000,182.7639,182.8,182.7639,182.8,4496.0,182.7759
2024-07-19 18:30:00,1721431800000,182.85,182.85,182.81,182.83,6908.0,182.9098
2024-07-19 18:45:00,1721432700000,182.8201,182.84,182.72,182.83,9586.0,182.794
2024-07-22 03:00:00,1721635200000,183.7,183.99,183.7,183.98,4298.0,183.8734
2024-07-22 03:15:00,1721636100000,183.96,183.96,183.88,183.9,2949.0,183.9044
2024-07-22 03:30:00,1721637000000,183.9,184.09,183.86,184.09,6424.0,183.9778
2024-07-22 03:45:00,1721637900000,184.26,184.26,184.1,184.1,2854.0,184.1869
2024-07-22 04:00:00,1721638800000,184.19,184.19,184.18,184.19,2146.0,184.1812
2024-07-22 04:15:00,1721639700000,184.19,184.33,184.19,184.33,3155.0,184.3119
2024-07-22 04:30:00,1721640600000,184.33,184.72,184.33,184.6,6245.0,184.5039
2024-07-22 04:45:00,1721641500000,184.7,184.87,184.7,184.87,4754.0,184.7845
2024-07-22 05:00:00,1721642400000,184.86,184.86,184.71,184.71,2999.0,184.7261
2024-07-22 05:15:00,1721643300000,184.69,184.86,184.69,184.86,2467.0,184.7664
2024-07-22 05:30:00,1721644200000,184.78,184.85,184.2,184.66,20058.0,184.5938
2024-07-22 05:45:00,1721645100000,184.49,184.59,184.45,184.5,7192.0,184.5017
2024-07-22 06:00:00,1721646000000,184.5,184.7,184.4,184.61,15956.0,184.5916
2024-07-22 06:15:00,1721646900000,184.64,184.85,184.64,184.74,12969.0,184.7323
2024-07-22 06:30:00,1721647800000,184.8,185.15,184.8,185.15,28659.0,185.0072
2024-07-22 06:45:00,1721648700000,185.17,185.23,185.04,185.15,14799.0,185.1403
2024-07-22 07:00:00,1721649600000,184.37,185.3,183.17,185.27,791773.0,183.4267
2024-07-22 07:15:00,1721650500000,185.25,185.45,185.1495,185.4002,55213.0,185.0971
2024-07-22 07:30:00,1721651400000,185.4,185.48,185.3,185.4,53509.0,185.4105
2024-07-22 07:45:00,1721652300000,185.38,185.4192,185.0326,185.18,35463.0,185.1554
2024-07-22 08:00:00,1721653200000,185.14,185.18,184.87,184.99,68102.0,184.9838
2024-07-22 08:15:00,1721654100000,185.0,185.0,184.48,184.9,111669.0,184.7767
2024-07-22 08:30:00,1721655000000,185.0,185.06,182.74,183.21,3963317.0,183.7021
2024-07-22 08:45:00,1721655900000,183.245,184.5634,183.21,184.55,1739491.0,184.0352
2024-07-22 09:00:00,1721656800000,184.5648,184.76,183.5,183.77,1358371.0,184.041
2024-07-22 09:15:00,1721657700000,183.77,184.02,183.07,183.71,1160389.0,183.461
2024-07-22 09:30:00,1721658600000,183.7101,184.28,183.06,184.1797,1139290.0,183.8202
2024-07-22 09:45:00,1721659500000,184.18,184.22,183.4,183.81,881353.0,183.791
2024-07-22 10:00:00,1721660400000,183.84,184.2,183.18,183.65,1112550.0,183.7019
2024-07-22 10:15:00,1721661300000,183.65,183.77,183.08,183.25,1062945.0,183.4035
2024-07-22 10:30:00,1721662200000,183.23,183.375,182.84,182.95,951769.0,183.1161
2024-07-22 10:45:00,1721663100000,182.94,183.04,182.5,182.72,797956.0,182.7808
2024-07-22 11:00:00,1721664000000,182.715,183.25,182.65,183.0,677691.0,182.8948
2024-07-22 11:15:00,1721664900000,183.01,183.53,183.01,183.3675,798590.0,183.34
2024-07-22 11:30:00,1721665800000,183.36,183.7,183.29,183.5764,589332.0,183.5197
2024-07-22 11:45:00,1721666700000,183.58,184.03,183.52,183.7969,724217.0,183.8054
2024-07-22 12:00:00,1721667600000,183.81,184.0,183.77,183.895,649116.0,183.902
2024-07-22 12:15:00,1721668500000,183.9,184.105,183.84,183.85,555811.0,183.9307
2024-07-22 12:30:00,1721669400000,183.86,184.25,183.81,184.1945,1045373.0,183.9827
2024-07-22 12:45:00,1721670300000,184.19,184.42,183.91,184.07,747266.0,184.1584
2024-07-22 13:00:00,1721671200000,184.1,184.46,184.01,184.28,613328.0,184.2431
2024-07-22 13:15:00,1721672100000,184.2733,184.44,184.17,184.39,637481.0,184.3479
2024-07-22 13:30:00,1721673000000,184.3992,184.615,184.26,184.3749,646264.0,184.411
2024-07-22 13:45:00,1721673900000,184.38,184.65,184.26,184.27,616080.0,184.4467
2024-07-22 14:00:00,1721674800000,184.28,184.31,183.852,183.9508,753971.0,184.0523
2024-07-22 14:15:00,1721675700000,183.95,184.0159,183.5935,183.77,751382.0,183.788
2024-07-22 14:30:00,1721676600000,183.77,183.885,183.55,183.71,908318.0,183.7065
2024-07-22 14:45:00,1721677500000,183.715,183.8,182.48,182.57,2878411.0,182.9197
2024-07-22 15:00:00,1721678400000,182.55,182.8725,182.47,182.76,850392.0,182.6791
2024-07-22 15:15:00,1721679300000,182.76,182.76,182.46,182.6,66367.0,182.614
2024-07-22 15:30:00,1721680200000,182.61,182.7,182.55,182.6991,210187.0,182.5541
2024-07-22 15:45:00,1721681100000,182.68,182.77,182.55,182.7,2788242.0,182.5455
2024-07-22 16:00:00,1721682000000,182.75,182.84,182.74,182.84,13359.0,182.7815
2024-07-22 16:15:00,1721682900000,182.82,183.0,182.82,182.98,23356.0,182.9296
2024-07-22 16:30:00,1721683800000,182.95,183.02,182.94,183.02,10076.0,182.9861
2024-07-22 16:45:00,1721684700000,183.0,183.0,182.9024,182.95,6286.0,182.9709
2024-07-22 17:00:00,1721685600000,182.95,183.1689,182.9,183.11,15795.0,183.0141
2024-07-22 17:15:00,1721686500000,183.15,183.1594,183.1,183.12,7164.0,183.1189
2024-07-22 17:30:00,1721687400000,183.0,183.2,183.0,183.11,9166.0,183.1298
2024-07-22 17:45:00,1721688300000,183.02,183.0405,182.95,183.03,6475.0,182.9884
2024-07-22 18:00:00,1721689200000,183.08,183.08,182.85,182.88,6270.0,182.9434
2024-07-22 18:15:00,1721690100000,182.85,183.0,182.85,182.9477,5551.0,182.9583
2024-07-22 18:30:00,1721691000000,182.95,182.95,182.65,182.7895,10850.0,182.7876
2024-07-22 18:45:00,1721691900000,182.79,182.79,182.6,182.73,5213.0,182.6838
2024-07-23 03:00:00,1721721600000,182.86,183.0,182.25,182.34,17227.0,182.57
2024-07-23 03:15:00,1721722500000,182.36,182.66,182.28,182.66,13759.0,182.4714
2024-07-23 03:30:00,1721723400000,182.65,183.05,182.65,182.81,7257.0,182.8469
2024-07-23 03:45:00,1721724300000,182.85,182.86,182.83,182.83,921.0,182.8474
2024-07-23 04:00:00,1721725200000,182.88,182.88,182.87,182.87,325.0,182.8762
2024-07-23 04:15:00,1721726100000,182.88,183.13,182.88,183.13,3601.0,182.94
2024-07-23 04:30:00,1721727000000,183.1,183.12,183.1,183.12,1290.0,183.1169
2024-07-23 04:45:00,1721727900000,183.12,183.14,183.12,183.14,1543.0,183.1338
2024-07-23 05:00:00,1721728800000,183.11,183.45,182.79,183.0,40914.0,183.0283
2024-07-23 05:15:00,1721729700000,183.16,183.16,183.16,183.16,312.0,183.1559
2024-07-23 05:30:00,1721730600000,183.19,183.19,183.13,183.13,937.0,183.1284
2024-07-23 05:45:00,1721731500000,183.16,183.16,183.16,183.16,558.0,183.1602
2024-07-23 06:00:00,1721732400000,183.14,183.14,183.0,183.03,13234.0,183.0711
2024-07-23 06:15:00,1721733300000,183.1,183.12,183.05,183.12,2937.0,183.0935
2024-07-23 06:30:00,1721734200000,183.15,183.23,183.12,183.14,14549.0,183.1701
2024-07-23 06:45:00,1721735100000,183.1,183.4,183.1,183.4,9079.0,183.1974
2024-07-23 07:00:00,1721736000000,183.12,183.4482,182.2,183.39,84614.0,183.1221
2024-07-23 07:15:00,1721736900000,183.2021,183.4,182.8999,183.0,34922.0,183.1377
2024-07-23 07:30:00,1721737800000,183.05,183.17,182.83,183.01,26846.0,182.9943
2024-07-23 07:45:00,1721738700000,183.12,183.2,183.03,183.1607,15184.0,183.1333
2024-07-23 08:00:00,1721739600000,183.17,183.33,183.06,183.07,21686.0,183.1816
2024-07-23 08:15:00,1721740500000,183.15,184.34,183.0,184.0617,109410.0,183.7713
2024-07-23 08:30:00,1721741400000,184.1,186.7,183.56,186.65,4473577.0,185.084
2024-07-23 08:45:00,1721742300000,186.65,188.41,186.25,187.65,3970990.0,187.3051
2024-07-23 09:00:00,1721743200000,187.655,188.47,187.2,187.96,3037982.0,187.9316
2024-07-23 09:15:00,1721744100000,187.98,189.28,187.94,188.67,2558610.0,188.8245
2024-07-23 09:30:00,1721745000000,188.68,188.93,188.2,188.25,1581527.0,188.5521
2024-07-23 09:45:00,1721745900000,188.23,188.515,187.61,188.15,1545890.0,188.0414
2024-07-23 10:00:00,1721746800000,188.17,189.14,188.13,189.14,1236507.0,188.6725
2024-07-23 10:15:00,1721747700000,189.15,189.39,188.58,188.7891,1249095.0,189.041
2024-07-23 10:30:00,1721748600000,188.77,188.835,188.0676,188.08,749606.0,188.4882
2024-07-23 10:45:00,1721749500000,188.09,188.48,187.97,188.05,798597.0,188.2231
2024-07-23 11:00:00,1721750400000,188.0418,188.58,187.61,188.55,1164367.0,188.1163
2024-07-23 11:15:00,1721751300000,188.54,188.58,187.3501,187.7014,1292715.0,188.117
2024-07-23 11:30:00,1721752200000,187.68,187.9,187.42,187.48,642393.0,187.6846
2024-07-23 11:45:00,1721753100000,187.5,187.94,187.38,187.52,656498.0,187.6468
2024-07-23 12:00:00,1721754000000,187.52,187.67,186.95,187.2134,830295.0,187.3322
2024-07-23 12:15:00,1721754900000,187.22,187.69,187.1299,187.485,573537.0,187.3562
2024-07-23 12:30:00,1721755800000,187.48,187.48,186.8,186.88,553674.0,187.0997
2024-07-23 12:45:00,1721756700000,186.88,187.4,186.78,187.055,557034.0,187.1156
2024-07-23 13:00:00,1721757600000,187.04,187.19,187.0,187.11,521279.0,187.0901
2024-07-23 13:15:00,1721758500000,187.1,187.31,186.6699,187.06,707334.0,187.0317
2024-07-23 13:30:00,1721759400000,187.06,187.61,187.04,187.11,741328.0,187.3195
2024-07-23 13:45:00,1721760300000,187.11,187.33,187.06,187.3126,997892.0,187.2123
2024-07-23 14:00:00,1721761200000,187.315,187.325,186.83,187.02,558936.0,187.0461
2024-07-23 14:15:00,1721762100000,187.01,187.0904,186.775,186.935,625317.0,186.9273
2024-07-23 14:30:00,1721763000000,186.93,187.0,186.275,186.72,1071944.0,186.6661
2024-07-23 14:45:00,1721763900000,186.715,186.87,185.99,186.39,2269035.0,186.349
2024-07-23 15:00:00,1721764800000,186.41,187.69,185.75,187.02,2784562.0,186.4959
2024-07-23 15:15:00,1721765700000,187.05,187.9,186.41,187.64,162657.0,187.1796
2024-07-23 15:30:00,1721766600000,187.63,188.25,186.41,187.72,117926.0,187.8433
2024-07-23 15:45:00,1721767500000,187.83,188.1,186.41,187.32,4864842.0,186.4251
2024-07-23 16:00:00,1721768400000,187.2,187.75,186.75,187.06,67320.0,187.1775
2024-07-23 16:15:00,1721769300000,187.46,187.46,186.55,186.95,49881.0,186.8795
2024-07-23 16:30:00,1721770200000,186.95,187.1,186.25,186.73,44093.0,186.6598
2024-07-23 16:45:00,1721771100000,186.65,186.74,186.3,186.6,24287.0,186.5072
2024-07-23 17:00:00,1721772000000,186.39,186.74,186.02,186.5,30639.0,186.258
2024-07-23 17:15:00,1721772900000,186.55,186.55,185.8,185.8,20451.0,186.075
2024-07-23 17:30:00,1721773800000,185.95,186.45,185.8005,186.1329,25808.0,186.2389
2024-07-23 17:45:00,1721774700000,186.17,186.25,185.93,186.0518,23682.0,186.0686
2024-07-23 18:00:00,1721775600000,186.05,186.27,185.9106,186.27,6684.0,186.0882
2024-07-23 18:15:00,1721776500000,186.3,186.38,186.15,186.21,5320.0,186.2686
2024-07-23 18:30:00,1721777400000,186.15,186.3,186.11,186.2295,7130.0,186.1511
2024-07-23 18:45:00,1721778300000,186.2,186.39,186.05,186.3,17451.0,186.2511
2024-07-24 03:00:00,1721808000000,185.98,186.0,185.3,185.35,12221.0,185.4988
2024-07-24 03:15:00,1721808900000,185.18,185.36,185.09,185.1,4814.0,185.2143
2024-07-24 03:30:00,1721809800000,185.12,185.3,185.04,185.3,4368.0,185.2037
2024-07-24 03:45:00,1721810700000,185.69,185.89,185.69,185.89,1978.0,185.8298
2024-07-24 04:00:00,1721811600000,186.0,186.15,185.5,185.63,8125.0,185.7839
2024-07-24 04:15:00,1721812500000,185.53,185.68,185.53,185.68,2774.0,185.6019
2024-07-24 04:30:00,1721813400000,185.79,185.82,185.79,185.82,4109.0,185.7974
2024-07-24 04:45:00,1721814300000,185.85,185.85,185.71,185.72,1242.0,185.7894
2024-07-24 05:00:00,1721815200000,185.77,185.9,185.74,185.89,4944.0,185.8449
2024-07-24 05:15:00,1721816100000,185.9,186.15,185.9,186.15,2386.0,186.0396
2024-07-24 05:30:00,1721817000000,186.23,186.23,185.77,185.77,6246.0,185.9496
2024-07-24 05:45:00,1721817900000,185.83,185.83,185.83,185.83,152.0,185.8296
2024-07-24 06:00:00,1721818800000,185.85,185.98,185.77,185.93,27074.0,185.8556
2024-07-24 06:15:00,1721819700000,185.87,186.0,185.87,185.97,7297.0,185.9382
2024-07-24 06:30:00,1721820600000,185.91,185.91,185.32,185.34,16540.0,185.5557
2024-07-24 06:45:00,1721821500000,185.33,185.78,185.27,185.53,12490.0,185.5595
2024-07-24 07:00:00,1721822400000,185.95,186.34,184.9,184.9,94438.0,185.4968
2024-07-24 07:15:00,1721823300000,184.89,185.15,184.5505,184.588,32778.0,184.8731
2024-07-24 07:30:00,1721824200000,184.69,184.8,184.25,184.33,46254.0,184.456
2024-07-24 07:45:00,1721825100000,184.36,184.36,183.96,184.21,92694.0,185.0706
2024-07-24 08:00:00,1721826000000,184.21,184.5,184.05,184.48,58887.0,184.2321
2024-07-24 08:15:00,1721826900000,184.5,184.7,183.05,183.5,104094.0,183.959
2024-07-24 08:30:00,1721827800000,183.2,185.14,183.07,184.815,3283403.0,183.9411
2024-07-24 08:45:00,1721828700000,184.83,185.45,184.31,184.63,1527170.0,184.8965
2024-07-24 09:00:00,1721829600000,184.645,185.32,184.33,184.505,1545364.0,184.8783
2024-07-24 09:15:00,1721830500000,184.5,185.16,184.4647,184.925,904143.0,184.8397
2024-07-24 09:30:00,1721831400000,184.9,185.07,183.25,183.3,1591188.0,184.1863
2024-07-24 09:45:00,1721832300000,183.3,183.485,182.77,183.28,1570768.0,183.1262
2024-07-24 10:00:00,1721833200000,183.28,183.48,182.97,183.165,769645.0,183.2754
2024-07-24 10:15:00,1721834100000,183.17,183.29,182.83,182.99,884736.0,183.0097
2024-07-24 10:30:00,1721835000000,183.01,183.3708,182.31,182.425,980529.0,182.8041
2024-07-24 10:45:00,1721835900000,182.44,182.565,181.88,181.96,1231406.0,182.2692
2024-07-24 11:00:00,1721836800000,181.97,182.135,181.53,181.8,1583817.0,182.1506
2024-07-24 11:15:00,1721837700000,181.8,182.04,181.54,181.67,785842.0,181.8111
2024-07-24 11:30:00,1721838600000,181.72,182.11,181.41,181.65,763115.0,181.7193
2024-07-24 11:45:00,1721839500000,181.6799,182.0219,181.58,181.83,745609.0,181.8489
2024-07-24 12:00:00,1721840400000,181.855,182.41,181.73,182.3901,958884.0,182.1236
2024-07-24 12:15:00,1721841300000,182.39,182.48,181.97,182.07,681686.0,182.2291
2024-07-24 12:30:00,1721842200000,182.06,182.35,181.84,182.11,566939.0,182.1266
2024-07-24 12:45:00,1721843100000,182.12,182.12,181.655,181.655,749705.0,181.8548
2024-07-24 13:00:00,1721844000000,181.65,182.05,181.47,181.97,792888.0,181.7476
2024-07-24 13:15:00,1721844900000,181.98,182.0699,181.77,181.79,755461.0,181.9074
2024-07-24 13:30:00,1721845800000,181.795,181.89,181.295,181.295,1158035.0,181.5986
2024-07-24 13:45:00,1721846700000,181.295,181.4,180.8,181.07,1496182.0,181.0344
2024-07-24 14:00:00,1721847600000,181.07,181.18,180.8,181.13,1105235.0,180.9765
2024-07-24 14:15:00,1721848500000,181.12,181.28,180.85,180.965,1083660.0,181.001
2024-07-24 14:30:00,1721849400000,180.97,181.42,180.9,181.06,1253891.0,181.1371
2024-07-24 14:45:00,1721850300000,181.055,181.4,180.41,180.83,3689769.0,180.9221
2024-07-24 15:00:00,1721851200000,180.83,181.53,180.45,181.4999,888961.0,181.0154
2024-07-24 15:15:00,1721852100000,181.45,182.19,181.38,181.7659,123444.0,181.8345
2024-07-24 15:30:00,1721853000000,181.72,182.19,180.83,182.08,95505.0,181.8478
2024-07-24 15:45:00,1721853900000,182.09,182.14,180.83,181.93,54609.0,181.5975
2024-07-24 16:00:00,1721854800000,181.93,181.93,181.51,181.65,13742.0,181.7458
2024-07-24 16:15:00,1721855700000,181.7439,181.7439,181.4,181.57,81268.0,181.0267
2024-07-24 16:30:00,1721856600000,181.57,181.75,181.5503,181.63,14198.0,181.6281
2024-07-24 16:45:00,1721857500000,181.6497,182.0,181.6497,181.87,6784.0,181.7652
2024-07-24 17:00:00,1721858400000,181.87,182.1,181.79,181.94,44067.0,181.9129
2024-07-24 17:15:00,1721859300000,181.9,182.07,181.8,181.99,9969.0,181.9724
2024-07-24 17:30:00,1721860200000,181.97,182.0,181.8501,181.9701,10058.0,181.955
2024-07-24 17:45:00,1721861100000,181.96,181.96,181.86,181.89,6316.0,181.9179
2024-07-24 18:00:00,1721862000000,181.97,181.97,181.65,181.8,9910.0,181.742
2024-07-24 18:15:00,1721862900000,181.8,181.9458,181.8,181.85,7369.0,181.8571
2024-07-24 18:30:00,1721863800000,181.8,181.85,181.6,181.72,12474.0,181.7014
2024-07-24 18:45:00,1721864700000,181.7201,181.75,181.62,181.71,14043.0,181.6785
2024-07-25 03:00:00,1721894400000,180.98,180.99,180.0,180.0,26475.0,180.4139
2024-07-25 03:15:00,1721895300000,180.0,180.83,179.7,180.83,24713.0,179.9801
2024-07-25 03:30:00,1721896200000,181.06,181.43,180.81,181.05,20280.0,181.1348
2024-07-25 03:45:00,1721897100000,180.68,180.94,180.64,180.87,5642.0,180.8289
2024-07-25 04:00:00,1721898000000,180.85,181.33,180.81,181.24,7162.0,181.004
2024-07-25 04:15:00,1721898900000,180.99,180.99,180.83,180.83,1545.0,180.8982
2024-07-25 04:30:00,1721899800000,180.84,181.0,180.84,180.9,3642.0,180.9179
2024-07-25 04:45:00,1721900700000,180.72,180.9,180.63,180.68,5430.0,180.7786
2024-07-25 05:00:00,1721901600000,180.85,180.85,180.05,180.05,10219.0,180.2984
2024-07-25 05:15:00,1721902500000,180.07,180.56,179.71,180.53,53571.0,180.2251
2024-07-25 05:30:00,1721903400000,180.53,180.6,180.16,180.16,3967.0,180.3709
2024-07-25 05:45:00,1721904300000,180.55,180.84,180.26,180.82,8751.0,180.6462
2024-07-25 06:00:00,1721905200000,180.8,181.68,180.76,181.5,46793.0,181.3096
2024-07-25 06:15:00,1721906100000,181.5,181.67,181.15,181.33,16883.0,181.4826
2024-07-25 06:30:00,1721907000000,181.2,181.6,181.2,181.55,9468.0,181.4167
2024-07-25 06:45:00,1721907900000,181.49,181.6,181.45,181.5,47951.0,181.5096
2024-07-25 07:00:00,1721908800000,181.5,181.79,180.5,181.75,98576.0,181.3819
2024-07-25 07:15:00,1721909700000,181.73,181.73,181.5,181.5,43256.0,181.5691
2024-07-25 07:30:00,1721910600000,181.65,183.1494,180.59,183.03,143311.0,182.4147
2024-07-25 07:45:00,1721911500000,182.86,183.89,182.86,183.62,183854.0,183.2951
2024-07-25 08:00:00,1721912400000,183.6,183.63,182.91,183.04,148151.0,183.2857
2024-07-25 08:15:00,1721913300000,183.1,183.2,182.6,182.86,107332.0,182.9138
2024-07-25 08:30:00,1721914200000,182.91,183.275,180.3,180.3,3531130.0,182.0036
2024-07-25 08:45:00,1721915100000,180.29,180.92,178.83,179.19,3546414.0,179.7937
2024-07-25 09:00:00,1721916000000,179.18,179.26,176.8,177.51,3762210.0,177.9529
2024-07-25 09:15:00,1721916900000,177.52,179.45,177.4001,179.1586,2341081.0,178.4722
2024-07-25 09:30:00,1721917800000,179.125,180.22,178.93,180.1105,1804589.0,179.561
2024-07-25 09:45:00,1721918700000,180.13,181.22,180.06,180.93,2139181.0,180.714
2024-07-25 10:00:00,1721919600000,180.9884,181.9699,180.56,181.94,1430383.0,181.234
2024-07-25 10:15:00,1721920500000,181.95,182.345,181.28,181.92,1710261.0,181.7145
2024-07-25 10:30:00,1721921400000,181.9,182.1,180.65,181.05,894586.0,181.3753
2024-07-25 10:45:00,1721922300000,181.08,181.99,180.8901,181.93,1120925.0,181.4546
2024-07-25 11:00:00,1721923200000,181.922,183.03,181.77,182.99,1402092.0,182.3739
2024-07-25 11:15:00,1721924100000,182.98,183.65,182.83,183.22,1418898.0,183.2907
2024-07-25 11:30:00,1721925000000,183.23,183.42,182.88,183.188,924678.0,183.1677
2024-07-25 11:45:00,1721925900000,183.19,183.52,182.82,183.3,707251.0,183.141
2024-07-25 12:00:00,1721926800000,183.3,183.8958,183.15,183.51,889700.0,183.5806
2024-07-25 12:15:00,1721927700000,183.54,183.56,182.55,182.72,735226.0,182.9541
2024-07-25 12:30:00,1721928600000,182.73,183.24,182.57,183.16,643683.0,182.874
2024-07-25 12:45:00,1721929500000,183.16,183.34,182.782,183.174,954730.0,183.0245
2024-07-25 13:00:00,1721930400000,183.1725,183.22,182.44,182.54,694550.0,182.7687
2024-07-25 13:15:00,1721931300000,182.55,182.76,182.22,182.545,565560.0,182.5318
2024-07-25 13:30:00,1721932200000,182.53,182.91,182.16,182.3141,462151.0,182.6085
2024-07-25 13:45:00,1721933100000,182.3226,182.33,181.5114,181.765,763064.0,181.877
2024-07-25 14:00:00,1721934000000,181.74,182.18,181.65,181.725,530894.0,181.8393
2024-07-25 14:15:00,1721934900000,181.72,182.98,181.5108,182.49,830303.0,182.2383
2024-07-25 14:30:00,1721935800000,182.48,182.526,181.29,181.43,773821.0,181.7884
2024-07-25 14:45:00,1721936700000,181.42,181.445,179.77,179.85,2850431.0,180.3092
2024-07-25 15:00:00,1721937600000,179.85,180.01,179.5,179.9999,491190.0,179.8209
2024-07-25 15:15:00,1721938500000,179.95,180.0,179.78,179.9,41111.0,179.9002
2024-07-25 15:30:00,1721939400000,179.94,179.95,179.5,179.85,31813.0,179.7618
2024-07-25 15:45:00,1721940300000,179.85,179.99,179.82,179.95,159798.0,179.8116
2024-07-25 16:00:00,1721941200000,179.96,180.0,179.95,179.98,9612.0,179.8416
2024-07-25 16:15:00,1721942100000,179.9999,179.9999,179.94,179.95,10055.0,179.9605
2024-07-25 16:30:00,1721943000000,179.96,180.0,179.83,179.9599,11810.0,179.9239
2024-07-25 16:45:00,1721943900000,179.9591,179.98,179.85,179.98,13529.0,179.9041
2024-07-25 17:00:00,1721944800000,180.09,180.86,180.09,180.45,20205.0,180.4795
2024-07-25 17:15:00,1721945700000,180.4,180.63,180.17,180.3966,5971.0,180.3531
2024-07-25 17:30:00,1721946600000,180.15,180.4021,180.1417,180.1417,2792.0,180.238
2024-07-25 17:45:00,1721947500000,180.2,180.2,180.1981,180.2,4974.0,180.1984
2024-07-25 18:00:00,1721948400000,180.14,180.14,180.0,180.0,7466.0,180.0589
2024-07-25 18:15:00,1721949300000,179.94,180.18,179.94,180.11,4215.0,180.0802
2024-07-25 18:30:00,1721950200000,180.2,180.3762,180.1137,180.35,6051.0,180.3138
2024-07-25 18:45:00,1721951100000,180.2701,180.3,180.0,180.29,7567.0,180.1891
2024-07-26 03:00:00,1721980800000,181.6,181.96,181.3,181.9,9827.0,181.5056
2024-07-26 03:15:00,1721981700000,181.98,182.03,181.8,181.92,11205.0,181.9637
2024-07-26 03:30:00,1721982600000,181.98,182.0,181.89,181.89,2663.0,181.9517
2024-07-26 03:45:00,1721983500000,181.92,182.32,181.92,182.32,12017.0,182.0911
2024-07-26 04:00:00,1721984400000,182.42,182.42,182.3,182.3,3226.0,182.369
2024-07-26 04:15:00,1721985300000,182.22,182.22,182.0,182.0,3567.0,182.1003
2024-07-26 04:30:00,1721986200000,182.09,182.1,182.05,182.1,1786.0,182.0843
2024-07-26 04:45:00,1721987100000,182.1,182.1,182.1,182.1,219.0,182.1009
2024-07-26 05:00:00,1721988000000,182.02,182.13,182.01,182.13,4710.0,182.0817
2024-07-26 05:15:00,1721988900000,182.13,182.31,182.04,182.15,10963.0,182.1644
2024-07-26 05:30:00,1721989800000,182.26,182.32,182.25,182.32,6301.0,182.2929
2024-07-26 05:45:00,1721990700000,182.33,182.33,182.16,182.16,1906.0,182.238
2024-07-26 06:00:00,1721991600000,182.02,182.2,181.92,182.2,17320.0,182.0419
2024-07-26 06:15:00,1721992500000,182.26,182.52,182.17,182.52,24298.0,182.3455
2024-07-26 06:30:00,1721993400000,182.52,182.52,182.45,182.49,2974.0,182.4987
2024-07-26 06:45:00,1721994300000,182.46,182.5,182.4,182.42,10484.0,182.4583
2024-07-26 07:00:00,1721995200000,182.32,182.86,180.43,182.6599,135890.0,182.1689
2024-07-26 07:15:00,1721996100000,182.54,182.57,182.2502,182.483,42616.0,182.4079
2024-07-26 07:30:00,1721997000000,182.3,182.7,181.28,182.0,108589.0,182.0088
2024-07-26 07:45:00,1721997900000,182.0192,182.31,181.7,182.0,65346.0,182.0725
2024-07-26 08:00:00,1721998800000,182.04,182.08,181.6297,181.95,40532.0,181.8676
2024-07-26 08:15:00,1721999700000,181.8,182.15,180.14,180.34,143067.0,181.1312
2024-07-26 08:30:00,1722000600000,180.39,181.525,180.24,181.38,2559247.0,180.87
2024-07-26 08:45:00,1722001500000,181.41,181.76,180.53,181.4,1538425.0,181.0583
2024-07-26 09:00:00,1722002400000,181.38,181.77,180.48,181.0403,1267728.0,181.1748
2024-07-26 09:15:00,1722003300000,181.055,182.51,180.84,181.78,1324477.0,181.843
2024-07-26 09:30:00,1722004200000,181.8,181.92,180.627,181.1,992216.0,181.2151
2024-07-26 09:45:00,1722005100000,181.11,181.93,180.72,181.8032,667264.0,181.2824
2024-07-26 10:00:00,1722006000000,181.78,181.9439,181.42,181.625,641868.0,181.7188
2024-07-26 10:15:00,1722006900000,181.6,181.7,181.21,181.49,603764.0,181.4621
2024-07-26 10:30:00,1722007800000,181.5,181.99,181.23,181.94,572805.0,181.6468
2024-07-26 10:45:00,1722008700000,181.94,182.365,181.8,181.95,587728.0,182.0703
2024-07-26 11:00:00,1722009600000,181.97,182.745,181.95,182.43,936117.0,182.454
2024-07-26 11:15:00,1722010500000,182.445,182.6437,182.21,182.31,711093.0,182.4189
2024-07-26 11:30:00,1722011400000,182.33,182.954,182.33,182.9301,723794.0,182.6773
2024-07-26 11:45:00,1722012300000,182.94,183.19,182.48,182.62,738420.0,182.853
2024-07-26 12:00:00,1722013200000,182.6,182.84,182.3301,182.6335,541646.0,182.6108
2024-07-26 12:15:00,1722014100000,182.64,183.02,182.6201,182.89,502969.0,182.8531
2024-07-26 12:30:00,1722015000000,182.89,182.98,181.58,182.07,824157.0,182.145
2024-07-26 12:45:00,1722015900000,182.06,182.41,181.86,182.1,621589.0,182.1372
2024-07-26 13:00:00,1722016800000,182.105,182.5,182.0,182.23,519248.0,182.2705
2024-07-26 13:15:00,1722017700000,182.25,182.42,181.9613,182.19,523669.0,182.2152
2024-07-26 13:30:00,1722018600000,182.2046,182.48,181.75,182.42,737640.0,182.2416
2024-07-26 13:45:00,1722019500000,182.405,182.49,181.92,181.945,545906.0,182.2197
2024-07-26 14:00:00,1722020400000,181.94,182.29,181.71,182.16,722426.0,181.9777
2024-07-26 14:15:00,1722021300000,182.15,182.73,181.98,182.73,834528.0,182.3911
2024-07-26 14:30:00,1722022200000,182.71,182.72,181.83,182.6219,883811.0,182.1892
2024-07-26 14:45:00,1722023100000,182.61,182.63,181.68,182.55,2182812.0,182.2413
2024-07-26 15:00:00,1722024000000,182.5,182.62,182.28,182.59,303673.0,182.503
2024-07-26 15:15:00,1722024900000,182.6,182.65,182.59,182.63,40430.0,182.5586
2024-07-26 15:30:00,1722025800000,182.58,182.58,182.5,182.56,17052.0,182.5342
2024-07-26 15:45:00,1722026700000,182.55,182.55,182.5,182.5,29884.0,182.0672
2024-07-26 16:00:00,1722027600000,182.51,182.51,182.4,182.4491,48133.0,182.4957
2024-07-26 16:15:00,1722028500000,182.44,182.58,182.4,182.53,4481.0,182.4735
2024-07-26 16:30:00,1722029400000,182.48,182.5,182.47,182.5,5407.0,182.486
2024-07-26 16:45:00,1722030300000,182.4799,182.68,182.47,182.65,15613.0,182.5996
2024-07-26 17:00:00,1722031200000,182.6784,182.68,182.6001,182.65,5236.0,182.6654
2024-07-26 17:15:00,1722032100000,182.66,182.6851,182.6,182.62,4478.0,182.6324
2024-07-26 17:30:00,1722033000000,182.69,182.78,182.67,182.68,11478.0,182.7018
2024-07-26 17:45:00,1722033900000,182.8,182.8,182.51,182.65,19817.0,182.6355
2024-07-26 18:00:00,1722034800000,182.72,182.74,182.72,182.74,668.0,182.722
2024-07-26 18:15:00,1722035700000,182.73,182.73,182.65,182.73,5544.0,182.7194
2024-07-26 18:30:00,1722036600000,182.73,182.73,182.6,182.72,1166.0,182.676
2024-07-26 18:45:00,1722037500000,182.6874,182.7688,182.6,182.75,10637.0,182.6803
2024-07-29 03:00:00,1722240000000,182.76,183.71,182.76,183.7,6450.0,183.4927
2024-07-29 03:15:00,1722240900000,183.72,183.72,183.38,183.5,5802.0,183.5482
2024-07-29 03:30:00,1722241800000,183.49,183.56,183.4,183.4,2592.0,183.4754
2024-07-29 03:45:00,1722242700000,183.5,183.54,183.44,183.54,1935.0,183.5037
2024-07-29 04:00:00,1722243600000,183.49,183.5,183.4,183.4,907.0,183.4443
2024-07-29 04:15:00,1722244500000,183.32,183.32,183.2,183.2,2751.0,183.3001
2024-07-29 04:30:00,1722245400000,183.3,183.47,183.3,183.47,2498.0,183.3828
2024-07-29 04:45:00,1722246300000,183.5,183.5,183.5,183.5,364.0,183.4995
2024-07-29 05:00:00,1722247200000,183.52,183.58,183.44,183.58,1741.0,183.5335
2024-07-29 05:15:00,1722248100000,183.8,183.8,183.8,183.8,2960.0,183.794
2024-07-29 05:30:00,1722249000000,183.9,184.1,183.9,183.96,9526.0,184.0087
2024-07-29 05:45:00,1722249900000,183.9,183.9,183.8,183.8,4681.0,183.8609
2024-07-29 06:00:00,1722250800000,183.71,183.72,183.4,183.7,23999.0,183.6005
2024-07-29 06:15:00,1722251700000,183.75,183.9,183.72,183.9,7375.0,183.8452
2024-07-29 06:30:00,1722252600000,183.9,184.1,183.9,184.0,15796.0,184.0248
2024-07-29 06:45:00,1722253500000,184.0,184.05,183.8,183.8,11578.0,183.951
2024-07-29 07:00:00,1722254400000,183.6,184.1,183.0,183.9298,104229.0,183.7503
2024-07-29 07:15:00,1722255300000,183.9265,184.08,183.8104,184.0,17860.0,183.963
2024-07-29 07:30:00,1722256200000,183.99,184.25,183.9503,184.18,100454.0,184.0767
2024-07-29 07:45:00,1722257100000,184.17,184.2,183.9,183.91,27719.0,184.0246
2024-07-29 08:00:00,1722258000000,183.9,183.97,183.71,183.8,35594.0,183.8154
2024-07-29 08:15:00,1722258900000,183.8,184.17,183.49,183.83,74246.0,183.849
2024-07-29 08:30:00,1722259800000,183.84,184.75,182.81,183.37,3505567.0,183.6939
2024-07-29 08:45:00,1722260700000,183.36,183.92,183.1,183.875,1480683.0,183.5434
2024-07-29 09:00:00,1722261600000,183.87,184.228,183.13,183.245,1509077.0,183.7109
2024-07-29 09:15:00,1722262500000,183.24,183.92,182.96,183.36,1040665.0,183.4235
2024-07-29 09:30:00,1722263400000,183.37,183.84,182.995,183.71,803978.0,183.4015
2024-07-29 09:45:00,1722264300000,183.72,183.99,182.72,182.96,1020993.0,183.1985
2024-07-29 10:00:00,1722265200000,182.94,183.035,182.42,182.629,973818.0,182.7118
2024-07-29 10:15:00,1722266100000,182.64,183.24,182.38,183.1,880847.0,182.8042
2024-07-29 10:30:00,1722267000000,183.1,183.1299,182.44,182.98,750679.0,182.7845
2024-07-29 10:45:00,1722267900000,182.98,183.7001,182.95,183.52,912733.0,183.3631
2024-07-29 11:00:00,1722268800000,183.52,184.06,183.52,184.0099,624597.0,183.8388
2024-07-29 11:15:00,1722269700000,184.0,184.49,183.8211,183.89,895084.0,184.2288
2024-07-29 11:30:00,1722270600000,183.91,184.38,183.865,183.99,519501.0,184.148
2024-07-29 11:45:00,1722271500000,184.005,184.3653,183.925,184.0601,472125.0,184.125
2024-07-29 12:00:00,1722272400000,184.08,184.57,184.0499,184.35,549433.0,184.2829
2024-07-29 12:15:00,1722273300000,184.37,184.43,183.586,183.586,526996.0,184.028
2024-07-29 12:30:00,1722274200000,183.59,184.0,183.48,183.79,499005.0,183.7318
2024-07-29 12:45:00,1722275100000,183.8,184.0,183.52,183.53,359323.0,183.7591
2024-07-29 13:00:00,1722276000000,183.53,183.59,183.07,183.4,4521339.0,183.5263
2024-07-29 13:15:00,1722276900000,183.4,183.4294,182.985,183.02,492118.0,183.1994
2024-07-29 13:30:00,1722277800000,183.03,183.0999,182.76,182.94,527808.0,182.912
2024-07-29 13:45:00,1722278700000,182.95,183.21,182.715,183.18,737621.0,182.9203
2024-07-29 14:00:00,1722279600000,183.1701,183.39,182.96,183.26,573582.0,183.2114
2024-07-29 14:15:00,1722280500000,183.26,183.59,183.11,183.49,514442.0,183.3722
2024-07-29 14:30:00,1722281400000,183.5,183.9,183.44,183.71,782620.0,183.6833
2024-07-29 14:45:00,1722282300000,183.6942,183.73,182.9127,183.21,2726264.0,183.2949
2024-07-29 15:00:00,1722283200000,183.2,183.39,183.01,183.2,309167.0,183.208
2024-07-29 15:15:00,1722284100000,183.25,183.42,183.2,183.42,884128.0,183.2019
2024-07-29 15:30:00,1722285000000,183.4,183.423,183.2,183.3,18876.0,183.2397
2024-07-29 15:45:00,1722285900000,183.36,183.37,183.25,183.35,9324.0,183.3262
2024-07-29 16:00:00,1722286800000,183.3699,183.42,183.3001,183.42,4618.0,183.3905
2024-07-29 16:15:00,1722287700000,183.3,183.5,183.3,183.5,13632.0,183.4513
2024-07-29 16:30:00,1722288600000,183.5,183.52,183.3,183.44,14083.0,183.4913
2024-07-29 16:45:00,1722289500000,183.5228,183.59,183.2,183.59,7458.0,183.4637
2024-07-29 17:00:00,1722290400000,183.65,183.7484,183.59,183.65,8683.0,183.6474
2024-07-29 17:15:00,1722291300000,183.6696,183.8,183.51,183.54,5859.0,183.5912
2024-07-29 17:30:00,1722292200000,183.59,183.63,183.53,183.55,2224.0,183.5782
2024-07-29 17:45:00,1722293100000,183.58,183.6495,183.52,183.63,6748.0,183.6066
2024-07-29 18:00:00,1722294000000,183.64,183.65,183.001,183.1,17955.0,183.262
2024-07-29 18:15:00,1722294900000,183.05,183.15,183.02,183.09,1980.0,183.0947
2024-07-29 18:30:00,1722295800000,183.01,183.1443,182.9,182.9,8989.0,183.0061
2024-07-29 18:45:00,1722296700000,182.98,182.98,182.72,182.72,13233.0,182.792
2024-07-30 03:00:00,1722326400000,183.6,183.77,183.41,183.41,7143.0,183.5902
2024-07-30 03:15:00,1722327300000,183.5,183.59,183.42,183.59,837.0,183.559
2024-07-30 03:30:00,1722328200000,183.75,183.97,183.75,183.91,1608.0,183.8714
2024-07-30 03:45:00,1722329100000,183.77,183.86,183.76,183.86,1111.0,183.8071
2024-07-30 04:00:00,1722330000000,183.9,184.03,183.9,184.03,6288.0,183.9755
2024-07-30 04:15:00,1722330900000,183.91,184.1,183.91,183.97,7792.0,184.0331
2024-07-30 04:30:00,1722331800000,183.75,183.75,183.75,183.75,1250.0,183.7526
2024-07-30 04:45:00,1722332700000,183.94,184.0,183.94,184.0,766.0,183.9898
2024-07-30 05:00:00,1722333600000,183.97,183.97,183.88,183.88,933.0,183.9363
2024-07-30 05:15:00,1722334500000,184.06,184.06,184.06,184.06,747.0,184.0471
2024-07-30 05:45:00,1722336300000,184.03,184.03,184.01,184.01,912.0,184.0089
2024-07-30 06:00:00,1722337200000,183.9,184.01,183.81,183.9,8995.0,183.9205
2024-07-30 06:15:00,1722338100000,183.9,183.9,183.8,183.82,4013.0,183.8527
2024-07-30 06:30:00,1722339000000,183.89,184.25,183.85,184.25,9887.0,184.0286
2024-07-30 06:45:00,1722339900000,184.16,184.17,184.07,184.07,2992.0,184.1353
2024-07-30 07:00:00,1722340800000,183.88,184.26,182.742,184.03,2649980.0,183.212
2024-07-30 07:15:00,1722341700000,183.9883,183.99,183.8,183.91,15892.0,183.9066
2024-07-30 07:30:00,1722342600000,183.95,184.2,183.8,184.2,30639.0,184.0545
2024-07-30 07:45:00,1722343500000,184.19,184.48,184.19,184.33,93453.0,184.2613
2024-07-30 08:00:00,1722344400000,184.39,184.43,184.0,184.43,42322.0,184.0491
2024-07-30 08:15:00,1722345300000,184.32,184.76,184.15,184.72,55582.0,184.4988
2024-07-30 08:30:00,1722346200000,184.72,185.86,182.96,184.3419,3896523.0,184.5497
2024-07-30 08:45:00,1722347100000,184.35,184.35,183.31,183.725,1390737.0,183.7712
2024-07-30 09:00:00,1722348000000,183.74,184.4799,183.25,184.2662,1232588.0,183.812
2024-07-30 09:15:00,1722348900000,184.295,184.51,183.82,183.97,706041.0,184.1625
2024-07-30 09:30:00,1722349800000,183.95,184.02,183.06,183.59,870993.0,183.5021
2024-07-30 09:45:00,1722350700000,183.5901,183.92,183.1875,183.2201,654789.0,183.5457
2024-07-30 10:00:00,1722351600000,183.235,183.3219,181.49,181.61,1450515.0,182.096
2024-07-30 10:15:00,1722352500000,181.62,182.355,181.581,182.16,752251.0,182.0642
2024-07-30 10:30:00,1722353400000,182.14,182.3197,181.2665,181.55,852652.0,181.765
2024-07-30 10:45:00,1722354300000,181.5374,181.56,180.77,180.835,1079928.0,181.1162
2024-07-30 11:00:00,1722355200000,180.8402,181.61,180.8402,181.23,680800.0,181.3622
2024-07-30 11:15:00,1722356100000,181.225,181.39,180.9,181.33,624109.0,181.1222
2024-07-30 11:30:00,1722357000000,181.29,181.33,180.77,180.79,599469.0,181.0694
2024-07-30 11:45:00,1722357900000,180.8,180.88,179.67,179.76,1436340.0,180.188
2024-07-30 12:00:00,1722358800000,179.79,180.0699,179.38,180.06,1774446.0,179.7333
2024-07-30 12:15:00,1722359700000,180.07,180.4,180.0,180.1101,698052.0,180.1223
2024-07-30 12:30:00,1722360600000,180.12,181.09,179.99,181.08,889316.0,180.5225
2024-07-30 12:45:00,1722361500000,181.08,181.1743,180.77,180.99,435122.0,180.9679
2024-07-30 13:00:00,1722362400000,180.995,181.4099,180.9,181.3791,521573.0,181.1727
2024-07-30 13:15:00,1722363300000,181.38,181.78,181.22,181.3453,662378.0,181.5111
2024-07-30 13:30:00,1722364200000,181.34,181.59,181.26,181.405,390538.0,181.4027
2024-07-30 13:45:00,1722365100000,181.41,181.43,180.99,181.32,556161.0,181.1746
2024-07-30 14:00:00,1722366000000,181.32,181.345,180.87,181.05,641868.0,181.0812
2024-07-30 14:15:00,1722366900000,181.05,181.58,181.025,181.482,739001.0,181.3562
2024-07-30 14:30:00,1722367800000,181.485,181.69,181.09,181.69,951283.0,181.3881
2024-07-30 14:45:00,1722368700000,181.7,182.4562,181.48,181.7,2340742.0,181.9763
2024-07-30 15:00:00,1722369600000,181.71,181.71,173.78,175.54,1602835.0,177.8736
2024-07-30 15:15:00,1722370500000,175.701,177.83,175.55,177.0,417935.0,176.981
2024-07-30 15:30:00,1722371400000,177.0,181.71,176.8,177.15,277472.0,177.3986
2024-07-30 15:45:00,1722372300000,177.17,177.32,175.92,176.35,211749.0,176.8129
2024-07-30 16:00:00,1722373200000,176.4,176.78,174.27,175.21,317350.0,175.5676
2024-07-30 16:15:00,1722374100000,175.191,175.8,175.11,175.5,112202.0,175.401
2024-07-30 16:30:00,1722375000000,175.55,181.71,175.1,175.58,187270.0,177.7368
2024-07-30 16:45:00,1722375900000,175.57,177.0,174.52,175.35,209247.0,175.7353
2024-07-30 17:00:00,1722376800000,175.4,181.99,174.7,179.89,457857.0,179.0358
2024-07-30 17:15:00,1722377700000,179.88,181.0,178.5,178.85,107142.0,179.7021
2024-07-30 17:30:00,1722378600000,178.85,179.5,178.85,179.1408,57754.0,179.2014
2024-07-30 17:45:00,1722379500000,179.53,180.25,178.99,180.15,64726.0,179.59
2024-07-30 18:00:00,1722380400000,180.25,180.39,180.1,180.22,44871.0,180.1676
2024-07-30 18:15:00,1722381300000,180.4,180.8,180.4,180.65,39272.0,180.6181
2024-07-30 18:30:00,1722382200000,180.55,180.8273,180.53,180.6853,33922.0,180.6536
2024-07-30 18:45:00,1722383100000,180.63,180.88,180.54,180.88,31275.0,180.7258
2024-07-31 03:00:00,1722412800000,182.0,182.06,181.31,181.31,29335.0,181.6847
2024-07-31 03:15:00,1722413700000,181.31,181.94,181.3,181.91,12586.0,181.7939
2024-07-31 03:30:00,1722414600000,181.95,182.38,181.91,182.38,16207.0,182.1423
2024-07-31 03:45:00,1722415500000,182.5,182.7,182.1,182.1,14363.0,182.3771
2024-07-31 04:00:00,1722416400000,182.01,182.12,181.75,182.12,4152.0,181.9688
2024-07-31 04:15:00,1722417300000,181.99,182.25,181.96,182.01,7803.0,182.1157
2024-07-31 04:30:00,1722418200000,182.13,182.21,182.13,182.21,2499.0,182.1543
2024-07-31 04:45:00,1722419100000,182.14,182.14,181.8,181.8,4380.0,181.9142
2024-07-31 05:00:00,1722420000000,181.98,182.3,181.98,182.15,3465.0,182.112
2024-07-31 05:15:00,1722420900000,182.3,182.3,182.3,182.3,779.0,182.2541
2024-07-31 05:30:00,1722421800000,182.3,182.48,182.3,182.43,4804.0,182.3843
2024-07-31 05:45:00,1722422700000,182.4,182.94,182.32,182.86,27330.0,182.6369
2024-07-31 06:00:00,1722423600000,182.7,182.72,182.08,182.15,50473.0,182.3309
2024-07-31 06:15:00,1722424500000,182.31,182.4,181.71,181.8,33951.0,181.9717
2024-07-31 06:30:00,1722425400000,181.73,181.88,181.29,181.5,34878.0,181.5659
2024-07-31 06:45:00,1722426300000,181.53,182.13,181.48,182.05,21979.0,181.8696
2024-07-31 07:00:00,1722427200000,182.37,182.98,181.254,181.88,119794.0,182.0695
2024-07-31 07:15:00,1722428100000,181.77,182.64,181.77,182.33,91011.0,182.2655
2024-07-31 07:30:00,1722429000000,182.29,183.19,182.26,183.17,147369.0,182.624
2024-07-31 07:45:00,1722429900000,183.17,183.97,183.05,183.7,184333.0,183.6115
2024-07-31 08:00:00,1722430800000,183.7,184.13,183.65,183.9,148024.0,183.9543
2024-07-31 08:15:00,1722431700000,183.9,185.5,183.65,185.05,331984.0,184.4242
2024-07-31 08:30:00,1722432600000,185.05,186.33,184.46,185.1,3997121.0,185.3003
2024-07-31 08:45:00,1722433500000,185.13,185.7674,184.96,185.514,1391097.0,185.3324
2024-07-31 09:00:00,1722434400000,185.52,186.78,185.16,186.42,2038222.0,186.1473
2024-07-31 09:15:00,1722435300000,186.39,187.23,186.36,186.8203,1700058.0,186.8647
2024-07-31 09:30:00,1722436200000,186.81,187.805,186.81,186.92,1545353.0,187.388
2024-07-31 09:45:00,1722437100000,186.91,187.1,186.5,187.09,977659.0,186.764
2024-07-31 10:00:00,1722438000000,187.085,187.23,186.69,187.168,668140.0,186.9514
2024-07-31 10:15:00,1722438900000,187.18,187.29,186.6501,187.22,752387.0,186.9682
2024-07-31 10:30:00,1722439800000,187.22,187.4301,186.7398,186.93,806851.0,187.1091
2024-07-31 10:45:00,1722440700000,186.95,187.015,186.45,186.64,580381.0,186.684
2024-07-31 11:00:00,1722441600000,186.64,186.83,186.59,186.75,578953.0,186.7026
2024-07-31 11:15:00,1722442500000,186.75,186.85,186.17,186.47,556082.0,186.5111
2024-07-31 11:30:00,1722443400000,186.486,186.71,186.2499,186.58,498487.0,186.5199
2024-07-31 11:45:00,1722444300000,186.57,186.8,186.38,186.3899,444135.0,186.6146
2024-07-31 12:00:00,1722445200000,186.39,187.0,186.33,186.9601,565677.0,186.7148
2024-07-31 12:15:00,1722446100000,186.97,187.03,186.1001,186.3301,722854.0,186.5665
2024-07-31 12:30:00,1722447000000,186.33,186.34,185.48,186.015,854466.0,185.816
2024-07-31 12:45:00,1722447900000,186.02,186.725,185.98,186.36,745989.0,186.393
2024-07-31 13:00:00,1722448800000,186.36,186.68,186.01,186.13,920484.0,186.2392
2024-07-31 13:15:00,1722449700000,186.13,186.49,186.0201,186.3972,642373.0,186.2943
2024-07-31 13:30:00,1722450600000,186.38,186.84,185.9469,186.72,953874.0,186.4427
2024-07-31 13:45:00,1722451500000,186.72,187.43,186.5,187.27,1014558.0,187.1037
2024-07-31 14:00:00,1722452400000,187.28,187.7,187.06,187.6,1246250.0,187.412
2024-07-31 14:15:00,1722453300000,187.61,187.94,186.3619,186.525,1580566.0,187.1888
2024-07-31 14:30:00,1722454200000,186.54,187.57,186.34,187.46,1123806.0,186.9916
2024-07-31 14:45:00,1722455100000,187.44,187.57,186.38,186.99,3150929.0,187.0362
2024-07-31 15:00:00,1722456000000,186.98,189.4494,186.49,187.4899,2027594.0,187.0799
2024-07-31 15:15:00,1722456900000,187.33,187.98,186.98,187.85,176025.0,187.2482
2024-07-31 15:30:00,1722457800000,187.85,188.1,186.98,188.07,335273.0,187.1463
2024-07-31 15:45:00,1722458700000,188.07,188.07,187.5,187.63,74474.0,187.5051
2024-07-31 16:00:00,1722459600000,187.6301,188.0,186.98,187.37,59944.0,187.6238
2024-07-31 16:15:00,1722460500000,187.7,187.87,186.98,187.38,20615.0,187.5459
2024-07-31 16:30:00,1722461400000,187.66,188.87,187.25,188.5,52334.0,187.9692
2024-07-31 16:45:00,1722462300000,188.51,189.39,188.5,189.25,48057.0,188.9703
2024-07-31 17:00:00,1722463200000,189.25,189.5,188.86,189.4,37374.0,189.245
2024-07-31 17:15:00,1722464100000,189.31,189.55,189.1881,189.39,27816.0,189.4451
2024-07-31 17:30:00,1722465000000,189.25,189.25,188.88,189.1,19360.0,189.1561
2024-07-31 17:45:00,1722465900000,189.0,189.25,188.99,189.23,12661.0,189.1582
2024-07-31 18:00:00,1722466800000,189.2,189.6,189.2,189.6,29220.0,189.3317
2024-07-31 18:15:00,1722467700000,189.56,189.88,189.47,189.88,22959.0,189.698
2024-07-31 18:30:00,1722468600000,189.88,190.0,189.8,189.95,24403.0,189.9014
2024-07-31 18:45:00,1722469500000,189.93,190.0,189.875,189.92,27113.0,189.9572
2024-08-01 03:00:00,1722499200000,190.18,190.2,188.7,188.7,33448.0,189.536
2024-08-01 03:15:00,1722500100000,188.8,189.5,188.8,188.92,17105.0,189.1292
2024-08-01 03:30:00,1722501000000,189.0,189.2,188.68,189.01,7501.0,188.9964
2024-08-01 03:45:00,1722501900000,188.9,189.0,188.78,188.78,5676.0,188.8888
2024-08-01 04:00:00,1722502800000,188.61,189.0,188.41,189.0,12211.0,188.7923
2024-08-01 04:15:00,1722503700000,188.93,189.2,188.9,189.0,9380.0,189.0153
2024-08-01 04:30:00,1722504600000,189.0,189.32,189.0,189.32,5486.0,189.0258
2024-08-01 04:45:00,1722505500000,189.2,189.44,189.19,189.2,7882.0,189.342
2024-08-01 05:00:00,1722506400000,189.24,189.35,189.11,189.35,3006.0,189.2252
2024-08-01 05:15:00,1722507300000,189.3,189.35,189.3,189.35,3203.0,189.3438
2024-08-01 05:30:00,1722508200000,189.35,189.35,188.8,188.95,14322.0,189.0428
2024-08-01 05:45:00,1722509100000,188.95,189.28,188.95,189.06,3624.0,189.1103
2024-08-01 06:00:00,1722510000000,189.29,190.13,189.25,190.13,49492.0,189.6949
2024-08-01 06:15:00,1722510900000,190.2,190.32,189.86,190.2,34101.0,190.1048
2024-08-01 06:30:00,1722511800000,190.2,191.28,190.15,191.15,74738.0,190.7067
2024-08-01 06:45:00,1722512700000,191.15,191.49,190.51,190.51,73234.0,191.0044
2024-08-01 07:00:00,1722513600000,189.35,191.4,188.9175,190.7,200693.0,190.3993
2024-08-01 07:15:00,1722514500000,190.7,190.7771,190.11,190.43,90178.0,190.4181
2024-08-01 07:30:00,1722515400000,190.27,190.69,189.39,189.57,136641.0,189.9456
2024-08-01 07:45:00,1722516300000,189.54,190.35,189.54,190.08,83943.0,189.8646
2024-08-01 08:00:00,1722517200000,190.03,190.03,189.5,189.88,83766.0,189.852
2024-08-01 08:15:00,1722518100000,189.99,190.4373,189.2701,189.2701,159745.0,189.8291
2024-08-01 08:30:00,1722519000000,189.285,189.99,187.75,189.73,4709434.0,188.9723
2024-08-01 08:45:00,1722519900000,189.74,190.6,189.42,190.39,2963830.0,190.0873
2024-08-01 09:00:00,1722520800000,190.37,190.49,188.9998,189.5899,1987274.0,189.7465
2024-08-01 09:15:00,1722521700000,189.58,189.58,187.8,187.83,1538753.0,188.7968
2024-08-01 09:30:00,1722522600000,187.84,188.42,187.28,187.68,1658243.0,187.7986
2024-08-01 09:45:00,1722523500000,187.675,188.04,187.11,187.64,1406913.0,187.6235
2024-08-01 10:00:00,1722524400000,187.66,187.74,186.83,186.8674,1499715.0,187.26
2024-08-01 10:15:00,1722525300000,186.86,187.42,186.24,186.28,1364173.0,186.8685
2024-08-01 10:30:00,1722526200000,186.27,186.46,185.01,185.33,1543908.0,185.7532
2024-08-01 10:45:00,1722527100000,185.3399,185.57,184.63,184.69,1625207.0,185.1548
2024-08-01 11:00:00,1722528000000,184.66,185.59,184.57,185.53,1566503.0,185.1147
2024-08-01 11:15:00,1722528900000,185.534,185.9599,184.73,184.94,1908985.0,185.4486
2024-08-01 11:30:00,1722529800000,184.93,185.06,183.96,184.61,1264345.0,184.5641
2024-08-01 11:45:00,1722530700000,184.59,184.97,184.35,184.86,1107233.0,184.7102
2024-08-01 12:00:00,1722531600000,184.875,185.37,184.34,184.4,1363116.0,184.8685
2024-08-01 12:15:00,1722532500000,184.39,184.69,183.94,184.2031,1124208.0,184.2519
2024-08-01 12:30:00,1722533400000,184.22,184.4795,183.23,183.29,1134431.0,183.8603
2024-08-01 12:45:00,1722534300000,183.28,184.2499,183.0,184.2,1278782.0,183.4486
2024-08-01 13:00:00,1722535200000,184.2,184.35,183.0901,183.12,1252629.0,183.7054
2024-08-01 13:15:00,1722536100000,183.13,183.27,182.6,182.77,1134598.0,182.9363
2024-08-01 13:30:00,1722537000000,182.75,182.965,182.0547,182.0547,1180564.0,182.5369
2024-08-01 13:45:00,1722537900000,182.065,182.5,181.87,182.46,1200080.0,182.1613
2024-08-01 14:00:00,1722538800000,182.47,183.3,182.18,183.19,1787405.0,182.7002
2024-08-01 14:15:00,1722539700000,183.19,184.06,183.04,183.865,2410426.0,183.5905
2024-08-01 14:30:00,1722540600000,183.86,184.92,183.68,183.86,3090321.0,184.2264
2024-08-01 14:45:00,1722541500000,183.88,184.87,183.2,184.01,5223946.0,184.009
2024-08-01 15:00:00,1722542400000,184.07,188.0,171.12,176.48,4773943.0,177.4731
2024-08-01 15:15:00,1722543300000,176.419,184.07,171.5,174.49,2358909.0,175.2031
2024-08-01 15:30:00,1722544200000,174.5,176.0,172.01,173.08,1439203.0,173.7428
2024-08-01 15:45:00,1722545100000,173.04,177.3,173.04,176.2,1322677.0,178.8926
2024-08-01 16:00:00,1722546000000,176.2,184.07,174.5,174.66,740439.0,178.442
2024-08-01 16:15:00,1722546900000,174.64,184.07,174.05,174.89,372882.0,175.6155
2024-08-01 16:30:00,1722547800000,174.8,176.09,174.17,175.0,287275.0,175.0784
2024-08-01 16:45:00,1722548700000,174.9,175.6,172.83,173.8,398744.0,174.0864
2024-08-01 17:00:00,1722549600000,173.8,184.07,172.45,172.95,391448.0,174.3077
2024-08-01 17:15:00,1722550500000,173.0,173.0,170.54,171.44,675966.0,171.5708
2024-08-01 17:30:00,1722551400000,171.13,171.4,169.5109,170.09,677042.0,170.2058
2024-08-01 17:45:00,1722552300000,170.09,170.74,169.8,170.13,315395.0,170.2337
2024-08-01 18:00:00,1722553200000,170.1,170.19,169.3,169.981,254524.0,169.8257
2024-08-01 18:15:00,1722554100000,169.92,170.98,169.0,169.92,346130.0,169.7777
2024-08-01 18:30:00,1722555000000,169.92,170.95,169.82,170.88,172909.0,170.3313
2024-08-01 18:45:00,1722555900000,170.93,171.58,170.81,171.4,248608.0,171.3048
2024-08-02 03:00:00,1722585600000,169.97,169.97,167.85,167.85,125226.0,168.9174
2024-08-02 03:15:00,1722586500000,167.81,168.25,167.14,167.99,64852.0,167.5347
2024-08-02 03:30:00,1722587400000,167.99,168.45,167.7,168.4,38628.0,168.0615
2024-08-02 03:45:00,1722588300000,168.42,168.8,168.01,168.79,28751.0,168.426
2024-08-02 04:00:00,1722589200000,168.72,168.72,167.81,168.0,39895.0,168.0944
2024-08-02 04:15:00,1722590100000,168.02,168.3,167.69,168.3,16535.0,167.9933
2024-08-02 04:30:00,1722591000000,168.38,168.75,168.37,168.75,37405.0,168.5203
2024-08-02 04:45:00,1722591900000,168.74,168.76,168.45,168.45,21080.0,168.6311
2024-08-02 05:00:00,1722592800000,168.45,168.5,168.02,168.4,23751.0,168.3489
2024-08-02 05:15:00,1722593700000,168.3,169.37,168.3,169.37,37844.0,168.7344
2024-08-02 05:30:00,1722594600000,169.1,169.3,168.69,169.3,57595.0,169.0164
2024-08-02 05:45:00,1722595500000,169.37,169.38,168.79,169.09,40816.0,169.0413
2024-08-02 06:00:00,1722596400000,169.07,170.27,169.0,169.39,246759.0,169.4836
2024-08-02 06:15:00,1722597300000,169.35,169.35,168.28,168.44,109796.0,168.7343
2024-08-02 06:30:00,1722598200000,168.4,168.7,168.14,168.59,108435.0,168.4551
2024-08-02 06:45:00,1722599100000,168.5,169.05,167.99,168.97,133817.0,168.4772
2024-08-02 07:00:00,1722600000000,169.1,170.39,168.0,168.99,627138.0,169.0345
2024-08-02 07:15:00,1722600900000,168.92,169.114,168.5,169.0,347787.0,168.8044
2024-08-02 07:30:00,1722601800000,168.97,169.0,165.81,166.0,840478.0,166.9781
2024-08-02 07:45:00,1722602700000,165.9506,166.5,165.35,165.9994,636285.0,166.0687
2024-08-02 08:00:00,1722603600000,165.93,167.38,165.85,167.0,543824.0,166.6711
2024-08-02 08:15:00,1722604500000,167.0,168.2381,166.2,166.8,791532.0,167.4423
2024-08-02 08:30:00,1722605400000,166.75,167.31,165.05,165.3953,15504269.0,166.0666
2024-08-02 08:45:00,1722606300000,165.395,165.67,160.55,161.36,15047587.0,162.7284
2024-08-02 09:00:00,1722607200000,161.36,164.1,161.01,161.06,8713659.0,162.4264
2024-08-02 09:15:00,1722608100000,161.045,162.87,161.045,161.35,6060655.0,161.8602
2024-08-02 09:30:00,1722609000000,161.32,162.6,160.83,162.24,5054119.0,161.4254
2024-08-02 09:45:00,1722609900000,162.235,164.68,162.16,163.3,5543833.0,163.5037
2024-08-02 10:00:00,1722610800000,163.32,165.0,163.25,164.47,4693494.0,164.4167
2024-08-02 10:15:00,1722611700000,164.45,166.54,163.89,165.89,6960218.0,164.904
2024-08-02 10:30:00,1722612600000,165.897,167.8,165.72,167.69,5193525.0,167.0006
2024-08-02 10:45:00,1722613500000,167.685,168.29,167.0,168.1,4145908.0,167.4224
2024-08-02 11:00:00,1722614400000,168.11,168.36,166.75,167.07,3341475.0,167.5764
2024-08-02 11:15:00,1722615300000,167.06,168.18,166.99,167.7801,2793429.0,167.6225
2024-08-02 11:30:00,1722616200000,167.77,168.77,167.0325,168.4264,2601793.0,167.7474
2024-08-02 11:45:00,1722617100000,168.42,168.65,165.85,166.115,2989948.0,167.2516
2024-08-02 12:00:00,1722618000000,166.12,166.85,165.57,166.6988,2160884.0,166.2188
2024-08-02 12:15:00,1722618900000,166.685,166.7799,165.34,165.3701,1857151.0,166.018
2024-08-02 12:30:00,1722619800000,165.37,165.8599,165.05,165.49,1740167.0,165.465
2024-08-02 12:45:00,1722620700000,165.49,165.728,165.01,165.54,1729744.0,165.3408
2024-08-02 13:00:00,1722621600000,165.545,166.698,165.07,166.62,1913941.0,166.0349
2024-08-02 13:15:00,1722622500000,166.63,168.3668,166.5,168.34,2758532.0,167.4187
2024-08-02 13:30:00,1722623400000,168.3492,168.6599,167.03,167.05,2641361.0,167.916
2024-08-02 13:45:00,1722624300000,167.04,167.53,166.57,166.61,1940501.0,166.9712
2024-08-02 14:00:00,1722625200000,166.6,167.06,165.68,167.055,2551428.0,166.3505
2024-08-02 14:15:00,1722626100000,167.055,167.52,166.84,167.25,6022593.0,167.215
2024-08-02 14:30:00,1722627000000,167.24,167.56,166.217,166.62,3122669.0,166.8223
2024-08-02 14:45:00,1722627900000,166.61,168.03,166.49,167.83,7173368.0,167.4308
2024-08-02 15:00:00,1722628800000,167.9,168.39,167.51,167.7505,863621.0,167.9117
2024-08-02 15:15:00,1722629700000,167.76,167.99,167.71,167.79,133181.0,167.8907
2024-08-02 15:30:00,1722630600000,167.79,167.83,167.5424,167.67,59949.0,167.6538
2024-08-02 15:45:00,1722631500000,167.6703,167.9,167.5,167.58,253396.0,167.8527
2024-08-02 16:00:00,1722632400000,167.53,167.9,167.52,167.73,3320142.0,167.8984
2024-08-02 16:15:00,1722633300000,167.69,167.81,167.3747,167.79,33411.0,167.6011
2024-08-02 16:30:00,1722634200000,167.79,167.9,167.74,167.85,27797.0,167.8128
2024-08-02 16:45:00,1722635100000,167.8,167.8,167.74,167.75,9614.0,167.7645
2024-08-02 17:00:00,1722636000000,167.78,167.9,167.7358,167.85,28359.0,167.8429
2024-08-02 17:15:00,1722636900000,167.85,167.89,167.8,167.82,13039.0,167.8399
2024-08-02 17:30:00,1722637800000,167.77,167.84,167.75,167.76,78431.0,169.2928
2024-08-02 17:45:00,1722638700000,167.75,167.83,167.73,167.83,12506.0,167.7596
2024-08-02 18:00:00,1722639600000,167.7816,167.84,167.78,167.84,6945.0,167.8079
2024-08-02 18:15:00,1722640500000,167.8399,167.8399,167.75,167.75,9379.0,167.767
2024-08-02 18:30:00,1722641400000,167.77,167.8761,167.7,167.7,13847.0,167.7657
2024-08-02 18:45:00,1722642300000,167.66,167.8495,167.66,167.7499,18873.0,167.773
2024-08-05 03:00:00,1722844800000,158.0,163.27,158.0,162.81,236607.0,162.1329
2024-08-05 03:15:00,1722845700000,162.85,164.26,162.85,162.9,95473.0,163.4895
2024-08-05 03:30:00,1722846600000,162.97,163.28,162.5,162.93,52091.0,162.9063
2024-08-05 03:45:00,1722847500000,163.0,163.7,162.54,162.78,83649.0,162.8952
2024-08-05 04:00:00,1722848400000,162.74,163.2,162.72,163.0,62804.0,162.9711
2024-08-05 04:15:00,1722849300000,163.02,163.25,161.23,161.56,52181.0,162.2243
2024-08-05 04:30:00,1722850200000,161.58,162.01,160.0,160.0,61210.0,161.1521
2024-08-05 04:45:00,1722851100000,159.8,161.0,159.5,160.49,76134.0,160.2776
2024-08-05 05:00:00,1722852000000,160.5,160.5,159.82,159.82,56197.0,160.1269
2024-08-05 05:15:00,1722852900000,159.63,160.11,159.0,159.34,72709.0,159.4722
2024-08-05 05:30:00,1722853800000,159.48,160.0,158.3,159.0,49705.0,159.1396
2024-08-05 05:45:00,1722854700000,158.94,159.56,158.61,159.48,79377.0,158.9509
2024-08-05 06:00:00,1722855600000,159.48,161.9,158.0,159.23,294016.0,159.5473
2024-08-05 06:15:00,1722856500000,159.15,159.29,158.6,158.6,122517.0,159.0222
2024-08-05 06:30:00,1722857400000,158.6,159.15,157.9,158.15,227440.0,158.4592
2024-08-05 06:45:00,1722858300000,158.14,158.16,156.6,157.0,186677.0,157.2252
2024-08-05 07:00:00,1722859200000,160.55,163.0,150.79,154.9,708432.0,157.3444
2024-08-05 07:15:00,1722860100000,154.9,155.35,153.35,153.665,368005.0,154.5477
2024-08-05 07:30:00,1722861000000,153.6,155.0,151.57,154.1,547502.0,153.1517
2024-08-05 07:45:00,1722861900000,154.1,154.5,153.4,153.8,336214.0,153.7877
2024-08-05 08:00:00,1722862800000,153.8,155.79,153.51,155.2715,484962.0,154.6435
2024-08-05 08:15:00,1722863700000,155.5,156.0,154.2,154.3,341164.0,155.2171
2024-08-05 08:30:00,1722864600000,154.21,159.19,151.61,159.05,12745785.0,155.8993
2024-08-05 08:45:00,1722865500000,159.01,160.15,158.47,159.27,5286475.0,159.3761
2024-08-05 09:00:00,1722866400000,159.29,162.07,154.24,160.4046,4274622.0,160.6128
2024-08-05 09:15:00,1722867300000,160.4,162.035,152.835,158.185,3308327.0,159.3679
2024-08-05 09:30:00,1722868200000,158.185,160.7768,157.9,160.35,3541067.0,159.4872
2024-08-05 09:45:00,1722869100000,160.39,162.69,160.0,161.1802,2787517.0,161.4588
2024-08-05 10:00:00,1722870000000,161.18,162.68,160.18,162.66,2480719.0,161.3696
2024-08-05 10:15:00,1722870900000,162.635,162.96,161.95,162.3,1869939.0,162.4939
2024-08-05 10:30:00,1722871800000,162.34,162.66,161.5201,161.71,2050999.0,162.1008
2024-08-05 10:45:00,1722872700000,161.715,162.03,160.15,160.364,2117752.0,161.1534
2024-08-05 11:00:00,1722873600000,160.35,161.71,160.01,161.42,1882304.0,160.8154
2024-08-05 11:15:00,1722874500000,161.41,162.08,160.91,161.96,3232236.0,161.5917
2024-08-05 11:30:00,1722875400000,161.98,162.0,160.08,160.76,1979480.0,160.7711
2024-08-05 11:45:00,1722876300000,160.76,160.94,159.4501,159.5901,2177972.0,160.2806
2024-08-05 12:00:00,1722877200000,159.6128,161.0,159.5556,160.87,1351556.0,160.2361
2024-08-05 12:15:00,1722878100000,160.87,161.32,160.73,160.86,1281994.0,161.0448
2024-08-05 12:30:00,1722879000000,160.85,161.28,160.641,161.1,1204615.0,160.9931
2024-08-05 12:45:00,1722879900000,161.13,161.24,160.77,160.965,1224290.0,161.0366
2024-08-05 13:00:00,1722880800000,160.97,161.04,160.4,160.41,1171557.0,160.7582
2024-08-05 13:15:00,1722881700000,160.42,161.1299,160.27,161.0,1096330.0,160.7249
2024-08-05 13:30:00,1722882600000,160.995,161.3,160.06,160.1,1276717.0,160.7534
2024-08-05 13:45:00,1722883500000,160.1,160.91,160.0,160.3584,1441023.0,160.3521
2024-08-05 14:00:00,1722884400000,160.36,161.17,160.36,160.61,1324672.0,160.8409
2024-08-05 14:15:00,1722885300000,160.59,161.13,160.52,161.0473,1462669.0,160.8795
2024-08-05 14:30:00,1722886200000,161.04,161.3499,160.41,160.4183,1843378.0,160.9383
2024-08-05 14:45:00,1722887100000,160.4157,161.16,160.03,161.04,4194234.0,160.496
2024-08-05 15:00:00,1722888000000,161.02,161.7,160.42,161.02,1118003.0,160.9837
2024-08-05 15:15:00,1722888900000,160.99,161.1999,160.47,160.86,78945.0,160.8289
2024-08-05 15:30:00,1722889800000,160.97,161.0299,160.61,160.97,25142.0,160.9004
2024-08-05 15:45:00,1722890700000,160.92,161.53,160.8371,161.47,406110.0,161.0339
2024-08-05 16:00:00,1722891600000,161.45,161.55,161.02,161.3461,76365.0,161.4283
2024-08-05 16:15:00,1722892500000,161.35,161.5,161.02,161.42,19939.0,162.8334
2024-08-05 16:30:00,1722893400000,161.43,161.5,161.02,161.4,39042.0,161.4381
2024-08-05 16:45:00,1722894300000,161.41,161.5,161.36,161.41,12745.0,161.4484
2024-08-05 17:00:00,1722895200000,161.49,162.0907,161.4,162.01,51198.0,161.9087
2024-08-05 17:15:00,1722896100000,162.0,162.5,161.9504,162.3,36562.0,162.291
2024-08-05 17:30:00,1722897000000,162.2704,162.45,162.0,162.18,23255.0,162.2187
2024-08-05 17:45:00,1722897900000,162.1201,162.2,161.8919,161.98,28750.0,162.0222
2024-08-05 18:00:00,1722898800000,161.98,162.09,161.9,162.0046,19369.0,161.9965
2024-08-05 18:15:00,1722899700000,162.12,162.1287,161.8,161.96,24476.0,161.9793
2024-08-05 18:30:00,1722900600000,162.0,162.3,162.0,162.3,18242.0,162.1633
2024-08-05 18:45:00,1722901500000,162.31,162.87,162.3,162.87,28950.0,162.4771
2024-08-06 03:00:00,1722931200000,164.0,164.5,161.85,161.85,64555.0,162.7942
2024-08-06 03:15:00,1722932100000,161.75,162.32,161.71,162.32,14443.0,161.9272
2024-08-06 03:30:00,1722933000000,162.24,162.24,161.93,161.98,7177.0,162.1054
2024-08-06 03:45:00,1722933900000,162.06,162.4,161.99,162.2,15174.0,162.2412
2024-08-06 04:00:00,1722934800000,162.0,162.0,161.1,161.19,18880.0,161.4037
2024-08-06 04:15:00,1722935700000,161.18,161.18,160.4,160.6,24387.0,160.7436
2024-08-06 04:30:00,1722936600000,160.89,160.9,160.05,160.76,13834.0,160.4685
2024-08-06 04:45:00,1722937500000,160.63,161.21,160.39,161.05,10022.0,160.8208
2024-08-06 05:00:00,1722938400000,161.21,161.38,160.8,161.25,18825.0,161.0866
2024-08-06 05:15:00,1722939300000,161.3,161.43,160.98,161.43,9165.0,161.1928
2024-08-06 05:30:00,1722940200000,161.83,162.03,161.67,161.7,15429.0,161.8432
2024-08-06 05:45:00,1722941100000,161.5,161.87,161.36,161.59,13408.0,161.5619
2024-08-06 06:00:00,1722942000000,161.74,162.5,161.74,162.08,59892.0,162.0754
2024-08-06 06:15:00,1722942900000,161.95,162.25,161.9,162.25,29820.0,162.0873
2024-08-06 06:30:00,1722943800000,162.3,162.51,161.7,161.89,64650.0,162.2006
2024-08-06 06:45:00,1722944700000,161.84,162.5,161.25,162.5,44388.0,161.8272
2024-08-06 07:00:00,1722945600000,162.0,164.91,161.44,161.96,1212076.0,161.1916
2024-08-06 07:15:00,1722946500000,161.96,162.2789,161.74,161.97,63691.0,161.9742
2024-08-06 07:30:00,1722947400000,161.97,162.0,160.7715,161.3,90272.0,161.2609
2024-08-06 07:45:00,1722948300000,161.4,161.7,161.2,161.5,38498.0,161.453
2024-08-06 08:00:00,1722949200000,161.3,161.49,160.85,160.9,87557.0,161.1146
2024-08-06 08:15:00,1722950100000,160.9,161.97,160.75,161.75,149365.0,161.2928
2024-08-06 08:30:00,1722951000000,161.71,161.95,158.91,158.9658,5397317.0,160.748
2024-08-06 08:45:00,1722951900000,158.98,160.97,158.5404,160.28,3038708.0,159.8436
2024-08-06 09:00:00,1722952800000,160.28,161.3,159.7501,161.1699,2436525.0,160.5706
2024-08-06 09:15:00,1722953700000,161.17,161.5,160.6801,160.728,2049551.0,161.0449
2024-08-06 09:30:00,1722954600000,160.74,161.92,159.9,161.87,2285816.0,160.8198
2024-08-06 09:45:00,1722955500000,161.86,162.76,161.7,162.5832,2087012.0,162.3365
2024-08-06 10:00:00,1722956400000,162.58,163.06,162.2301,162.46,1731924.0,162.7136
2024-08-06 10:15:00,1722957300000,162.455,162.7723,161.57,161.59,1337350.0,162.3201
2024-08-06 10:30:00,1722958200000,161.6,162.4999,161.52,162.49,1323565.0,161.9705
2024-08-06 10:45:00,1722959100000,162.5,163.2199,162.22,163.19,1298985.0,162.8897
2024-08-06 11:00:00,1722960000000,163.19,163.37,162.77,163.18,1274750.0,163.1192
2024-08-06 11:15:00,1722960900000,163.195,163.3,162.68,162.925,1046118.0,163.0193
2024-08-06 11:30:00,1722961800000,162.93,163.016,162.21,162.81,1014617.0,162.584
2024-08-06 11:45:00,1722962700000,162.825,163.7,162.71,163.44,1157431.0,163.2063
2024-08-06 12:00:00,1722963600000,163.445,163.7651,163.19,163.34,853757.0,163.4747
2024-08-06 12:15:00,1722964500000,163.35,163.9,163.1,163.84,1527294.0,163.5733
2024-08-06 12:30:00,1722965400000,163.845,164.2998,163.69,163.865,1435297.0,164.0586
2024-08-06 12:45:00,1722966300000,163.885,164.22,163.56,164.0,809010.0,163.9731
2024-08-06 13:00:00,1722967200000,164.01,164.17,163.6163,163.895,1864027.0,163.9522
2024-08-06 13:15:00,1722968100000,163.885,164.76,163.885,164.735,1083773.0,164.3934
2024-08-06 13:30:00,1722969000000,164.735,165.08,164.565,164.72,1306227.0,164.8088
2024-08-06 13:45:00,1722969900000,164.72,165.02,163.97,163.99,2012799.0,164.8012
2024-08-06 14:00:00,1722970800000,163.99,164.26,163.3,163.475,1630655.0,163.7737
2024-08-06 14:15:00,1722971700000,163.48,164.33,163.24,164.0101,1453690.0,163.8848
2024-08-06 14:30:00,1722972600000,164.02,164.2,163.08,163.09,1374920.0,163.7098
2024-08-06 14:45:00,1722973500000,163.077,163.51,161.705,161.91,3927879.0,162.3572
2024-08-06 15:00:00,1722974400000,161.93,162.1,161.61,161.93,756796.0,161.9173
2024-08-06 15:15:00,1722975300000,161.85,162.29,161.62,161.85,159745.0,161.9075
2024-08-06 15:30:00,1722976200000,161.84,161.9,161.5,161.6,17819.0,161.7121
2024-08-06 15:45:00,1722977100000,161.61,161.93,161.06,161.4,1506266.0,161.912
2024-08-06 16:00:00,1722978000000,161.35,162.3253,161.2506,161.5443,21955.0,161.4297
2024-08-06 16:15:00,1722978900000,161.4,161.93,161.0,161.1,30020.0,161.2583
2024-08-06 16:30:00,1722979800000,161.1,161.93,160.42,160.42,55615.0,161.6616
2024-08-06 16:45:00,1722980700000,160.5,160.74,160.05,160.31,21819.0,160.4565
2024-08-06 17:00:00,1722981600000,160.71,161.5,160.52,161.0,25080.0,161.0645
2024-08-06 17:15:00,1722982500000,161.2,161.76,161.0749,161.21,21153.0,161.4615
2024-08-06 17:30:00,1722983400000,161.4,161.4,161.18,161.18,7429.0,161.3221
2024-08-06 17:45:00,1722984300000,161.25,161.3445,161.18,161.3376,6682.0,161.268
2024-08-06 18:00:00,1722985200000,161.35,161.35,161.02,161.3,9146.0,161.2318
2024-08-06 18:15:00,1722986100000,161.35,161.4,161.0,161.0004,13361.0,161.1112
2024-08-06 18:30:00,1722987000000,160.9,161.16,160.78,160.9998,10680.0,160.9784
2024-08-06 18:45:00,1722987900000,160.8999,160.98,160.25,160.55,10011.0,160.5721
2024-08-07 03:00:00,1723017600000,164.11,164.24,163.16,164.21,32319.0,163.7751
2024-08-07 03:15:00,1723018500000,164.42,164.46,163.92,163.99,11160.0,164.1352
2024-08-07 03:30:00,1723019400000,164.07,164.34,164.0,164.03,7818.0,164.1769
2024-08-07 03:45:00,1723020300000,164.13,164.5,164.13,164.5,8824.0,164.2928
2024-08-07 04:00:00,1723021200000,164.69,164.69,164.43,164.6,9294.0,164.4908
2024-08-07 04:15:00,1723022100000,164.54,164.71,164.33,164.71,11642.0,164.517
2024-08-07 04:30:00,1723023000000,164.75,164.87,164.61,164.61,8853.0,164.7471
2024-08-07 04:45:00,1723023900000,164.66,164.9,164.44,164.89,10002.0,164.6958
2024-08-07 05:00:00,1723024800000,164.95,165.15,164.87,165.09,9643.0,164.9964
2024-08-07 05:15:00,1723025700000,165.15,165.16,164.98,165.07,5425.0,165.0716
2024-08-07 05:30:00,1723026600000,165.2,165.38,165.2,165.21,14328.0,165.3011
2024-08-07 05:45:00,1723027500000,165.29,165.49,165.2,165.44,9240.0,165.3699
2024-08-07 06:00:00,1723028400000,165.4,165.42,164.28,164.86,74140.0,165.0845
2024-08-07 06:15:00,1723029300000,164.82,165.25,164.78,165.03,27169.0,165.0497
2024-08-07 06:30:00,1723030200000,165.13,165.17,164.75,164.88,19995.0,164.9175
2024-08-07 06:45:00,1723031100000,164.85,165.06,164.51,164.8,32503.0,164.8626
2024-08-07 07:00:00,1723032000000,165.24,165.4502,163.33,164.85,132568.0,164.9471
2024-08-07 07:15:00,1723032900000,164.95,165.15,164.6615,164.8199,56892.0,164.9506
2024-08-07 07:30:00,1723033800000,164.675,165.25,164.675,165.19,70155.0,165.1015
2024-08-07 07:45:00,1723034700000,165.1709,165.27,165.15,165.17,56562.0,165.208
2024-08-07 08:00:00,1723035600000,165.2,165.26,165.15,165.205,64402.0,165.2029
2024-08-07 08:15:00,1723036500000,165.2,166.99,165.2,166.69,283850.0,166.0267
2024-08-07 08:30:00,1723037400000,166.55,166.66,164.95,165.76,4267613.0,166.0097
2024-08-07 08:45:00,1723038300000,165.76,166.28,165.345,165.695,2329878.0,165.8434
2024-08-07 09:00:00,1723039200000,165.72,166.68,165.45,166.09,2758882.0,166.0746
2024-08-07 09:15:00,1723040100000,166.08,166.18,165.145,165.3613,1461040.0,165.6677
2024-08-07 09:30:00,1723041000000,165.4,166.98,165.25,166.95,1824508.0,166.0736
2024-08-07 09:45:00,1723041900000,166.94,167.58,166.7,166.98,2001091.0,167.1601
2024-08-07 10:00:00,1723042800000,166.97,167.41,166.5,166.73,1269609.0,167.0147
2024-08-07 10:15:00,1723043700000,166.7,166.8,166.15,166.29,1164103.0,166.4376
2024-08-07 10:30:00,1723044600000,166.25,166.38,165.7,165.71,1102820.0,166.0862
2024-08-07 10:45:00,1723045500000,165.71,166.05,165.44,165.6198,960348.0,165.7583
2024-08-07 11:00:00,1723046400000,165.57,165.5799,164.39,165.02,1553927.0,164.859
2024-08-07 11:15:00,1723047300000,165.0,165.45,164.84,165.3299,1282918.0,165.1904
2024-08-07 11:30:00,1723048200000,165.33,165.62,164.97,165.01,915567.0,165.2987
2024-08-07 11:45:00,1723049100000,165.015,165.17,164.5,164.7,1063230.0,164.7754
2024-08-07 12:00:00,1723050000000,164.68,164.7799,163.58,163.78,1394850.0,164.1838
2024-08-07 12:15:00,1723050900000,163.77,163.85,162.86,163.27,1290341.0,163.3978
2024-08-07 12:30:00,1723051800000,163.26,163.66,163.0516,163.315,906079.0,163.3568
2024-08-07 12:45:00,1723052700000,163.31,163.47,162.08,162.5601,1147655.0,162.6675
2024-08-07 13:00:00,1723053600000,162.55,162.815,162.12,162.23,940899.0,162.5052
2024-08-07 13:15:00,1723054500000,162.23,162.71,162.0,162.53,1823996.0,162.2788
2024-08-07 13:30:00,1723055400000,162.5,162.525,161.6655,161.7446,1226683.0,162.0062
2024-08-07 13:45:00,1723056300000,161.74,162.21,161.43,161.97,931199.0,161.8041
2024-08-07 14:00:00,1723057200000,161.98,163.03,161.9001,162.5,1139873.0,162.6283
2024-08-07 14:15:00,1723058100000,162.505,162.98,162.3064,162.5899,1014754.0,162.6081
2024-08-07 14:30:00,1723059000000,162.57,162.99,162.1081,162.2465,1428375.0,162.5641
2024-08-07 14:45:00,1723059900000,162.2501,163.04,162.22,162.76,3754033.0,162.6716
2024-08-07 15:00:00,1723060800000,162.77,162.9,162.3403,162.9,556508.0,162.7434
2024-08-07 15:15:00,1723061700000,162.83,162.83,161.69,161.8,39430.0,162.2126
2024-08-07 15:30:00,1723062600000,161.84,162.29,161.3549,161.49,44867.0,161.76
2024-08-07 15:45:00,1723063500000,161.4,161.55,161.1287,161.34,203653.0,162.4655
2024-08-07 16:00:00,1723064400000,161.36,162.77,161.01,161.1294,18934.0,161.7094
2024-08-07 16:15:00,1723065300000,161.1,162.77,161.01,161.21,104765.0,162.3599
2024-08-07 16:30:00,1723066200000,161.2,161.5,161.2,161.5,12786.0,161.3695
2024-08-07 16:45:00,1723067100000,161.43,162.77,161.26,161.27,10594.0,161.426
2024-08-07 17:00:00,1723068000000,161.37,161.58,161.05,161.1048,30479.0,161.3259
2024-08-07 17:15:00,1723068900000,161.25,161.8883,161.25,161.77,15625.0,161.4001
2024-08-07 17:30:00,1723069800000,161.7809,161.8,161.45,161.64,6406.0,161.7046
2024-08-07 17:45:00,1723070700000,161.3134,161.64,161.26,161.63,7360.0,161.4061
2024-08-07 18:00:00,1723071600000,161.64,161.6853,161.3,161.3,5247.0,161.7084
2024-08-07 18:15:00,1723072500000,161.35,161.4,160.8,160.8,26970.0,161.0755
2024-08-07 18:30:00,1723073400000,160.92,161.139,160.08,160.3,25830.0,160.387
2024-08-07 18:45:00,1723074300000,160.35,161.0,160.3,160.75,32831.0,160.7161
2024-08-08 03:00:00,1723104000000,163.25,163.25,162.02,162.41,28630.0,162.3319
2024-08-08 03:15:00,1723104900000,162.45,162.46,162.07,162.24,8034.0,162.3075
2024-08-08 03:30:00,1723105800000,162.14,162.5,162.14,162.5,3951.0,162.3557
2024-08-08 03:45:00,1723106700000,162.76,162.92,162.76,162.83,4051.0,162.852
2024-08-08 04:00:00,1723107600000,163.15,163.2,163.02,163.02,2305.0,163.0927
2024-08-08 04:15:00,1723108500000,162.94,163.02,162.81,162.94,2541.0,162.9484
2024-08-08 04:30:00,1723109400000,162.99,163.03,162.78,162.78,4809.0,162.9334
2024-08-08 04:45:00,1723110300000,162.66,162.75,162.3,162.75,9972.0,162.4784
2024-08-08 05:00:00,1723111200000,162.99,163.0,162.59,162.61,11803.0,162.7971
2024-08-08 05:15:00,1723112100000,162.7,163.13,162.7,163.08,4533.0,162.9881
2024-08-08 05:30:00,1723113000000,163.08,163.08,163.0,163.0,7297.0,163.0247
2024-08-08 05:45:00,1723113900000,163.09,163.15,162.89,162.89,10606.0,163.0014
2024-08-08 06:00:00,1723114800000,162.8,163.0,162.5,163.0,23922.0,162.7414
2024-08-08 06:15:00,1723115700000,162.98,163.02,162.82,162.94,7284.0,162.9045
2024-08-08 06:30:00,1723116600000,162.89,163.12,162.87,163.12,6792.0,162.9417
2024-08-08 06:45:00,1723117500000,163.06,163.1,162.96,163.0,11129.0,163.0047
2024-08-08 07:00:00,1723118400000,163.06,163.6,161.5,162.85,63939.0,162.9101
2024-08-08 07:15:00,1723119300000,162.8162,162.92,162.5,162.7,18706.0,162.7426
2024-08-08 07:30:00,1723120200000,162.9,165.036,162.9,164.4065,207588.0,164.472
2024-08-08 07:45:00,1723121100000,164.49,165.19,164.46,165.04,83896.0,164.8253
2024-08-08 08:00:00,1723122000000,165.0291,165.55,164.81,165.49,83664.0,165.2233
2024-08-08 08:15:00,1723122900000,165.49,166.01,165.0074,165.1,301806.0,163.6482
2024-08-08 08:30:00,1723123800000,165.165,165.47,163.14,163.7273,2543507.0,164.2307
2024-08-08 08:45:00,1723124700000,163.73,164.19,162.55,164.15,2012157.0,163.3567
2024-08-08 09:00:00,1723125600000,164.11,165.11,163.92,165.0001,1642182.0,164.5662
2024-08-08 09:15:00,1723126500000,164.9899,165.24,164.25,164.595,1526889.0,164.7142
2024-08-08 09:30:00,1723127400000,164.59,165.0799,164.286,164.86,1373091.0,164.6946
2024-08-08 09:45:00,1723128300000,164.87,165.74,164.84,165.435,1493370.0,165.2981
2024-08-08 10:00:00,1723129200000,165.45,165.49,164.4,164.53,1190428.0,164.9563
2024-08-08 10:15:00,1723130100000,164.5,164.691,164.12,164.43,1444894.0,164.4203
2024-08-08 10:30:00,1723131000000,164.44,164.67,164.14,164.475,705841.0,164.4141
2024-08-08 10:45:00,1723131900000,164.49,164.54,164.0,164.07,838155.0,164.1893
2024-08-08 11:00:00,1723132800000,164.05,165.79,164.04,165.65,2476576.0,165.2126
2024-08-08 11:15:00,1723133700000,165.6401,165.78,165.14,165.23,1122964.0,165.5183
2024-08-08 11:30:00,1723134600000,165.21,165.22,164.505,164.91,2505945.0,164.6773
2024-08-08 11:45:00,1723135500000,164.9,165.24,164.67,164.861,788756.0,164.9554
2024-08-08 12:00:00,1723136400000,164.88,165.19,164.47,165.075,964427.0,164.8162
2024-08-08 12:15:00,1723137300000,165.08,165.87,165.015,165.83,963760.0,165.4707
2024-08-08 12:30:00,1723138200000,165.83,166.19,165.7501,165.955,888256.0,165.9501
2024-08-08 12:45:00,1723139100000,165.98,166.1301,165.83,165.94,680646.0,165.9871
2024-08-08 13:00:00,1723140000000,165.93,166.48,165.77,166.0695,1019359.0,166.0732
2024-08-08 13:15:00,1723140900000,166.06,166.57,166.05,166.275,1000834.0,166.2929
2024-08-08 13:30:00,1723141800000,166.28,166.43,165.93,166.0399,966886.0,166.2044
2024-08-08 13:45:00,1723142700000,166.03,166.65,165.975,166.27,1262894.0,166.4187
2024-08-08 14:00:00,1723143600000,166.25,166.6899,165.93,166.455,1166843.0,166.2913
2024-08-08 14:15:00,1723144500000,166.47,166.57,165.4178,165.425,1161486.0,166.1202
2024-08-08 14:30:00,1723145400000,165.44,166.17,165.19,166.15,1293981.0,165.5562
2024-08-08 14:45:00,1723146300000,166.165,166.21,165.1113,165.92,3273557.0,165.6208
2024-08-08 15:00:00,1723147200000,165.75,166.1,165.51,165.99,1153504.0,165.8085
2024-08-08 15:15:00,1723148100000,165.9999,166.45,165.9999,166.35,30948.0,166.2128
2024-08-08 15:30:00,1723149000000,166.31,166.35,166.13,166.32,25374.0,166.2845
2024-08-08 15:45:00,1723149900000,166.34,166.34,165.8,166.11,117499.0,165.9442
2024-08-08 16:00:00,1723150800000,166.12,166.13,166.0205,166.1,22963.0,166.0772
2024-08-08 16:15:00,1723151700000,165.8,166.09,165.8,166.05,302762.0,165.8143
2024-08-08 16:30:00,1723152600000,166.08,166.1183,166.01,166.05,8688.0,166.064
2024-08-08 16:45:00,1723153500000,166.09,166.13,165.8,165.8,10353.0,165.9753
2024-08-08 17:00:00,1723154400000,166.2,166.3,165.85,165.86,26579.0,165.976
2024-08-08 17:15:00,1723155300000,165.84,166.1,165.75,166.05,13393.0,165.8686
2024-08-08 17:30:00,1723156200000,166.1,166.1,165.98,166.0688,3920.0,166.0256
2024-08-08 17:45:00,1723157100000,165.96,166.05,165.9043,166.05,6738.0,165.9973
2024-08-08 18:00:00,1723158000000,166.015,166.35,166.015,166.35,21649.0,166.1767
2024-08-08 18:15:00,1723158900000,166.3883,166.3883,166.15,166.15,6298.0,166.2338
2024-08-08 18:30:00,1723159800000,166.2,166.5,166.1993,166.38,15144.0,166.3458
2024-08-08 18:45:00,1723160700000,166.43,166.6,166.4132,166.6,10756.0,166.484
2024-08-09 03:00:00,1723190400000,166.55,166.68,166.38,166.39,13428.0,166.4826
2024-08-09 03:15:00,1723191300000,166.35,166.52,166.3,166.52,4014.0,166.3801
2024-08-09 03:30:00,1723192200000,166.59,167.0,166.59,167.0,14701.0,166.8912
2024-08-09 03:45:00,1723193100000,167.16,167.16,166.93,167.06,12683.0,166.9896
2024-08-09 04:00:00,1723194000000,167.09,167.21,167.01,167.13,7854.0,167.1255
2024-08-09 04:15:00,1723194900000,167.13,167.21,167.05,167.11,7288.0,167.134
2024-08-09 04:30:00,1723195800000,167.11,167.29,167.09,167.16,15293.0,167.1836
2024-08-09 04:45:00,1723196700000,167.15,167.41,167.02,167.38,8173.0,167.2007
2024-08-09 05:00:00,1723197600000,167.35,167.4,166.91,167.12,10648.0,167.1675
2024-08-09 05:15:00,1723198500000,167.11,167.19,166.96,167.05,6780.0,167.0619
2024-08-09 05:30:00,1723199400000,167.1,167.1,166.9,166.9,3805.0,166.9745
2024-08-09 05:45:00,1723200300000,166.9,166.92,166.73,166.8,4809.0,166.8206
2024-08-09 06:00:00,1723201200000,166.7,167.05,166.7,167.0,29508.0,166.8832
2024-08-09 06:15:00,1723202100000,166.97,167.06,166.3,166.38,35440.0,166.6051
2024-08-09 06:30:00,1723203000000,166.41,166.49,165.9,166.28,35850.0,166.2529
2024-08-09 06:45:00,1723203900000,166.32,166.63,166.32,166.51,12651.0,166.4356
2024-08-09 07:00:00,1723204800000,166.95,167.1467,165.5001,165.57,1970572.0,165.8293
2024-08-09 07:15:00,1723205700000,165.55,165.82,165.4,165.5975,30459.0,165.5937
2024-08-09 07:30:00,1723206600000,165.54,165.54,164.9069,165.4324,54776.0,165.1933
2024-08-09 07:45:00,1723207500000,165.4901,165.7,165.4,165.55,39607.0,165.5763
2024-08-09 08:00:00,1723208400000,165.45,165.7,165.37,165.56,18286.0,165.7852
2024-08-09 08:15:00,1723209300000,165.65,166.7942,165.5058,166.67,111201.0,166.3136
2024-08-09 08:30:00,1723210200000,166.4,167.47,165.85,166.5099,2881615.0,166.851
2024-08-09 08:45:00,1723211100000,166.51,167.45,166.51,166.745,1446466.0,166.9459
2024-08-09 09:00:00,1723212000000,166.8,168.47,166.41,168.355,1958114.0,167.6285
2024-08-09 09:15:00,1723212900000,168.34,168.55,167.35,167.48,1429247.0,167.9328
2024-08-09 09:30:00,1723213800000,167.505,167.505,166.44,166.53,1350040.0,166.8478
2024-08-09 09:45:00,1723214700000,166.51,167.33,166.51,167.13,1097006.0,167.0758
2024-08-09 10:00:00,1723215600000,167.17,167.87,167.0701,167.47,2861667.0,167.2324
2024-08-09 10:15:00,1723216500000,167.48,167.82,167.35,167.44,817946.0,167.5767
2024-08-09 10:30:00,1723217400000,167.45,167.8999,167.31,167.785,1687371.0,167.5134
2024-08-09 10:45:00,1723218300000,167.785,167.89,166.76,166.87,882741.0,167.41
2024-08-09 11:00:00,1723219200000,166.88,167.06,166.48,166.56,702662.0,166.7367
2024-08-09 11:15:00,1723220100000,166.55,166.78,166.22,166.48,696686.0,166.5373
2024-08-09 11:30:00,1723221000000,166.47,166.6999,166.24,166.51,542013.0,166.4617
2024-08-09 11:45:00,1723221900000,166.52,166.84,166.32,166.84,666852.0,166.6376
2024-08-09 12:00:00,1723222800000,166.81,167.335,166.62,167.3001,628427.0,166.8839
2024-08-09 12:15:00,1723223700000,167.32,167.81,167.29,167.8,851984.0,167.514
2024-08-09 12:30:00,1723224600000,167.802,167.92,167.55,167.65,831570.0,167.7538
2024-08-09 12:45:00,1723225500000,167.69,167.7,167.09,167.35,585810.0,167.4266
2024-08-09 13:00:00,1723226400000,167.36,167.5796,166.895,166.98,546010.0,167.2788
2024-08-09 13:15:00,1723227300000,166.97,167.13,166.62,166.7797,667058.0,166.8626
2024-08-09 13:30:00,1723228200000,166.76,166.9,166.49,166.795,696738.0,166.7051
2024-08-09 13:45:00,1723229100000,166.81,166.93,166.37,166.77,676346.0,166.6766
2024-08-09 14:00:00,1723230000000,166.76,166.87,166.45,166.68,738726.0,166.6766
2024-08-09 14:15:00,1723230900000,166.69,166.86,166.16,166.54,982731.0,166.4923
2024-08-09 14:30:00,1723231800000,166.54,166.86,166.4591,166.65,1124022.0,166.6877
2024-08-09 14:45:00,1723232700000,166.64,167.2,166.63,166.96,2461972.0,166.9685
2024-08-09 15:00:00,1723233600000,166.94,167.45,166.94,167.3106,434296.0,166.9951
2024-08-09 15:15:00,1723234500000,167.31,167.39,166.94,167.15,42341.0,167.0965
2024-08-09 15:30:00,1723235400000,167.15,167.2,167.13,167.1997,9167.0,167.1576
2024-08-09 15:45:00,1723236300000,167.15,167.45,166.94,167.3,54555.0,167.0676
2024-08-09 16:00:00,1723237200000,167.3,167.4,167.27,167.36,11072.0,168.0009
2024-08-09 16:15:00,1723238100000,167.36,167.4,167.0493,167.24,15506.0,167.1923
2024-08-09 16:30:00,1723239000000,167.13,167.28,167.11,167.2,3620.0,167.1752
2024-08-09 16:45:00,1723239900000,167.11,167.19,167.1,167.19,5084.0,167.1353
2024-08-09 17:00:00,1723240800000,167.21,167.21,167.15,167.2,2809.0,167.1867
2024-08-09 17:15:00,1723241700000,167.15,167.2,167.07,167.07,5070.0,167.1416
2024-08-09 17:30:00,1723242600000,167.1951,167.1951,167.0663,167.13,2819.0,167.1263
2024-08-09 17:45:00,1723243500000,167.0606,167.1,167.06,167.1,2475.0,167.0746
2024-08-09 18:00:00,1723244400000,167.1225,167.13,167.11,167.13,1641.0,167.1209
2024-08-09 18:15:00,1723245300000,167.06,167.15,167.0,167.1,12367.0,167.0263
2024-08-09 18:30:00,1723246200000,167.0144,167.0994,167.0144,167.08,3233.0,167.0396
2024-08-09 18:45:00,1723247100000,167.05,167.06,166.98,166.98,10412.0,167.0375
2024-08-12 03:00:00,1723449600000,167.91,168.06,167.9,168.06,11163.0,167.9583
2024-08-12 03:15:00,1723450500000,168.05,168.05,167.94,168.0,4032.0,168.007
2024-08-12 03:30:00,1723451400000,167.9,167.9,167.75,167.75,2756.0,167.8731
2024-08-12 03:45:00,1723452300000,167.77,167.77,167.7,167.7,2948.0,167.7222
2024-08-12 04:00:00,1723453200000,167.7,167.89,167.7,167.89,6320.0,167.7808
2024-08-12 04:15:00,1723454100000,167.9,167.98,167.9,167.98,1173.0,167.942
2024-08-12 04:30:00,1723455000000,167.99,168.19,167.99,168.19,6027.0,168.04
2024-08-12 04:45:00,1723455900000,168.23,168.31,168.08,168.08,10728.0,168.2356
2024-08-12 05:00:00,1723456800000,168.01,168.01,167.92,167.96,3729.0,167.9705
2024-08-12 05:15:00,1723457700000,168.11,168.36,168.11,168.3,3568.0,168.2586
2024-08-12 05:30:00,1723458600000,168.25,168.25,168.25,168.25,263.0,168.2014
2024-08-12 05:45:00,1723459500000,168.17,168.17,168.08,168.11,8237.0,168.1061
2024-08-12 06:00:00,1723460400000,168.11,168.2,167.71,168.14,20916.0,168.0388
2024-08-12 06:15:00,1723461300000,168.1,168.2,168.04,168.13,3964.0,168.1429
2024-08-12 06:30:00,1723462200000,168.08,168.13,168.05,168.11,10286.0,168.0961
2024-08-12 06:45:00,1723463100000,168.05,168.25,168.0,168.25,7367.0,168.112
2024-08-12 07:00:00,1723464000000,168.0,168.28,167.21,168.15,64709.0,167.9624
2024-08-12 07:15:00,1723464900000,168.13,168.25,168.1,168.25,19961.0,168.1921
2024-08-12 07:30:00,1723465800000,168.29,168.3197,168.01,168.14,25882.0,168.1922
2024-08-12 07:45:00,1723466700000,168.06,168.33,168.06,168.33,36610.0,168.243
2024-08-12 08:00:00,1723467600000,168.37,168.59,168.16,168.44,49198.0,168.422
2024-08-12 08:15:00,1723468500000,168.38,168.77,168.01,168.16,81379.0,168.3733
2024-08-12 08:30:00,1723469400000,168.14,168.32,166.1301,166.2828,3470462.0,167.3782
2024-08-12 08:45:00,1723470300000,166.3,167.93,166.1101,166.64,1670868.0,166.5184
2024-08-12 09:00:00,1723471200000,166.65,167.93,166.53,167.565,1816964.0,167.4086
2024-08-12 09:15:00,1723472100000,167.575,168.55,167.4701,168.03,1529922.0,168.0403
2024-08-12 09:30:00,1723473000000,168.04,168.52,167.7,168.005,1581094.0,168.0154
2024-08-12 09:45:00,1723473900000,168.02,168.17,167.78,168.05,749943.0,167.9789
2024-08-12 10:00:00,1723474800000,168.07,168.52,167.94,168.19,800203.0,168.3095
2024-08-12 10:15:00,1723475700000,168.19,168.2445,166.3645,167.11,1193973.0,167.2033
2024-08-12 10:30:00,1723476600000,167.11,167.12,166.62,167.12,873667.0,166.8774
2024-08-12 10:45:00,1723477500000,167.11,168.01,166.905,167.96,1080509.0,167.5478
2024-08-12 11:00:00,1723478400000,167.96,168.2399,167.78,167.93,600218.0,168.0177
2024-08-12 11:15:00,1723479300000,167.93,167.96,167.56,167.745,547356.0,167.7607
2024-08-12 11:30:00,1723480200000,167.74,167.87,167.28,167.51,622435.0,167.5119
2024-08-12 11:45:00,1723481100000,167.52,167.7185,166.87,166.88,489507.0,167.3296
2024-08-12 12:00:00,1723482000000,166.89,167.225,166.62,167.17,618289.0,166.9971
2024-08-12 12:15:00,1723482900000,167.15,167.63,167.14,167.3754,501508.0,167.3954
2024-08-12 12:30:00,1723483800000,167.3795,167.525,166.95,167.11,421482.0,167.2386
2024-08-12 12:45:00,1723484700000,167.09,167.18,166.56,166.9685,573164.0,166.8815
2024-08-12 13:00:00,1723485600000,166.97,167.2,166.81,167.03,464930.0,166.9772
2024-08-12 13:15:00,1723486500000,167.02,167.16,166.7504,166.93,457237.0,166.9727
2024-08-12 13:30:00,1723487400000,166.9,167.17,166.77,167.0,415900.0,166.9748
2024-08-12 13:45:00,1723488300000,167.01,167.13,166.87,167.0901,407762.0,167.0086
2024-08-12 14:00:00,1723489200000,167.09,167.12,166.65,166.95,614085.0,166.9004
2024-08-12 14:15:00,1723490100000,166.96,167.035,166.7,166.73,509268.0,166.8925
2024-08-12 14:30:00,1723491000000,166.745,166.89,166.36,166.45,900719.0,166.5451
2024-08-12 14:45:00,1723491900000,166.46,166.92,166.18,166.82,1958916.0,166.5552
2024-08-12 15:00:00,1723492800000,166.8,166.99,166.61,166.85,362450.0,166.803
2024-08-12 15:15:00,1723493700000,166.87,166.94,166.75,166.8,10706.0,166.8632
2024-08-12 15:30:00,1723494600000,166.7501,166.8,166.65,166.66,29484.0,166.7698
2024-08-12 15:45:00,1723495500000,166.8,166.8,166.64,166.7,9392.0,166.7479
2024-08-12 16:00:00,1723496400000,166.69,166.77,166.69,166.7,53241.0,166.7958
2024-08-12 16:15:00,1723497300000,166.7399,166.74,166.68,166.72,3531.0,167.2823
2024-08-12 16:30:00,1723498200000,166.73,166.74,166.69,166.7,3136.0,166.5146
2024-08-12 16:45:00,1723499100000,166.72,166.7395,166.67,166.67,6462.0,166.7234
2024-08-12 17:00:00,1723500000000,166.73,166.75,166.65,166.68,3808.0,166.7064
2024-08-12 17:15:00,1723500900000,166.62,167.1415,166.6,166.75,4014.0,166.685
2024-08-12 17:30:00,1723501800000,166.68,166.75,166.68,166.71,3694.0,166.7027
2024-08-12 17:45:00,1723502700000,166.6857,166.75,166.68,166.6999,2335.0,166.6967
2024-08-12 18:00:00,1723503600000,166.6999,166.75,166.6993,166.7,2290.0,166.7182
2024-08-12 18:15:00,1723504500000,166.75,166.8,166.7,166.8,4153.0,166.7418
2024-08-12 18:30:00,1723505400000,166.89,166.9,166.74,166.74,6854.0,166.8113
2024-08-12 18:45:00,1723506300000,166.72,166.8,166.7,166.74,5537.0,166.7335
2024-08-13 03:00:00,1723536000000,167.9,168.0,167.58,167.88,14565.0,167.8767
2024-08-13 03:15:00,1723536900000,167.76,167.9,167.5,167.69,7166.0,167.6559
2024-08-13 03:30:00,1723537800000,167.72,167.73,167.72,167.73,569.0,167.7256
2024-08-13 03:45:00,1723538700000,167.66,167.67,167.6,167.6,938.0,167.6378
2024-08-13 04:00:00,1723539600000,167.72,167.72,167.5,167.5,2252.0,167.6043
2024-08-13 04:15:00,1723540500000,167.73,167.9,167.73,167.9,1746.0,167.7896
2024-08-13 04:30:00,1723541400000,167.78,167.78,167.71,167.71,1365.0,167.7445
2024-08-13 04:45:00,1723542300000,167.72,167.8,167.72,167.8,519.0,167.7706
2024-08-13 05:00:00,1723543200000,167.73,167.73,167.5,167.52,2723.0,167.63
2024-08-13 05:15:00,1723544100000,167.53,167.53,167.22,167.22,1677.0,167.414
2024-08-13 05:30:00,1723545000000,167.2,167.3,167.1,167.18,3121.0,167.2127
2024-08-13 05:45:00,1723545900000,167.12,167.25,167.0,167.2,7229.0,167.1588
2024-08-13 06:00:00,1723546800000,167.12,167.29,166.62,167.0,25698.0,167.0189
2024-08-13 06:15:00,1723547700000,166.99,167.14,166.99,167.14,4023.0,167.049
2024-08-13 06:30:00,1723548600000,167.09,167.16,166.85,167.15,12141.0,166.9563
2024-08-13 06:45:00,1723549500000,167.13,167.14,167.01,167.08,5321.0,167.088
2024-08-13 07:00:00,1723550400000,167.15,168.84,166.6301,167.5,54853.0,167.2162
2024-08-13 07:15:00,1723551300000,167.5,167.68,167.41,167.57,20072.0,167.5062
2024-08-13 07:30:00,1723552200000,167.58,168.52,167.5,168.1,148033.0,168.1396
2024-08-13 07:45:00,1723553100000,168.11,168.21,167.8102,168.18,40562.0,168.0239
2024-08-13 08:00:00,1723554000000,168.16,168.21,167.78,167.91,44684.0,167.9472
2024-08-13 08:15:00,1723554900000,167.96,168.1581,167.8,167.85,55887.0,167.9873
2024-08-13 08:30:00,1723555800000,167.81,169.16,167.37,167.765,3196993.0,168.2854
2024-08-13 08:45:00,1723556700000,167.7699,167.97,167.1,167.41,2302327.0,167.5654
2024-08-13 09:00:00,1723557600000,167.43,167.85,167.26,167.53,1485205.0,167.5589
2024-08-13 09:15:00,1723558500000,167.5358,168.37,167.33,168.22,1527895.0,167.887
2024-08-13 09:30:00,1723559400000,168.2199,168.2199,167.61,167.71,914849.0,167.8075
2024-08-13 09:45:00,1723560300000,167.71,168.37,167.63,167.74,1210840.0,167.9382
2024-08-13 10:00:00,1723561200000,167.73,168.015,167.56,167.82,841085.0,167.8055
2024-08-13 10:15:00,1723562100000,167.815,168.04,167.56,167.86,829450.0,167.7653
2024-08-13 10:30:00,1723563000000,167.85,168.0199,167.62,167.845,750999.0,167.8142
2024-08-13 10:45:00,1723563900000,167.845,168.27,167.79,168.25,712871.0,168.1208
2024-08-13 11:00:00,1723564800000,168.25,168.4,168.045,168.31,627540.0,168.2164
2024-08-13 11:15:00,1723565700000,168.31,168.8488,168.28,168.68,946650.0,168.6376
2024-08-13 11:30:00,1723566600000,168.69,169.53,168.52,169.495,1123542.0,169.0166
2024-08-13 11:45:00,1723567500000,169.495,170.0,169.3901,169.9,1346090.0,169.7834
2024-08-13 12:00:00,1723568400000,169.91,169.93,169.555,169.8,997738.0,169.7749
2024-08-13 12:15:00,1723569300000,169.81,169.9299,169.66,169.9194,649169.0,169.7826
2024-08-13 12:30:00,1723570200000,169.915,170.95,169.91,170.95,1633200.0,170.2474
2024-08-13 12:45:00,1723571100000,170.928,171.04,170.12,170.33,1700462.0,170.5983
2024-08-13 13:00:00,1723572000000,170.32,170.36,169.95,170.1,1371704.0,170.3044
2024-08-13 13:15:00,1723572900000,170.1,170.185,169.7201,170.08,730768.0,169.9936
2024-08-13 13:30:00,1723573800000,170.11,170.24,169.91,170.16,700830.0,170.0784
2024-08-13 13:45:00,1723574700000,170.1699,170.44,170.15,170.3,560199.0,170.2615
2024-08-13 14:00:00,1723575600000,170.29,170.34,169.83,169.91,746993.0,170.0841
2024-08-13 14:15:00,1723576500000,169.9093,170.0424,169.68,169.76,704631.0,169.8743
2024-08-13 14:30:00,1723577400000,169.75,169.91,169.72,169.84,765328.0,169.8085
2024-08-13 14:45:00,1723578300000,169.845,170.41,169.78,170.23,2389773.0,170.0964
2024-08-13 15:00:00,1723579200000,170.23,170.64,170.2,170.26,548913.0,170.2364
2024-08-13 15:15:00,1723580100000,170.29,170.29,169.81,169.92,25247.0,170.1153
2024-08-13 15:30:00,1723581000000,169.9,170.07,169.77,169.8,23224.0,169.896
2024-08-13 15:45:00,1723581900000,169.7627,170.23,169.76,169.96,327405.0,170.2107
2024-08-13 16:00:00,1723582800000,169.94,170.1499,169.94,170.1,17998.0,169.9968
2024-08-13 16:15:00,1723583700000,170.1,170.16,170.04,170.05,6670.0,170.0929
2024-08-13 16:30:00,1723584600000,170.0514,170.0999,170.05,170.07,3366.0,170.0715
2024-08-13 16:45:00,1723585500000,170.07,170.1,170.05,170.0982,12111.0,170.0588
2024-08-13 17:00:00,1723586400000,170.05,170.32,170.05,170.3,13640.0,170.2217
2024-08-13 17:15:00,1723587300000,170.32,170.32,170.11,170.15,12131.0,170.2111
2024-08-13 17:30:00,1723588200000,170.2009,170.3063,170.2,170.28,2807.0,170.2374
2024-08-13 17:45:00,1723589100000,170.27,170.27,170.15,170.15,3014.0,170.2071
2024-08-13 18:00:00,1723590000000,170.25,170.5,170.16,170.4,13024.0,170.3977
2024-08-13 18:15:00,1723590900000,170.4,170.54,170.35,170.54,6414.0,170.4398
2024-08-13 18:30:00,1723591800000,170.42,170.5,170.37,170.37,6486.0,170.4161
2024-08-13 18:45:00,1723592700000,170.35,170.45,170.33,170.4493,11976.0,170.4149
2024-08-14 03:00:00,1723622400000,170.45,170.64,170.03,170.31,15409.0,170.3843
2024-08-14 03:15:00,1723623300000,170.27,170.39,170.2,170.39,4529.0,170.2807
2024-08-14 03:30:00,1723624200000,170.46,170.5,170.4,170.46,3828.0,170.4527
2024-08-14 03:45:00,1723625100000,170.49,170.65,170.49,170.57,2293.0,170.5684
2024-08-14 04:00:00,1723626000000,170.63,170.63,170.55,170.55,2327.0,170.5919
2024-08-14 04:15:00,1723626900000,170.59,170.69,170.59,170.69,1626.0,170.6606
2024-08-14 04:30:00,1723627800000,170.69,170.72,170.68,170.68,977.0,170.7029
2024-08-14 04:45:00,1723628700000,170.58,170.63,170.55,170.6,1920.0,170.5766
2024-08-14 05:00:00,1723629600000,170.64,170.76,170.64,170.64,4143.0,170.7052
2024-08-14 05:15:00,1723630500000,170.64,170.64,170.64,170.64,899.0,170.6337
2024-08-14 05:45:00,1723632300000,170.74,170.74,170.67,170.67,2605.0,170.7057
2024-08-14 06:00:00,1723633200000,170.72,170.76,170.44,170.44,15136.0,170.617
2024-08-14 06:15:00,1723634100000,170.36,170.45,170.36,170.45,4249.0,170.3987
2024-08-14 06:30:00,1723635000000,170.54,170.6,170.42,170.59,2780.0,170.5542
2024-08-14 06:45:00,1723635900000,170.59,170.69,170.59,170.69,3783.0,170.6439
2024-08-14 07:00:00,1723636800000,170.6991,170.84,170.15,170.6,71307.0,170.573
2024-08-14 07:15:00,1723637700000,170.5505,170.8,170.55,170.77,28303.0,170.6672
2024-08-14 07:30:00,1723638600000,170.9,171.36,170.1,171.0209,107669.0,170.5138
2024-08-14 07:45:00,1723639500000,171.091,171.4899,170.88,171.4204,133088.0,171.2326
2024-08-14 08:00:00,1723640400000,171.48,171.7982,171.34,171.34,107809.0,171.6167
2024-08-14 08:15:00,1723641300000,171.5,172.3,171.27,172.0108,114901.0,171.9402
2024-08-14 08:30:00,1723642200000,172.11,172.28,170.64,170.94,3089331.0,171.4267
2024-08-14 08:45:00,1723643100000,170.9464,171.48,170.19,170.69,1644261.0,170.8561
2024-08-14 09:00:00,1723644000000,170.69,171.23,169.79,170.08,1317337.0,170.5428
2024-08-14 09:15:00,1723644900000,170.09,170.3285,169.74,170.1698,880558.0,170.069
2024-08-14 09:30:00,1723645800000,170.17,170.25,169.13,169.56,1014694.0,169.5308
2024-08-14 09:45:00,1723646700000,169.56,170.25,169.4295,170.08,822272.0,169.9203
2024-08-14 10:00:00,1723647600000,170.1,170.38,169.85,170.16,702971.0,170.1022
2024-08-14 10:15:00,1723648500000,170.15,170.26,169.86,170.12,527568.0,170.0719
2024-08-14 10:30:00,1723649400000,170.1,170.455,169.98,170.0499,627425.0,170.1896
2024-08-14 10:45:00,1723650300000,170.0498,170.69,170.03,170.51,763995.0,170.3916
2024-08-14 11:00:00,1723651200000,170.5165,170.54,170.21,170.465,681231.0,170.3767
2024-08-14 11:15:00,1723652100000,170.45,170.5199,169.36,169.535,788899.0,169.819
2024-08-14 11:30:00,1723653000000,169.5301,169.74,168.98,169.03,667294.0,169.4225
2024-08-14 11:45:00,1723653900000,169.04,169.82,168.86,169.8,580220.0,169.3872
2024-08-14 12:00:00,1723654800000,169.79,169.905,169.47,169.78,482680.0,169.7379
2024-08-14 12:15:00,1723655700000,169.7799,169.95,169.67,169.8282,400773.0,169.8033
2024-08-14 12:30:00,1723656600000,169.82,170.01,169.67,169.8551,348145.0,169.8626
2024-08-14 12:45:00,1723657500000,169.85,170.0,169.69,169.76,593686.0,169.8869
2024-08-14 13:00:00,1723658400000,169.75,169.83,169.4879,169.72,646229.0,169.7032
2024-08-14 13:15:00,1723659300000,169.7116,169.99,169.7,169.915,427349.0,169.8763
2024-08-14 13:30:00,1723660200000,169.9,170.0,169.76,169.93,405224.0,169.9184
2024-08-14 13:45:00,1723661100000,169.92,170.17,169.83,170.07,510526.0,170.036
2024-08-14 14:00:00,1723662000000,170.07,170.08,169.21,169.3174,726031.0,169.7386
2024-08-14 14:15:00,1723662900000,169.32,169.76,169.31,169.66,548123.0,169.5996
2024-08-14 14:30:00,1723663800000,169.6607,169.83,169.6,169.79,610447.0,169.7397
2024-08-14 14:45:00,1723664700000,169.79,170.37,169.71,170.05,2903353.0,170.0954
2024-08-14 15:00:00,1723665600000,170.1,170.21,169.86,170.19,546944.0,170.0989
2024-08-14 15:15:00,1723666500000,170.3,170.3,170.1,170.23,10980.0,170.1962
2024-08-14 15:30:00,1723667400000,170.22,170.49,170.1,170.28,917931.0,170.1104
2024-08-14 15:45:00,1723668300000,170.35,170.45,170.34,170.4098,9082.0,170.4043
2024-08-14 16:00:00,1723669200000,170.4,170.45,170.1,170.4498,57082.0,170.1289
2024-08-14 16:15:00,1723670100000,170.4,170.4498,170.1,170.4,9603.0,170.3038
2024-08-14 16:30:00,1723671000000,170.4399,170.44,170.31,170.3236,3999.0,170.398
2024-08-14 16:45:00,1723671900000,170.33,170.43,170.3109,170.42,3647.0,170.3796
2024-08-14 17:00:00,1723672800000,170.42,170.42,170.2329,170.2329,2832.0,170.3388
2024-08-14 17:15:00,1723673700000,170.1984,170.4,170.19,170.22,3658.0,170.2703
2024-08-14 17:30:00,1723674600000,170.2,170.23,170.17,170.18,5282.0,170.2006
2024-08-14 17:45:00,1723675500000,170.2,170.2388,170.17,170.2388,3291.0,170.2099
2024-08-14 18:00:00,1723676400000,170.2,170.25,170.1711,170.25,2166.0,170.2299
2024-08-14 18:15:00,1723677300000,170.251,170.251,170.2,170.2,1595.0,170.2379
2024-08-14 18:30:00,1723678200000,170.2,170.2,169.95,170.02,8014.0,170.0442
2024-08-14 18:45:00,1723679100000,169.95,170.02,169.83,170.0199,8043.0,169.9562
2024-08-15 03:00:00,1723708800000,170.71,170.83,170.34,170.4,11718.0,170.6782
2024-08-15 03:15:00,1723709700000,170.4,170.52,170.4,170.4,1702.0,170.4374
2024-08-15 03:30:00,1723710600000,170.32,170.32,170.15,170.29,1767.0,170.2641
2024-08-15 03:45:00,1723711500000,170.3,170.31,170.3,170.31,858.0,170.309
2024-08-15 04:15:00,1723713300000,170.44,170.5,170.44,170.5,380.0,170.4617
2024-08-15 04:45:00,1723715100000,170.59,170.59,170.58,170.59,430.0,170.5822
2024-08-15 05:00:00,1723716000000,170.5,170.55,170.42,170.47,5599.0,170.5027
2024-08-15 05:15:00,1723716900000,170.4,170.4,170.25,170.25,3490.0,170.2787
2024-08-15 05:30:00,1723717800000,170.28,170.28,170.1,170.1,1346.0,170.1557
2024-08-15 05:45:00,1723718700000,170.18,170.24,170.1,170.1,1926.0,170.1877
2024-08-15 06:00:00,1723719600000,170.1,170.85,169.62,170.65,35423.0,170.2289
2024-08-15 06:15:00,1723720500000,170.68,171.35,170.65,171.34,38325.0,171.1031
2024-08-15 06:30:00,1723721400000,171.24,171.48,171.2,171.48,45125.0,171.3469
2024-08-15 06:45:00,1723722300000,171.45,172.2,171.41,172.0,67606.0,171.8515
2024-08-15 07:00:00,1723723200000,170.74,172.9,169.61,172.78,254665.0,171.9596
2024-08-15 07:15:00,1723724100000,172.8,173.11,172.41,172.41,125391.0,172.896
2024-08-15 07:30:00,1723725000000,172.81,174.98,172.81,174.69,514539.0,174.1477
2024-08-15 07:45:00,1723725900000,174.8,175.14,174.63,174.91,365669.0,174.947
2024-08-15 08:00:00,1723726800000,174.93,175.19,174.73,174.95,348709.0,173.4824
2024-08-15 08:15:00,1723727700000,174.95,175.2,174.69,174.88,254868.0,175.0011
2024-08-15 08:30:00,1723728600000,174.86,175.6,173.99,174.84,6137260.0,174.8469
2024-08-15 08:45:00,1723729500000,174.87,176.67,174.67,176.1,3570276.0,175.6507
2024-08-15 09:00:00,1723730400000,176.11,176.35,174.91,175.11,3317595.0,175.4408
2024-08-15 09:15:00,1723731300000,175.12,175.58,174.92,175.26,1690198.0,175.2683
2024-08-15 09:30:00,1723732200000,175.265,175.94,175.1801,175.84,2005926.0,175.6442
2024-08-15 09:45:00,1723733100000,175.84,176.06,175.6471,176.045,1839962.0,175.8554
2024-08-15 10:00:00,1723734000000,176.05,177.13,176.03,176.96,2350057.0,176.6922
2024-08-15 10:15:00,1723734900000,176.95,177.09,176.55,176.7,1625158.0,176.8419
2024-08-15 10:30:00,1723735800000,176.72,177.095,176.57,177.08,1399119.0,176.8627
2024-08-15 10:45:00,1723736700000,177.085,177.263,176.6,176.61,1042995.0,176.9323
2024-08-15 11:00:00,1723737600000,176.61,176.85,176.0807,176.32,1030722.0,176.4928
2024-08-15 11:15:00,1723738500000,176.33,176.73,176.2,176.24,824598.0,176.4276
2024-08-15 11:30:00,1723739400000,176.25,176.59,176.095,176.33,806830.0,176.3562
2024-08-15 11:45:00,1723740300000,176.33,176.49,176.0525,176.48,907126.0,176.2969
2024-08-15 12:00:00,1723741200000,176.49,176.69,176.0401,176.21,861784.0,176.3729
2024-08-15 12:15:00,1723742100000,176.21,176.46,175.95,176.16,706238.0,176.2006
2024-08-15 12:30:00,1723743000000,176.169,176.66,176.15,176.44,690159.0,176.4427
2024-08-15 12:45:00,1723743900000,176.43,176.8992,176.39,176.89,676494.0,176.6283
2024-08-15 13:00:00,1723744800000,176.9,177.14,176.82,176.9957,791054.0,176.9543
2024-08-15 13:15:00,1723745700000,177.0,177.44,176.95,177.4204,899941.0,177.2173
2024-08-15 13:30:00,1723746600000,177.4299,177.6401,177.31,177.455,1064009.0,177.4555
2024-08-15 13:45:00,1723747500000,177.4568,177.5,177.12,177.2,624472.0,177.2804
2024-08-15 14:00:00,1723748400000,177.205,177.615,176.97,177.47,876935.0,177.3615
2024-08-15 14:15:00,1723749300000,177.47,177.7,177.3801,177.64,953741.0,177.5454
2024-08-15 14:30:00,1723750200000,177.61,177.91,177.55,177.7349,1290719.0,177.7335
2024-08-15 14:45:00,1723751100000,177.73,177.77,177.15,177.6,2854681.0,177.5104
2024-08-15 15:00:00,1723752000000,177.59,177.7513,177.38,177.6719,709030.0,177.5524
2024-08-15 15:15:00,1723752900000,177.7095,177.74,177.59,177.62,43515.0,177.6458
2024-08-15 15:30:00,1723753800000,177.6,177.71,177.39,177.47,14187.0,177.5914
2024-08-15 15:45:00,1723754700000,177.52,177.6,177.45,177.45,9480.0,177.5075
2024-08-15 16:00:00,1723755600000,177.45,177.59,177.35,177.59,759240.0,177.5751
2024-08-15 16:15:00,1723756500000,177.35,177.59,177.1913,177.32,23959.0,177.4325
2024-08-15 16:30:00,1723757400000,177.3,177.38,177.25,177.3299,3388.0,177.311
2024-08-15 16:45:00,1723758300000,177.3283,177.4981,177.3283,177.4408,4984.0,177.4048
2024-08-15 17:00:00,1723759200000,177.44,177.5,177.44,177.5,6381.0,177.4747
2024-08-15 17:15:00,1723760100000,177.5,177.59,177.46,177.59,4382.0,177.4964
2024-08-15 17:30:00,1723761000000,177.53,177.68,177.5001,177.52,21550.0,177.5916
2024-08-15 17:45:00,1723761900000,177.5121,177.66,177.5121,177.5912,3254.0,177.6209
2024-08-15 18:00:00,1723762800000,177.65,177.74,177.6,177.74,5614.0,177.6796
2024-08-15 18:15:00,1723763700000,177.69,177.9,177.65,177.88,9166.0,177.8022
2024-08-15 18:30:00,1723764600000,177.87,177.9274,177.7,177.9,11921.0,177.8335
2024-08-15 18:45:00,1723765500000,177.6549,177.889,177.6,177.74,17142.0,177.7442
2024-08-16 03:00:00,1723795200000,178.15,178.5,177.73,178.08,25535.0,178.2311
2024-08-16 03:15:00,1723796100000,178.12,178.17,178.0,178.03,9581.0,178.0489
2024-08-16 03:30:00,1723797000000,178.03,178.16,178.01,178.1,1982.0,178.0778
2024-08-16 03:45:00,1723797900000,178.19,178.67,178.19,178.67,6651.0,178.4067
2024-08-16 04:00:00,1723798800000,178.62,178.82,178.57,178.66,5650.0,178.6896
2024-08-16 04:15:00,1723799700000,178.61,178.81,178.51,178.81,6635.0,178.6318
2024-08-16 04:30:00,1723800600000,178.75,178.84,178.65,178.76,6293.0,178.785
2024-08-16 04:45:00,1723801500000,178.75,178.75,178.48,178.48,8282.0,178.5785
2024-08-16 05:00:00,1723802400000,178.45,178.51,178.16,178.16,11203.0,178.3865
2024-08-16 05:15:00,1723803300000,178.14,178.28,178.1,178.22,11104.0,178.2164
2024-08-16 05:30:00,1723804200000,178.21,178.21,177.87,177.98,11464.0,178.048
2024-08-16 05:45:00,1723805100000,177.99,178.22,177.98,178.22,7025.0,178.0161
2024-08-16 06:00:00,1723806000000,178.11,178.19,177.75,177.85,15669.0,177.9498
2024-08-16 06:15:00,1723806900000,177.84,178.07,177.8,177.94,16661.0,177.881
2024-08-16 06:30:00,1723807800000,177.9,178.07,177.8,177.93,9209.0,177.9036
2024-08-16 06:45:00,1723808700000,177.95,177.95,177.73,177.75,14575.0,177.7982
2024-08-16 07:00:00,1723809600000,177.83,179.52,177.12,177.12,156275.0,177.6839
2024-08-16 07:15:00,1723810500000,177.13,177.25,177.01,177.19,44464.0,177.106
2024-08-16 07:30:00,1723811400000,177.01,177.09,175.8,176.1481,131592.0,176.2536
2024-08-16 07:45:00,1723812300000,176.15,176.25,175.94,176.25,84172.0,176.0936
2024-08-16 08:00:00,1723813200000,176.3758,176.63,176.24,176.39,45382.0,176.4235
2024-08-16 08:15:00,1723814100000,176.32,177.11,175.77,177.02,138264.0,176.4112
2024-08-16 08:30:00,1723815000000,177.04,177.11,176.2601,177.0447,3837096.0,176.8385
2024-08-16 08:45:00,1723815900000,177.04,177.4799,176.785,177.26,1426992.0,177.1482
2024-08-16 09:00:00,1723816800000,177.245,178.0,177.2,177.5001,1390493.0,177.6075
2024-08-16 09:15:00,1723817700000,177.515,178.27,177.45,177.94,1601409.0,178.0499
2024-08-16 09:30:00,1723818600000,177.94,178.19,177.67,178.01,1072897.0,177.9332
2024-08-16 09:45:00,1723819500000,178.0277,178.34,177.5983,177.7799,927509.0,177.9452
2024-08-16 10:00:00,1723820400000,177.76,177.975,177.61,177.8351,772554.0,177.7809
2024-08-16 10:15:00,1723821300000,177.81,177.94,177.2717,177.46,789662.0,177.4823
2024-08-16 10:30:00,1723822200000,177.47,178.04,177.4101,177.9599,699500.0,177.6694
2024-08-16 10:45:00,1723823100000,177.94,178.24,177.76,177.95,689752.0,178.0371
2024-08-16 11:00:00,1723824000000,177.94,177.94,177.53,177.745,691819.0,177.7595
2024-08-16 11:15:00,1723824900000,177.75,178.2698,177.697,178.14,707601.0,178.0354
2024-08-16 11:30:00,1723825800000,178.14,178.2799,177.88,177.88,606170.0,178.0878
2024-08-16 11:45:00,1723826700000,177.87,178.2636,177.781,178.192,1070065.0,178.0151
2024-08-16 12:00:00,1723827600000,178.185,178.255,177.91,178.08,678076.0,178.114
2024-08-16 12:15:00,1723828500000,178.08,178.23,177.96,178.09,919840.0,178.1411
2024-08-16 12:30:00,1723829400000,178.1,178.12,177.73,177.858,819048.0,177.9908
2024-08-16 12:45:00,1723830300000,177.85,177.85,177.31,177.49,672226.0,177.5059
2024-08-16 13:00:00,1723831200000,177.5,177.6,177.14,177.23,675021.0,177.3344
2024-08-16 13:15:00,1723832100000,177.23,177.46,177.2109,177.43,441870.0,177.3191
2024-08-16 13:30:00,1723833000000,177.4384,177.505,177.25,177.255,444210.0,177.418
2024-08-16 13:45:00,1723833900000,177.26,177.57,177.255,177.49,593486.0,177.3974
2024-08-16 14:00:00,1723834800000,177.49,177.52,177.305,177.325,493083.0,177.427
2024-08-16 14:15:00,1723835700000,177.3203,177.45,177.21,177.25,609923.0,177.3267
2024-08-16 14:30:00,1723836600000,177.255,177.34,176.925,176.93,854157.0,177.1551
2024-08-16 14:45:00,1723837500000,176.93,177.24,176.845,177.06,2231763.0,177.0517
2024-08-16 15:00:00,1723838400000,177.06,177.19,176.95,177.06,398194.0,177.0637
2024-08-16 15:15:00,1723839300000,177.0593,177.1,177.04,177.09,9520.0,177.0683
2024-08-16 15:30:00,1723840200000,177.08,177.08,176.9503,176.98,9890.0,177.0117
2024-08-16 15:45:00,1723841100000,176.98,177.06,176.97,177.06,101854.0,177.0579
2024-08-16 16:00:00,1723842000000,177.04,177.1,177.04,177.06,4610.0,177.0844
2024-08-16 16:15:00,1723842900000,177.06,177.06,177.04,177.05,7153.0,173.3462
2024-08-16 16:30:00,1723843800000,177.0316,177.05,177.0,177.05,3917.0,177.0251
2024-08-16 16:45:00,1723844700000,177.0275,177.06,177.0201,177.06,1980.0,177.0499
2024-08-16 17:00:00,1723845600000,177.05,177.05,177.0105,177.03,2305.0,177.0218
2024-08-16 17:15:00,1723846500000,177.0,177.03,176.92,177.0,11271.0,176.9982
2024-08-16 17:30:00,1723847400000,177.0,177.01,177.0,177.0,4736.0,177.0026
2024-08-16 17:45:00,1723848300000,177.0,177.03,177.0,177.0,5263.0,177.0075
2024-08-16 18:00:00,1723849200000,177.0,177.0,176.8894,176.92,6300.0,176.9744
2024-08-16 18:15:00,1723850100000,176.92,176.94,176.84,176.85,8292.0,176.8655
2024-08-16 18:30:00,1723851000000,176.83,176.83,176.7,176.7653,3810.0,176.7562
2024-08-16 18:45:00,1723851900000,176.7998,176.9044,176.75,176.77,5185.0,176.8169
2024-08-19 03:00:00,1724054400000,177.25,177.57,176.8,176.95,18897.0,177.1704
2024-08-19 03:15:00,1724055300000,176.93,177.04,176.93,177.0,3324.0,176.9904
2024-08-19 03:30:00,1724056200000,177.0,177.22,176.9,176.9,4043.0,177.1034
2024-08-19 03:45:00,1724057100000,177.05,177.27,177.05,177.21,3777.0,177.173
2024-08-19 04:00:00,1724058000000,177.27,177.27,176.92,176.99,5752.0,177.135
2024-08-19 04:15:00,1724058900000,176.97,177.27,176.97,177.27,294.0,177.1591
2024-08-19 04:30:00,1724059800000,177.35,177.48,177.35,177.42,3785.0,177.4125
2024-08-19 04:45:00,1724060700000,177.34,177.92,177.29,177.92,11571.0,177.4902
2024-08-19 05:00:00,1724061600000,177.91,178.1,177.76,178.1,18093.0,177.9288
2024-08-19 05:15:00,1724062500000,178.08,178.08,177.97,177.97,3524.0,178.022
2024-08-19 05:30:00,1724063400000,177.96,177.96,177.73,177.83,6367.0,177.7979
2024-08-19 05:45:00,1724064300000,177.8,177.93,177.8,177.89,1911.0,177.8954
2024-08-19 06:00:00,1724065200000,177.81,178.0,177.61,177.95,18765.0,177.8014
2024-08-19 06:15:00,1724066100000,177.99,178.0,177.88,177.98,10191.0,177.9406
2024-08-19 06:30:00,1724067000000,178.0,178.11,177.9,177.9,9670.0,178.0614
2024-08-19 06:45:00,1724067900000,177.88,177.88,177.82,177.82,2130.0,177.8348
2024-08-19 07:00:00,1724068800000,177.74,178.12,177.04,177.95,72009.0,177.7687
2024-08-19 07:15:00,1724069700000,178.0,178.18,177.9636,178.13,25578.0,178.1046
2024-08-19 07:30:00,1724070600000,178.1,178.17,177.9,178.095,25206.0,178.0823
2024-08-19 07:45:00,1724071500000,178.11,178.11,177.8,177.89,32892.0,177.9196
2024-08-19 08:00:00,1724072400000,177.92,178.0,177.85,177.9102,43631.0,177.9589
2024-08-19 08:15:00,1724073300000,177.95,178.05,177.12,177.71,61052.0,177.6809
2024-08-19 08:30:00,1724074200000,177.64,178.0,176.87,177.22,2535360.0,177.4186
2024-08-19 08:45:00,1724075100000,177.22,177.75,176.82,177.475,1539343.0,177.3286
2024-08-19 09:00:00,1724076000000,177.48,177.8499,177.25,177.47,1229995.0,177.5583
2024-08-19 09:15:00,1724076900000,177.445,177.58,176.16,176.945,1500419.0,176.8406
2024-08-19 09:30:00,1724077800000,176.97,177.08,176.5146,176.57,832191.0,176.7979
2024-08-19 09:45:00,1724078700000,176.595,177.21,176.59,177.2,723701.0,176.9548
2024-08-19 10:00:00,1724079600000,177.2,177.5,177.12,177.12,651134.0,177.3468
2024-08-19 10:15:00,1724080500000,177.11,177.22,176.85,176.9848,580740.0,176.9797
2024-08-19 10:30:00,1724081400000,176.98,177.25,176.89,176.89,592216.0,177.05
2024-08-19 10:45:00,1724082300000,176.8803,177.09,176.355,176.5099,632998.0,176.7508
2024-08-19 11:00:00,1724083200000,176.5,176.7,176.38,176.64,512058.0,176.5664
2024-08-19 11:15:00,1724084100000,176.64,177.05,176.58,177.04,564021.0,176.8838
2024-08-19 11:30:00,1724085000000,177.04,177.295,176.89,177.25,429011.0,177.116
2024-08-19 11:45:00,1724085900000,177.252,177.5,177.2098,177.4273,403805.0,177.3684
2024-08-19 12:00:00,1724086800000,177.42,177.4894,177.16,177.22,364114.0,177.32
2024-08-19 12:15:00,1724087700000,177.22,177.34,177.08,177.17,508851.0,177.2514
2024-08-19 12:30:00,1724088600000,177.175,177.35,177.04,177.3,344239.0,177.188
2024-08-19 12:45:00,1724089500000,177.3001,177.45,177.2,177.4199,356060.0,177.3314
2024-08-19 13:00:00,1724090400000,177.42,177.64,177.376,177.63,479147.0,177.5004
2024-08-19 13:15:00,1724091300000,177.63,177.9,177.61,177.7826,585693.0,177.7529
2024-08-19 13:30:00,1724092200000,177.7974,177.9501,177.64,177.8201,547527.0,177.7828
2024-08-19 13:45:00,1724093100000,177.82,177.87,177.66,177.6903,449614.0,177.7455
2024-08-19 14:00:00,1724094000000,177.7,177.72,177.34,177.4977,810423.0,177.5141
2024-08-19 14:15:00,1724094900000,177.515,177.6,177.41,177.4919,882019.0,177.5082
2024-08-19 14:30:00,1724095800000,177.49,177.564,177.2912,177.52,703594.0,177.4382
2024-08-19 14:45:00,1724096700000,177.515,178.3,177.38,178.21,2637028.0,177.9621
2024-08-19 15:00:00,1724097600000,178.22,178.22,177.37,177.92,299496.0,178.1501
2024-08-19 15:15:00,1724098500000,177.95,178.22,177.91,177.97,351623.0,178.2049
2024-08-19 15:30:00,1724099400000,178.0,178.26,178.0,178.17,51521.0,178.1999
2024-08-19 15:45:00,1724100300000,178.1,178.12,178.01,178.01,4940.0,178.0506
2024-08-19 16:00:00,1724101200000,178.0098,178.22,177.95,178.1,182704.0,178.1833
2024-08-19 16:15:00,1724102100000,178.1,178.19,178.06,178.1899,9500.0,178.2409
2024-08-19 16:30:00,1724103000000,178.18,178.18,178.07,178.07,3539.0,177.1342
2024-08-19 16:45:00,1724103900000,178.14,178.14,178.03,178.06,5489.0,178.0646
2024-08-19 17:00:00,1724104800000,178.1,178.22,178.03,178.15,10994.0,178.1719
2024-08-19 17:15:00,1724105700000,178.2,178.2,178.05,178.0618,3817.0,178.145
2024-08-19 17:30:00,1724106600000,178.17,178.2,178.06,178.196,2628.0,178.1696
2024-08-19 17:45:00,1724107500000,178.07,178.2,178.07,178.19,3346.0,178.1459
2024-08-19 18:00:00,1724108400000,178.2,178.2,178.15,178.15,2675.0,178.1813
2024-08-19 18:15:00,1724109300000,178.1,178.15,178.0713,178.1099,3318.0,178.1067
2024-08-19 18:30:00,1724110200000,178.1089,178.11,178.07,178.07,4727.0,178.0904
2024-08-19 18:45:00,1724111100000,178.1498,178.1498,178.06,178.12,8335.0,178.0813
2024-08-20 03:00:00,1724140800000,178.29,178.79,178.29,178.68,11163.0,178.5814
2024-08-20 03:15:00,1724141700000,178.67,178.67,178.49,178.54,6377.0,178.5671
2024-08-20 03:30:00,1724142600000,178.55,178.55,178.34,178.37,12656.0,178.4122
2024-08-20 03:45:00,1724143500000,178.49,178.75,178.49,178.75,2995.0,178.6439
2024-08-20 04:00:00,1724144400000,178.77,178.93,178.76,178.92,2734.0,178.8254
2024-08-20 04:15:00,1724145300000,178.97,179.11,178.97,179.03,6957.0,179.0157
2024-08-20 04:30:00,1724146200000,178.95,178.95,178.9,178.9,4040.0,178.928
2024-08-20 04:45:00,1724147100000,178.8,178.8,178.75,178.75,850.0,178.7926
2024-08-20 05:00:00,1724148000000,178.72,178.74,178.72,178.74,890.0,178.748
2024-08-20 05:15:00,1724148900000,178.74,178.81,178.72,178.74,5514.0,178.7372
2024-08-20 05:30:00,1724149800000,178.6,178.82,178.58,178.76,6623.0,178.7268
2024-08-20 05:45:00,1724150700000,178.8,178.83,178.76,178.77,2424.0,178.7948
2024-08-20 06:00:00,1724151600000,178.78,178.83,178.5,178.51,12357.0,178.6836
2024-08-20 06:15:00,1724152500000,178.58,178.58,178.55,178.55,1396.0,178.5457
2024-08-20 06:30:00,1724153400000,178.43,178.54,178.43,178.54,4196.0,178.48
2024-08-20 06:45:00,1724154300000,178.5,178.56,178.47,178.5,4951.0,178.5098
2024-08-20 07:00:00,1724155200000,178.8,178.81,177.775,178.5719,47936.0,178.5426
2024-08-20 07:15:00,1724156100000,178.5889,178.5889,178.35,178.45,15347.0,178.4926
2024-08-20 07:30:00,1724157000000,178.4,178.4,178.22,178.25,29740.0,178.2755
2024-08-20 07:45:00,1724157900000,178.28,178.3,178.1001,178.2891,34591.0,178.2012
2024-08-20 08:00:00,1724158800000,178.3,178.35,177.7711,177.9,47411.0,177.9701
2024-08-20 08:15:00,1724159700000,177.8715,178.0968,177.8,177.9,27335.0,177.8826
2024-08-20 08:30:00,1724160600000,177.92,178.67,177.71,178.4,2167913.0,178.1632
2024-08-20 08:45:00,1724161500000,178.4,178.95,177.86,178.88,1822495.0,178.2569
2024-08-20 09:00:00,1724162400000,178.89,179.01,178.305,178.44,971606.0,178.6555
2024-08-20 09:15:00,1724163300000,178.46,178.8,178.13,178.605,942704.0,178.4348
2024-08-20 09:30:00,1724164200000,178.6,178.755,177.57,177.73,1115340.0,178.0868
2024-08-20 09:45:00,1724165100000,177.76,178.3,177.74,178.1199,942459.0,178.0915
2024-08-20 10:00:00,1724166000000,178.12,178.65,178.0,178.405,657796.0,178.3662
2024-08-20 10:15:00,1724166900000,178.36,178.46,177.525,177.565,626585.0,178.0085
2024-08-20 10:30:00,1724167800000,177.5613,177.99,177.525,177.7,623208.0,177.7672
2024-08-20 10:45:00,1724168700000,177.715,178.31,177.55,178.27,658675.0,177.9103
2024-08-20 11:00:00,1724169600000,178.2631,178.33,177.991,178.08,383175.0,178.1511
2024-08-20 11:15:00,1724170500000,178.06,178.13,177.7,177.91,398305.0,177.8625
2024-08-20 11:30:00,1724171400000,177.9,178.08,177.78,177.97,389828.0,177.9389
2024-08-20 11:45:00,1724172300000,177.95,178.08,177.7,177.71,351109.0,177.8719
2024-08-20 12:00:00,1724173200000,177.72,177.91,177.4308,177.76,523985.0,177.6875
2024-08-20 12:15:00,1724174100000,177.8,177.89,177.61,177.8599,399603.0,177.7416
2024-08-20 12:30:00,1724175000000,177.845,177.96,177.57,177.95,394385.0,177.7672
2024-08-20 12:45:00,1724175900000,177.95,178.185,177.88,178.14,475226.0,178.0814
2024-08-20 13:00:00,1724176800000,178.1399,178.4295,178.07,178.4,487997.0,178.2341
2024-08-20 13:15:00,1724177700000,178.41,178.6,178.36,178.405,527841.0,178.4844
2024-08-20 13:30:00,1724178600000,178.41,178.5,178.33,178.43,473947.0,178.441
2024-08-20 13:45:00,1724179500000,178.435,178.44,178.16,178.36,462356.0,178.3304
2024-08-20 14:00:00,1724180400000,178.36,178.455,178.26,178.35,367485.0,178.376
2024-08-20 14:15:00,1724181300000,178.34,178.42,178.23,178.3284,422084.0,178.3272
2024-08-20 14:30:00,1724182200000,178.33,178.5,178.285,178.455,1092595.0,178.4653
2024-08-20 14:45:00,1724183100000,178.455,179.0,178.435,178.9,1892927.0,178.7683
2024-08-20 15:00:00,1724184000000,178.88,178.92,178.7,178.88,737598.0,178.8757
2024-08-20 15:15:00,1724184900000,178.88,178.96,178.71,178.8,1339768.0,178.8798
2024-08-20 15:30:00,1724185800000,178.7803,178.8,178.73,178.76,4904.0,178.764
2024-08-20 15:45:00,1724186700000,178.7874,178.7874,178.52,178.65,17158.0,178.5856
2024-08-20 16:00:00,1724187600000,178.58,178.88,178.55,178.55,15632.0,178.8178
2024-08-20 16:15:00,1724188500000,178.55,178.59,178.5,178.51,3625.0,177.4758
2024-08-20 16:30:00,1724189400000,178.55,178.6,178.5,178.55,3348.0,178.5451
2024-08-20 16:45:00,1724190300000,178.6,178.74,178.6,178.66,1776.0,178.6819
2024-08-20 17:00:00,1724191200000,178.7,178.88,178.5001,178.57,9541.0,178.7044
2024-08-20 17:15:00,1724192100000,178.59,178.6152,178.55,178.5806,3648.0,178.5859
2024-08-20 17:30:00,1724193000000,178.59,178.7,178.58,178.6,5323.0,178.6136
2024-08-20 17:45:00,1724193900000,178.637,178.637,178.26,178.57,16117.0,178.4338
2024-08-20 18:00:00,1724194800000,178.57,178.57,178.36,178.36,4165.0,178.4343
2024-08-20 18:15:00,1724195700000,178.44,178.6,178.4215,178.4215,3544.0,178.5153
2024-08-20 18:30:00,1724196600000,178.6,178.81,178.56,178.6,11823.0,178.7199
2024-08-20 18:45:00,1724197500000,178.53,178.64,178.53,178.63,6457.0,178.5844
2024-08-21 03:00:00,1724227200000,178.99,178.99,178.77,178.77,1163.0,178.8784
2024-08-21 03:15:00,1724228100000,178.77,178.93,178.74,178.93,1887.0,178.8347
2024-08-21 03:30:00,1724229000000,178.81,178.81,178.81,178.81,100.0,178.81
2024-08-21 03:45:00,1724229900000,178.75,178.75,178.68,178.68,741.0,178.7274
2024-08-21 04:00:00,1724230800000,178.67,178.67,178.6,178.67,1286.0,178.6489
2024-08-21 04:15:00,1724231700000,178.69,178.69,178.68,178.68,603.0,178.6812
2024-08-21 04:30:00,1724232600000,178.62,178.77,178.62,178.77,2112.0,178.7255
2024-08-21 04:45:00,1724233500000,178.66,178.7,178.66,178.7,635.0,178.6707
2024-08-21 05:00:00,1724234400000,178.7,178.77,178.7,178.77,843.0,178.732
2024-08-21 05:15:00,1724235300000,178.82,178.84,178.79,178.79,1303.0,178.8141
2024-08-21 05:30:00,1724236200000,178.87,179.73,178.87,179.71,32643.0,179.281
2024-08-21 05:45:00,1724237100000,179.71,180.28,179.7,179.85,18177.0,179.975
2024-08-21 06:00:00,1724238000000,179.88,180.2,179.6,180.0,34388.0,179.9643
2024-08-21 06:15:00,1724238900000,180.1,180.17,179.99,180.06,13140.0,180.0821
2024-08-21 06:30:00,1724239800000,180.01,180.12,179.93,180.06,23964.0,180.0141
2024-08-21 06:45:00,1724240700000,179.99,180.06,179.85,180.06,21707.0,179.9735
2024-08-21 07:00:00,1724241600000,179.99,180.2495,178.433,179.97,88861.0,179.9549
2024-08-21 07:15:00,1724242500000,180.0,180.25,179.98,180.21,25464.0,180.0952
2024-08-21 07:30:00,1724243400000,180.25,180.4,180.2,180.3999,42828.0,180.2926
2024-08-21 07:45:00,1724244300000,180.3997,180.3999,180.1014,180.24,28791.0,180.2285
2024-08-21 08:00:00,1724245200000,180.19,180.39,180.15,180.28,36498.0,180.2767
2024-08-21 08:15:00,1724246100000,180.27,180.3986,179.74,179.89,132034.0,180.0829
2024-08-21 08:30:00,1724247000000,179.92,181.51,179.69,181.49,4084651.0,180.6148
2024-08-21 08:45:00,1724247900000,181.49,181.51,180.66,181.47,1972371.0,181.1962
2024-08-21 09:00:00,1724248800000,181.48,182.385,181.4,181.51,2130667.0,181.9743
2024-08-21 09:15:00,1724249700000,181.52,181.74,181.31,181.35,1234963.0,181.4926
2024-08-21 09:30:00,1724250600000,181.34,181.76,180.75,181.3,1365277.0,181.3464
2024-08-21 09:45:00,1724251500000,181.32,181.58,179.86,180.17,1681622.0,180.4165
2024-08-21 10:00:00,1724252400000,180.17,180.45,179.83,180.245,1033483.0,180.1499
2024-08-21 10:15:00,1724253300000,180.25,180.29,179.34,179.62,1186045.0,179.7461
2024-08-21 10:30:00,1724254200000,179.61,179.79,179.3301,179.505,845389.0,179.5716
2024-08-21 10:45:00,1724255100000,179.49,179.58,178.94,179.31,1080129.0,179.1919
2024-08-21 11:00:00,1724256000000,179.31,179.49,178.8937,179.4499,988172.0,179.2206
2024-08-21 11:15:00,1724256900000,179.42,179.67,179.35,179.5173,639900.0,179.5135
2024-08-21 11:30:00,1724257800000,179.52,179.755,179.5,179.685,509217.0,179.6332
2024-08-21 11:45:00,1724258700000,179.68,179.84,179.36,179.73,645416.0,179.5877
2024-08-21 12:00:00,1724259600000,179.72,180.08,179.71,179.83,706189.0,179.8677
2024-08-21 12:15:00,1724260500000,179.835,180.0275,179.795,179.97,617843.0,179.9037
2024-08-21 12:30:00,1724261400000,179.965,180.28,179.93,180.15,617125.0,180.1673
2024-08-21 12:45:00,1724262300000,180.15,180.45,180.15,180.38,646592.0,180.3325
2024-08-21 13:00:00,1724263200000,180.38,180.69,179.97,180.1399,918363.0,180.2964
2024-08-21 13:15:00,1724264100000,180.11,180.48,180.05,180.4701,623811.0,180.2217
2024-08-21 13:30:00,1724265000000,180.48,180.78,180.27,180.46,862228.0,180.5587
2024-08-21 13:45:00,1724265900000,180.4828,180.59,180.27,180.4106,619579.0,180.4332
2024-08-21 14:00:00,1724266800000,180.42,180.46,180.02,180.1318,619299.0,180.2018
2024-08-21 14:15:00,1724267700000,180.12,180.24,179.85,180.2001,725511.0,180.1076
2024-08-21 14:30:00,1724268600000,180.2,180.2,179.73,179.83,786273.0,179.9345
2024-08-21 14:45:00,1724269500000,179.83,180.38,179.8075,180.07,2429368.0,180.1565
2024-08-21 15:00:00,1724270400000,180.11,180.4,178.81,180.1,1051336.0,180.0868
2024-08-21 15:15:00,1724271300000,180.19,180.2,179.62,180.0,107697.0,180.0661
2024-08-21 15:30:00,1724272200000,179.96,180.17,179.86,180.0,19119.0,179.9817
2024-08-21 15:45:00,1724273100000,179.94,180.12,179.94,180.11,15003.0,180.0454
2024-08-21 16:00:00,1724274000000,180.15,180.15,180.1,180.1,7246.0,180.1174
2024-08-21 16:15:00,1724274900000,180.12,180.15,180.0191,180.11,32247.0,180.0455
2024-08-21 16:30:00,1724275800000,180.0218,180.1463,180.0218,180.13,2198.0,180.0915
2024-08-21 16:45:00,1724276700000,180.0513,180.1,179.2236,180.05,3613.0,179.7507
2024-08-21 17:00:00,1724277600000,180.13,180.17,180.0276,180.15,7280.0,180.1351
2024-08-21 17:15:00,1724278500000,180.17,180.2,180.11,180.2,8444.0,180.1475
2024-08-21 17:30:00,1724279400000,180.23,180.28,180.15,180.15,3313.0,180.2282
2024-08-21 17:45:00,1724280300000,180.23,180.25,180.15,180.25,5368.0,180.2268
2024-08-21 18:00:00,1724281200000,180.2,180.25,180.16,180.25,2600.0,180.2181
2024-08-21 18:15:00,1724282100000,180.1661,180.24,180.1508,180.1508,1176.0,180.203
2024-08-21 18:30:00,1724283000000,180.15,180.21,180.15,180.15,2749.0,180.1614
2024-08-21 18:45:00,1724283900000,180.25,180.25,180.17,180.25,8171.0,180.1997
2024-08-22 03:00:00,1724313600000,180.2,180.28,179.92,180.11,6620.0,180.1187
2024-08-22 03:15:00,1724314500000,180.17,180.24,180.16,180.16,1589.0,180.1843
2024-08-22 03:30:00,1724315400000,180.17,180.22,180.17,180.17,630.0,180.173
2024-08-22 03:45:00,1724316300000,180.14,180.23,180.14,180.22,2116.0,180.2012
2024-08-22 04:15:00,1724318100000,180.34,180.34,180.34,180.34,417.0,180.3377
2024-08-22 04:30:00,1724319000000,180.26,180.32,180.26,180.31,2048.0,180.2867
2024-08-22 04:45:00,1724319900000,180.26,180.34,180.24,180.34,2119.0,180.2904
2024-08-22 05:00:00,1724320800000,180.37,180.37,180.37,180.37,762.0,180.3679
2024-08-22 05:15:00,1724321700000,180.41,180.68,180.41,180.62,2333.0,180.5987
2024-08-22 05:30:00,1724322600000,180.62,180.9,180.62,180.84,6889.0,180.8334
2024-08-22 05:45:00,1724323500000,180.79,180.89,180.79,180.84,1585.0,180.83
2024-08-22 06:00:00,1724324400000,180.7,180.71,180.01,180.67,34531.0,180.3988
2024-08-22 06:15:00,1724325300000,180.72,180.83,180.0,180.66,26556.0,180.4016
2024-08-22 06:30:00,1724326200000,180.6,180.74,180.55,180.74,7615.0,180.6299
2024-08-22 06:45:00,1724327100000,180.8,180.84,180.76,180.84,5185.0,180.8128
2024-08-22 07:00:00,1724328000000,180.745,181.13,179.66,180.92,98415.0,180.7582
2024-08-22 07:15:00,1724328900000,180.82,180.87,180.65,180.73,10164.0,180.761
2024-08-22 07:30:00,1724329800000,180.7,180.97,180.46,180.85,27201.0,180.719
2024-08-22 07:45:00,1724330700000,180.8,181.0,180.7,180.93,21769.0,180.8862
2024-08-22 08:00:00,1724331600000,180.93,181.0,180.7,180.77,20954.0,180.8741
2024-08-22 08:15:00,1724332500000,180.74,181.57,180.72,181.4,52564.0,181.17
2024-08-22 08:30:00,1724333400000,181.38,181.47,180.18,180.7775,2096356.0,180.8866
2024-08-22 08:45:00,1724334300000,180.78,181.09,179.98,180.015,1377496.0,180.6258
2024-08-22 09:00:00,1724335200000,180.02,180.605,179.505,179.5705,1175836.0,179.9579
2024-08-22 09:15:00,1724336100000,179.5438,179.905,179.22,179.6049,956194.0,179.592
2024-08-22 09:30:00,1724337000000,179.59,179.59,179.09,179.34,678999.0,179.3885
2024-08-22 09:45:00,1724337900000,179.35,179.48,178.95,179.23,617562.0,179.2265
2024-08-22 10:00:00,1724338800000,179.2368,179.689,179.01,179.04,635650.0,179.3768
2024-08-22 10:15:00,1724339700000,179.0411,179.22,178.44,178.4515,793249.0,178.7838
2024-08-22 10:30:00,1724340600000,178.45,178.55,176.8,177.03,1528240.0,177.6645
2024-08-22 10:45:00,1724341500000,177.04,177.6,176.88,177.47,893433.0,177.2129
2024-08-22 11:00:00,1724342400000,177.47,177.88,177.43,177.6547,781112.0,177.6629
2024-08-22 11:15:00,1724343300000,177.6699,178.26,177.4101,178.21,596129.0,177.8553
2024-08-22 11:30:00,1724344200000,178.2,178.465,178.14,178.465,497994.0,178.2989
2024-08-22 11:45:00,1724345100000,178.49,178.49,177.44,177.67,602322.0,177.9171
2024-08-22 12:00:00,1724346000000,177.665,178.04,177.43,177.6199,528669.0,177.6947
2024-08-22 12:15:00,1724346900000,177.62,177.885,177.51,177.6499,342311.0,177.6988
2024-08-22 12:30:00,1724347800000,177.64,177.715,177.07,177.41,604962.0,177.3792
2024-08-22 12:45:00,1724348700000,177.4299,177.45,176.65,176.875,618795.0,176.9815
2024-08-22 13:00:00,1724349600000,176.88,177.17,176.7,177.12,542549.0,176.9286
2024-08-22 13:15:00,1724350500000,177.14,177.47,177.07,177.44,617714.0,177.271
2024-08-22 13:30:00,1724351400000,177.44,177.58,177.22,177.335,500464.0,177.3978
2024-08-22 13:45:00,1724352300000,177.33,177.44,176.49,176.57,704538.0,176.9874
2024-08-22 14:00:00,1724353200000,176.58,177.15,176.57,176.67,662048.0,176.8855
2024-08-22 14:15:00,1724354100000,176.67,176.7998,175.98,176.03,994828.0,176.3255
2024-08-22 14:30:00,1724355000000,176.035,176.27,175.68,175.76,1269915.0,175.923
2024-08-22 14:45:00,1724355900000,175.755,176.49,175.68,176.15,3887466.0,176.0451
2024-08-22 15:00:00,1724356800000,176.13,176.25,175.92,176.21,331286.0,176.1284
2024-08-22 15:15:00,1724357700000,176.22,176.23,175.8,176.1,40402.0,175.9904
2024-08-22 15:30:00,1724358600000,176.06,176.17,176.06,176.09,62989.0,176.1185
2024-08-22 15:45:00,1724359500000,176.05,176.48,176.02,176.31,225808.0,176.1378
2024-08-22 16:00:00,1724360400000,176.38,176.38,176.26,176.35,9832.0,176.1066
2024-08-22 16:15:00,1724361300000,176.32,176.38,176.13,176.38,19257.0,176.0258
2024-08-22 16:30:00,1724362200000,176.38,176.6472,176.38,176.55,22499.0,176.5586
2024-08-22 16:45:00,1724363100000,176.46,176.7,176.46,176.5999,13380.0,176.6102
2024-08-22 17:00:00,1724364000000,176.5982,176.5982,176.43,176.45,6423.0,176.4763
2024-08-22 17:15:00,1724364900000,176.47,176.47,176.45,176.47,7634.0,176.4663
2024-08-22 17:30:00,1724365800000,176.42,176.47,176.42,176.47,8073.0,176.4543
2024-08-22 17:45:00,1724366700000,176.47,176.47,176.41,176.44,4564.0,176.4374
2024-08-22 18:00:00,1724367600000,176.47,176.6,176.41,176.47,11432.0,176.4732
2024-08-22 18:15:00,1724368500000,176.45,176.45,176.3,176.36,6572.0,176.3978
2024-08-22 18:30:00,1724369400000,176.4,176.53,176.39,176.43,4164.0,176.4543
2024-08-22 18:45:00,1724370300000,176.47,176.53,176.27,176.5,11911.0,176.4314
2024-08-23 03:00:00,1724400000000,177.77,177.9,177.57,177.66,6877.0,177.7774
2024-08-23 03:15:00,1724400900000,177.68,177.69,177.1,177.18,8758.0,177.3541
2024-08-23 03:30:00,1724401800000,177.1,177.34,177.1,177.34,14010.0,177.1918
2024-08-23 03:45:00,1724402700000,177.36,177.36,177.36,177.36,531.0,177.3584
2024-08-23 04:00:00,1724403600000,177.33,177.33,177.2,177.28,2198.0,177.2604
2024-08-23 04:15:00,1724404500000,177.23,177.28,177.22,177.22,1170.0,177.2356
2024-08-23 04:30:00,1724405400000,177.28,177.35,177.25,177.35,2611.0,177.3106
2024-08-23 04:45:00,1724406300000,177.35,177.42,177.35,177.42,2759.0,177.3723
2024-08-23 05:00:00,1724407200000,177.44,177.68,177.44,177.68,7138.0,177.6114
2024-08-23 05:15:00,1724408100000,177.64,177.72,177.62,177.62,3175.0,177.6658
2024-08-23 05:30:00,1724409000000,177.6,177.85,177.6,177.85,4342.0,177.7007
2024-08-23 05:45:00,1724409900000,177.81,178.0,177.81,177.99,7890.0,177.9333
2024-08-23 06:00:00,1724410800000,177.95,178.0,177.84,177.84,8604.0,177.8916
2024-08-23 06:15:00,1724411700000,177.85,177.95,177.71,177.72,17823.0,177.839
2024-08-23 06:30:00,1724412600000,177.78,177.91,177.78,177.88,8697.0,177.8683
2024-08-23 06:45:00,1724413500000,177.88,178.06,177.88,178.06,12808.0,177.9481
2024-08-23 07:00:00,1724414400000,177.9,178.1299,175.69,178.0,70394.0,177.9026
2024-08-23 07:15:00,1724415300000,178.0,178.04,177.8,177.86,31626.0,177.9533
2024-08-23 07:30:00,1724416200000,177.8,178.02,177.8,178.0018,27520.0,177.9473
2024-08-23 07:45:00,1724417100000,178.04,178.1182,178.0,178.05,24240.0,178.0427
2024-08-23 08:00:00,1724418000000,178.06,178.1,177.8271,178.08,37034.0,178.0047
2024-08-23 08:15:00,1724418900000,178.09,178.1,177.06,177.215,97188.0,177.4767
2024-08-23 08:30:00,1724419800000,177.34,177.93,176.53,176.94,2032407.0,177.0389
2024-08-23 08:45:00,1724420700000,176.935,177.305,176.8,177.005,1178692.0,177.004
2024-08-23 09:00:00,1724421600000,177.01,178.8,177.01,178.15,2311744.0,177.9753
2024-08-23 09:15:00,1724422500000,178.2,178.9699,177.4403,178.5,1789386.0,178.2188
2024-08-23 09:30:00,1724423400000,178.515,178.685,177.83,178.2,1123232.0,178.2182
2024-08-23 09:45:00,1724424300000,178.2,178.23,176.36,176.88,1394616.0,176.9482
2024-08-23 10:00:00,1724425200000,176.85,177.0465,176.19,177.0465,967689.0,176.6697
2024-08-23 10:15:00,1724426100000,177.04,177.89,176.97,177.52,840419.0,177.4564
2024-08-23 10:30:00,1724427000000,177.54,177.99,177.21,177.35,622321.0,177.6131
2024-08-23 10:45:00,1724427900000,177.32,177.36,176.56,176.68,670121.0,176.8931
2024-08-23 11:00:00,1724428800000,176.69,176.745,175.83,175.84,788573.0,176.2964
2024-08-23 11:15:00,1724429700000,175.85,176.19,175.5401,175.99,666585.0,175.9128
2024-08-23 11:30:00,1724430600000,175.99,176.2425,175.24,175.52,729762.0,175.8522
2024-08-23 11:45:00,1724431500000,175.53,176.31,175.3,176.21,554764.0,175.833
2024-08-23 12:00:00,1724432400000,176.22,176.31,175.84,176.12,560355.0,176.0849
2024-08-23 12:15:00,1724433300000,176.15,176.63,176.02,176.58,420968.0,176.2589
2024-08-23 12:30:00,1724434200000,176.5894,176.9,176.5,176.86,431317.0,176.6654
2024-08-23 12:45:00,1724435100000,176.91,176.91,176.49,176.591,404629.0,176.6411
2024-08-23 13:00:00,1724436000000,176.6,176.945,176.5,176.8656,390108.0,176.7433
2024-08-23 13:15:00,1724436900000,176.89,176.92,176.61,176.7496,385517.0,176.7935
2024-08-23 13:30:00,1724437800000,176.74,177.03,176.69,177.0005,422568.0,176.8855
2024-08-23 13:45:00,1724438700000,177.0,177.1,176.67,176.85,451725.0,176.9369
2024-08-23 14:00:00,1724439600000,176.84,177.35,176.54,177.2,625170.0,176.8853
2024-08-23 14:15:00,1724440500000,177.18,177.33,177.035,177.28,624033.0,177.148
2024-08-23 14:30:00,1724441400000,177.28,177.31,176.84,176.86,648370.0,177.0455
2024-08-23 14:45:00,1724442300000,176.8662,177.26,176.62,177.0,2146188.0,177.0012
2024-08-23 15:00:00,1724443200000,177.04,177.06,176.87,176.87,537295.0,177.0363
2024-08-23 15:15:00,1724444100000,176.944,177.04,176.944,176.98,15152.0,177.0075
2024-08-23 15:30:00,1724445000000,176.96,177.04,176.92,176.92,39106.0,177.0073
2024-08-23 15:45:00,1724445900000,176.91,177.16,176.86,176.87,714481.0,177.0296
2024-08-23 16:00:00,1724446800000,176.8892,176.8999,176.81,176.83,14880.0,176.0476
2024-08-23 16:15:00,1724447700000,176.8,176.85,176.8,176.8,7070.0,176.8134
2024-08-23 16:30:00,1724448600000,176.81,176.85,176.8001,176.85,5067.0,176.8324
2024-08-23 16:45:00,1724449500000,176.85,176.85,176.83,176.83,3560.0,176.8373
2024-08-23 17:00:00,1724450400000,176.87,176.87,176.82,176.82,2270.0,176.8547
2024-08-23 17:15:00,1724451300000,176.88,176.88,176.8343,176.87,1814.0,176.8637
2024-08-23 17:30:00,1724452200000,176.8201,176.87,176.82,176.84,6152.0,176.8398
2024-08-23 17:45:00,1724453100000,176.83,176.84,176.82,176.82,5291.0,176.8308
2024-08-23 18:00:00,1724454000000,176.83,176.85,176.83,176.85,1459.0,176.8471
2024-08-23 18:15:00,1724454900000,176.85,176.86,176.85,176.86,1950.0,176.8653
2024-08-23 18:30:00,1724455800000,176.86,176.92,176.84,176.85,3527.0,176.8718
2024-08-23 18:45:00,1724456700000,176.85,176.85,176.8,176.8001,16140.0,176.8172
2024-08-26 03:00:00,1724659200000,177.0,177.62,177.0,177.62,12159.0,177.4188
2024-08-26 03:15:00,1724660100000,177.59,177.6,177.24,177.24,3357.0,177.438
2024-08-26 03:30:00,1724661000000,177.37,177.42,177.37,177.42,813.0,177.4021
2024-08-26 03:45:00,1724661900000,177.4,177.4,177.27,177.27,5029.0,177.3459
2024-08-26 04:00:00,1724662800000,177.41,177.41,177.33,177.33,421.0,177.3649
2024-08-26 04:15:00,1724663700000,177.3,177.37,177.3,177.37,3558.0,177.3386
2024-08-26 04:30:00,1724664600000,177.38,177.38,177.24,177.24,2461.0,177.3132
2024-08-26 04:45:00,1724665500000,177.4,177.47,177.4,177.47,1812.0,177.4432
2024-08-26 05:00:00,1724666400000,177.51,177.66,177.51,177.66,2015.0,177.5798
2024-08-26 05:15:00,1724667300000,177.69,177.69,177.62,177.62,4816.0,177.6698
2024-08-26 05:30:00,1724668200000,177.65,177.68,177.16,177.34,19305.0,177.4689
2024-08-26 05:45:00,1724669100000,177.12,177.22,177.12,177.15,11535.0,177.1788
2024-08-26 06:00:00,1724670000000,177.13,177.26,176.88,176.9,9465.0,177.0754
2024-08-26 06:15:00,1724670900000,176.85,176.96,176.8,176.89,12137.0,176.8636
2024-08-26 06:30:00,1724671800000,176.89,176.89,176.6,176.6,10242.0,176.7338
2024-08-26 06:45:00,1724672700000,176.55,176.6,176.24,176.55,8961.0,176.4101
2024-08-26 07:00:00,1724673600000,176.85,177.3,176.23,176.6,52274.0,176.7954
2024-08-26 07:15:00,1724674500000,176.6,176.6,176.55,176.55,13799.0,176.5763
2024-08-26 07:30:00,1724675400000,176.54,176.6,176.0,176.006,43539.0,176.2372
2024-08-26 07:45:00,1724676300000,176.01,176.3,175.94,176.1026,20826.0,176.1875
2024-08-26 08:00:00,1724677200000,176.18,176.29,176.0901,176.25,30099.0,176.1925
2024-08-26 08:15:00,1724678100000,176.21,176.88,176.2,176.8,38505.0,176.4022
2024-08-26 08:30:00,1724679000000,176.7,177.4682,176.46,176.47,1878977.0,176.9187
2024-08-26 08:45:00,1724679900000,176.485,176.77,175.94,176.73,1154046.0,176.351
2024-08-26 09:00:00,1724680800000,176.76,176.84,175.92,176.12,1048362.0,176.3062
2024-08-26 09:15:00,1724681700000,176.125,176.18,175.43,175.48,954998.0,175.8264
2024-08-26 09:30:00,1724682600000,175.49,175.54,174.3,174.5792,1328363.0,174.8203
2024-08-26 09:45:00,1724683500000,174.57,175.63,174.54,175.55,736575.0,175.0169
2024-08-26 10:00:00,1724684400000,175.545,175.84,175.43,175.761,628655.0,175.6436
2024-08-26 10:15:00,1724685300000,175.76,176.16,175.6,175.99,679040.0,175.9054
2024-08-26 10:30:00,1724686200000,175.96,176.24,175.67,176.03,546012.0,175.91
2024-08-26 10:45:00,1724687100000,176.03,176.0984,175.49,175.64,515136.0,175.7873
2024-08-26 11:00:00,1724688000000,175.62,175.7,175.31,175.34,426125.0,175.5074
2024-08-26 11:15:00,1724688900000,175.33,176.035,175.33,176.02,803363.0,175.6157
2024-08-26 11:30:00,1724689800000,176.005,176.2,175.92,176.15,389363.0,176.0638
2024-08-26 11:45:00,1724690700000,176.13,176.19,175.85,175.94,391622.0,176.0178
2024-08-26 12:00:00,1724691600000,175.96,176.06,175.65,175.87,390601.0,175.8877
2024-08-26 12:15:00,1724692500000,175.875,175.96,175.615,175.63,385393.0,175.7697
2024-08-26 12:30:00,1724693400000,175.64,175.78,175.14,175.205,516720.0,175.4873
2024-08-26 12:45:00,1724694300000,175.1915,175.2399,174.7604,174.95,577616.0,174.9353
2024-08-26 13:00:00,1724695200000,174.97,175.15,174.82,175.12,573416.0,174.9566
2024-08-26 13:15:00,1724696100000,175.0909,175.46,175.0,175.44,402974.0,175.2595
2024-08-26 13:30:00,1724697000000,175.46,175.88,175.45,175.8,484844.0,175.6706
2024-08-26 13:45:00,1724697900000,175.801,175.859,175.5201,175.64,413704.0,175.6974
2024-08-26 14:00:00,1724698800000,175.64,175.68,175.4,175.59,484223.0,175.5574
2024-08-26 14:15:00,1724699700000,175.59,175.64,175.34,175.39,480607.0,175.4867
2024-08-26 14:30:00,1724700600000,175.37,175.52,175.19,175.24,575283.0,175.3488
2024-08-26 14:45:00,1724701500000,175.25,175.58,175.01,175.51,2170876.0,175.3457
2024-08-26 15:00:00,1724702400000,175.5,175.61,175.37,175.3852,293325.0,175.502
2024-08-26 15:15:00,1724703300000,175.4004,175.5,175.4004,175.46,6014.0,175.4698
2024-08-26 15:30:00,1724704200000,175.5,175.5,175.36,175.36,9621.0,175.4127
2024-08-26 15:45:00,1724705100000,175.36,175.39,175.19,175.33,9401.0,175.354
2024-08-26 16:00:00,1724706000000,175.3874,175.44,175.32,175.44,3704.0,175.1821
2024-08-26 16:15:00,1724706900000,175.38,175.38,175.3004,175.3004,2441.0,175.1711
2024-08-26 16:30:00,1724707800000,175.3,175.32,175.3,175.32,1890.0,175.32
2024-08-26 16:45:00,1724708700000,175.3,175.3792,175.3,175.32,2153.0,175.3188
2024-08-26 17:00:00,1724709600000,175.31,175.36,175.01,175.1,15866.0,175.2342
2024-08-26 17:15:00,1724710500000,175.01,175.2,175.01,175.01,2840.0,175.085
2024-08-26 17:30:00,1724711400000,175.06,175.06,174.77,174.9,16322.0,174.9054
2024-08-26 17:45:00,1724712300000,174.77,175.0,174.77,175.0,8489.0,174.86
2024-08-26 18:00:00,1724713200000,174.985,174.985,174.86,174.88,2395.0,174.9266
2024-08-26 18:15:00,1724714100000,174.9487,175.3774,174.8601,175.06,14760.0,175.1063
2024-08-26 18:30:00,1724715000000,175.3565,175.3565,175.05,175.12,5592.0,175.1325
2024-08-26 18:45:00,1724715900000,175.07,175.28,175.07,175.11,6432.0,175.1629
2024-08-27 03:00:00,1724745600000,175.5,176.0,175.5,175.98,8192.0,175.8986
2024-08-27 03:15:00,1724746500000,175.91,175.99,175.91,175.98,512.0,175.9447
2024-08-27 03:30:00,1724747400000,175.94,175.98,175.94,175.95,659.0,175.9574
2024-08-27 03:45:00,1724748300000,175.9,175.9,175.86,175.86,503.0,175.8423
2024-08-27 04:15:00,1724750100000,175.94,176.0,175.94,176.0,1843.0,175.9622
2024-08-27 04:30:00,1724751000000,176.05,176.08,175.94,175.99,4092.0,176.0298
2024-08-27 04:45:00,1724751900000,176.05,176.05,176.05,176.05,505.0,176.0502
2024-08-27 05:00:00,1724752800000,176.02,176.03,175.83,175.83,3430.0,175.9042
2024-08-27 05:15:00,1724753700000,175.69,175.71,175.6,175.6,1608.0,175.6824
2024-08-27 05:30:00,1724754600000,175.6,175.72,175.6,175.62,1102.0,175.6428
2024-08-27 05:45:00,1724755500000,175.68,175.69,175.5,175.5,4136.0,175.5887
2024-08-27 06:00:00,1724756400000,175.51,175.6,175.4,175.55,8688.0,175.5215
2024-08-27 06:15:00,1724757300000,175.52,175.52,175.31,175.35,6109.0,175.3706
2024-08-27 06:30:00,1724758200000,175.51,175.6,175.51,175.6,4177.0,175.5692
2024-08-27 06:45:00,1724759100000,175.61,175.65,175.54,175.65,3645.0,175.6133
2024-08-27 07:00:00,1724760000000,175.3746,175.71,175.2908,175.37,20809.0,175.4933
2024-08-27 07:15:00,1724760900000,175.37,175.39,175.111,175.3,6716.0,175.2736
2024-08-27 07:30:00,1724761800000,175.27,175.33,175.0,175.06,20162.0,175.1497
2024-08-27 07:45:00,1724762700000,175.05,175.08,174.89,174.9,39860.0,174.9798
2024-08-27 08:00:00,1724763600000,174.8811,174.9499,174.4,174.7,27890.0,174.6383
2024-08-27 08:15:00,1724764500000,174.65,174.9692,173.61,174.22,77794.0,174.3006
2024-08-27 08:30:00,1724765400000,174.15,174.89,172.78,172.8,2685619.0,173.604
2024-08-27 08:45:00,1724766300000,172.805,173.14,172.34,172.86,1906719.0,172.8407
2024-08-27 09:00:00,1724767200000,172.855,173.2,172.42,173.14,1559584.0,172.7376
2024-08-27 09:15:00,1724768100000,173.135,173.86,172.93,173.8301,1478672.0,173.2904
2024-08-27 09:30:00,1724769000000,173.83,174.0,173.0201,173.21,1122422.0,173.4464
2024-08-27 09:45:00,1724769900000,173.215,173.37,172.91,173.005,954237.0,173.1133
2024-08-27 10:00:00,1724770800000,173.02,173.36,172.83,172.995,855608.0,173.0254
2024-08-27 10:15:00,1724771700000,172.9933,173.0875,172.74,172.79,664645.0,172.9579
2024-08-27 10:30:00,1724772600000,172.78,172.92,172.39,172.745,899995.0,172.7138
2024-08-27 10:45:00,1724773500000,172.73,172.73,172.25,172.67,737374.0,172.5214
2024-08-27 11:00:00,1724774400000,172.6673,173.15,172.61,173.12,638011.0,172.8356
2024-08-27 11:15:00,1724775300000,173.13,173.29,173.02,173.24,604068.0,173.1636
2024-08-27 11:30:00,1724776200000,173.245,173.44,172.72,172.77,569239.0,173.1508
2024-08-27 11:45:00,1724777100000,172.77,173.08,172.74,172.825,533864.0,172.9368
2024-08-27 12:00:00,1724778000000,172.825,173.14,172.7899,173.1201,489536.0,172.943
2024-08-27 12:15:00,1724778900000,173.135,173.49,173.08,173.45,514467.0,173.3163
2024-08-27 12:30:00,1724779800000,173.46,173.69,173.28,173.31,672081.0,173.5313
2024-08-27 12:45:00,1724780700000,173.319,173.8,173.25,173.7891,563431.0,173.6106
2024-08-27 13:00:00,1724781600000,173.77,173.92,173.64,173.855,694194.0,173.8216
2024-08-27 13:15:00,1724782500000,173.86,174.05,173.73,173.875,746639.0,173.9085
2024-08-27 13:30:00,1724783400000,173.86,174.01,173.78,173.91,472359.0,173.8853
2024-08-27 13:45:00,1724784300000,173.905,173.97,173.63,173.7924,457678.0,173.7652
2024-08-27 14:00:00,1724785200000,173.8,173.86,173.52,173.63,518965.0,173.6994
2024-08-27 14:15:00,1724786100000,173.63,173.77,173.58,173.6,492383.0,173.6868
2024-08-27 14:30:00,1724787000000,173.6,173.63,173.44,173.58,682464.0,173.5342
2024-08-27 14:45:00,1724787900000,173.58,173.65,172.72,173.11,2549142.0,173.1093
2024-08-27 15:00:00,1724788800000,173.12,173.2,173.11,173.2,713771.0,173.1219
2024-08-27 15:15:00,1724789700000,173.18,173.22,173.1288,173.22,19271.0,173.1861
2024-08-27 15:30:00,1724790600000,173.2,173.23,173.1035,173.12,217879.0,173.1217
2024-08-27 15:45:00,1724791500000,173.12,173.12,173.04,173.1,177123.0,173.0954
2024-08-27 16:00:00,1724792400000,173.1,173.12,173.06,173.07,6724.0,173.0912
2024-08-27 16:15:00,1724793300000,173.06,173.12,173.01,173.1,26351.0,173.084
2024-08-27 16:30:00,1724794200000,173.1,173.11,173.09,173.11,5425.0,173.0993
2024-08-27 16:45:00,1724795100000,173.1,173.11,173.0034,173.0034,3502.0,173.0685
2024-08-27 17:00:00,1724796000000,173.11,173.11,172.771,172.771,18381.0,172.9929
2024-08-27 17:15:00,1724796900000,172.7686,172.9,172.6799,172.85,12705.0,172.7632
2024-08-27 17:30:00,1724797800000,172.85,172.9,172.67,172.78,15492.0,172.8105
2024-08-27 17:45:00,1724798700000,172.79,172.8,172.6616,172.72,11022.0,172.7492
2024-08-27 18:00:00,1724799600000,172.7986,172.85,172.74,172.75,5196.0,172.7728
2024-08-27 18:15:00,1724800500000,172.71,172.7933,172.5,172.6,10100.0,172.6082
2024-08-27 18:30:00,1724801400000,172.5908,172.6499,172.5,172.55,9837.0,172.572
2024-08-27 18:45:00,1724802300000,172.53,172.59,172.5036,172.5519,10666.0,172.5488
2024-08-28 03:00:00,1724832000000,172.99,173.45,172.99,173.29,11611.0,173.2772
2024-08-28 03:15:00,1724832900000,173.3,173.3,173.2,173.21,5819.0,173.2493
2024-08-28 03:30:00,1724833800000,173.28,173.57,173.23,173.57,12170.0,173.355
2024-08-28 03:45:00,1724834700000,173.56,173.57,173.55,173.56,2458.0,173.5551
2024-08-28 04:00:00,1724835600000,173.57,173.57,173.46,173.47,1705.0,173.5323
2024-08-28 04:30:00,1724837400000,173.45,173.45,173.34,173.34,1374.0,173.3808
2024-08-28 04:45:00,1724838300000,173.31,173.31,173.28,173.3,2321.0,173.2923
2024-08-28 05:30:00,1724841000000,173.41,173.41,173.37,173.39,1034.0,173.3947
2024-08-28 05:45:00,1724841900000,173.48,173.48,173.48,173.48,242.0,173.4857
2024-08-28 06:00:00,1724842800000,173.48,173.5,173.2,173.25,7599.0,173.3759
2024-08-28 06:15:00,1724843700000,173.2,173.2,173.1,173.16,1758.0,173.1517
2024-08-28 06:30:00,1724844600000,173.12,173.2,173.1,173.1,3003.0,173.1371
2024-08-28 06:45:00,1724845500000,173.09,173.09,172.78,172.78,3625.0,172.9379
2024-08-28 07:00:00,1724846400000,173.4814,173.4814,172.688,172.688,28923.0,173.1632
2024-08-28 07:15:00,1724847300000,172.91,172.98,172.88,172.9298,6667.0,172.9258
2024-08-28 07:30:00,1724848200000,172.99,173.1,172.99,173.09,10854.0,173.0439
2024-08-28 07:45:00,1724849100000,173.1097,173.1097,172.98,173.0,8073.0,173.052
2024-08-28 08:00:00,1724850000000,173.0784,173.0908,172.92,172.99,7830.0,173.0211
2024-08-28 08:15:00,1724850900000,172.99,173.65,172.88,173.59,63429.0,173.3503
2024-08-28 08:30:00,1724851800000,173.69,173.69,172.32,172.4,1433194.0,173.1846
2024-08-28 08:45:00,1724852700000,172.4,172.43,171.6539,171.775,1258300.0,172.0095
2024-08-28 09:00:00,1724853600000,171.775,171.78,171.15,171.24,1181424.0,171.4533
2024-08-28 09:15:00,1724854500000,171.21,171.99,171.16,171.92,1012696.0,171.6947
2024-08-28 09:30:00,1724855400000,171.91,172.08,171.38,171.52,648177.0,171.8318
2024-08-28 09:45:00,1724856300000,171.5,171.53,171.07,171.24,779579.0,171.3704
2024-08-28 10:00:00,1724857200000,171.22,171.23,170.43,170.43,1104545.0,170.8545
2024-08-28 10:15:00,1724858100000,170.41,170.66,170.2,170.64,865119.0,170.3984
2024-08-28 10:30:00,1724859000000,170.63,170.72,170.21,170.54,733110.0,170.4464
2024-08-28 10:45:00,1724859900000,170.55,170.8,170.3903,170.69,655156.0,170.6048
2024-08-28 11:00:00,1724860800000,170.69,170.85,170.52,170.59,510801.0,170.6823
2024-08-28 11:15:00,1724861700000,170.58,170.64,170.03,170.4,687613.0,170.3677
2024-08-28 11:30:00,1724862600000,170.39,170.715,170.33,170.6,477866.0,170.5629
2024-08-28 11:45:00,1724863500000,170.6,170.75,170.41,170.66,485092.0,170.6066
2024-08-28 12:00:00,1724864400000,170.665,170.84,170.2299,170.27,553137.0,170.6518
2024-08-28 12:15:00,1724865300000,170.3,170.39,170.2,170.38,491832.0,170.305
2024-08-28 12:30:00,1724866200000,170.38,170.44,170.081,170.1821,484904.0,170.2981
2024-08-28 12:45:00,1724867100000,170.1816,170.23,169.04,169.09,1112416.0,169.6954
2024-08-28 13:00:00,1724868000000,169.09,169.51,168.92,169.43,833010.0,169.2045
2024-08-28 13:15:00,1724868900000,169.46,169.7,169.4,169.675,532975.0,169.5799
2024-08-28 13:30:00,1724869800000,169.66,169.8,169.5,169.59,559077.0,169.6488
2024-08-28 13:45:00,1724870700000,169.59,170.65,169.575,170.62,843143.0,170.0419
2024-08-28 14:00:00,1724871600000,170.61,170.79,170.12,170.23,771317.0,170.4718
2024-08-28 14:15:00,1724872500000,170.23,170.645,170.22,170.62,679676.0,170.4189
2024-08-28 14:30:00,1724873400000,170.6,170.85,170.47,170.83,1030528.0,170.6923
2024-08-28 14:45:00,1724874300000,170.84,171.39,170.68,170.79,2908632.0,170.9262
2024-08-28 15:00:00,1724875200000,170.8,170.8,170.33,170.44,659294.0,170.7925
2024-08-28 15:15:00,1724876100000,170.44,170.4982,169.51,169.75,91823.0,170.124
2024-08-28 15:30:00,1724877000000,169.6625,170.19,169.64,169.97,48832.0,169.8872
2024-08-28 15:45:00,1724877900000,169.96,169.962,169.69,169.7,45063.0,169.7612
2024-08-28 16:00:00,1724878800000,169.7,169.79,169.54,169.62,228425.0,170.6331
2024-08-28 16:15:00,1724879700000,169.57,169.69,169.45,169.64,61054.0,169.5812
2024-08-28 16:30:00,1724880600000,169.64,169.68,169.5,169.68,17094.0,169.6044
2024-08-28 16:45:00,1724881500000,169.6799,169.69,169.52,169.5506,39303.0,169.6292
2024-08-28 17:00:00,1724882400000,169.65,170.19,169.5,169.7925,40024.0,169.8025
2024-08-28 17:15:00,1724883300000,169.9,170.05,169.7936,169.7936,12450.0,169.973
2024-08-28 17:30:00,1724884200000,170.0,170.0,169.5,169.5,14662.0,169.7705
2024-08-28 17:45:00,1724885100000,169.5,169.5,169.18,169.2,20900.0,169.2727
2024-08-28 18:00:00,1724886000000,169.29,169.96,169.29,169.75,14115.0,169.6062
2024-08-28 18:15:00,1724886900000,169.75,169.82,169.44,169.44,12340.0,169.5944
2024-08-28 18:30:00,1724887800000,169.67,169.7,169.54,169.59,12848.0,169.597
2024-08-28 18:45:00,1724888700000,169.62,169.75,169.2491,169.25,20632.0,169.5042
2024-08-29 03:00:00,1724918400000,170.86,171.99,170.45,171.99,24443.0,171.4147
2024-08-29 03:15:00,1724919300000,171.98,171.98,171.64,171.65,3554.0,171.8945
2024-08-29 03:30:00,1724920200000,171.82,171.95,171.75,171.8,5993.0,171.8735
2024-08-29 03:45:00,1724921100000,171.79,171.8,171.72,171.8,2090.0,171.7764
2024-08-29 04:00:00,1724922000000,171.73,171.89,171.73,171.89,3124.0,171.7998
2024-08-29 04:15:00,1724922900000,171.9,172.05,171.88,171.89,7047.0,171.9668
2024-08-29 04:30:00,1724923800000,172.04,172.19,172.0,172.19,2660.0,172.0553
2024-08-29 04:45:00,1724924700000,172.57,172.63,172.45,172.45,6601.0,172.5567
2024-08-29 05:00:00,1724925600000,172.44,172.64,172.38,172.39,5142.0,172.5022
2024-08-29 05:15:00,1724926500000,172.37,172.37,172.05,172.33,7934.0,172.2522
2024-08-29 05:30:00,1724927400000,172.35,172.35,172.03,172.03,5427.0,172.219
2024-08-29 05:45:00,1724928300000,172.02,172.54,172.02,172.21,6126.0,172.3755
2024-08-29 06:00:00,1724929200000,172.18,172.18,171.5,171.7,28494.0,171.7968
2024-08-29 06:15:00,1724930100000,171.75,171.82,171.72,171.75,4159.0,171.7683
2024-08-29 06:30:00,1724931000000,171.8,172.13,171.8,172.0,13385.0,171.948
2024-08-29 06:45:00,1724931900000,172.04,172.35,172.03,172.23,19664.0,172.1731
2024-08-29 07:00:00,1724932800000,172.07,172.43,170.0,172.37,125384.0,171.9592
2024-08-29 07:15:00,1724933700000,172.38,172.4,172.1665,172.36,31688.0,172.3339
2024-08-29 07:30:00,1724934600000,172.31,172.74,172.25,172.25,73570.0,172.5038
2024-08-29 07:45:00,1724935500000,172.47,172.6,172.36,172.43,34675.0,172.4833
2024-08-29 08:00:00,1724936400000,172.43,172.65,172.24,172.65,29552.0,172.3994
2024-08-29 08:15:00,1724937300000,172.63,173.48,172.07,173.39,94333.0,172.8894
2024-08-29 08:30:00,1724938200000,173.22,173.56,172.1,172.24,2644861.0,172.9413
2024-08-29 08:45:00,1724939100000,172.23,173.38,172.23,173.36,1340625.0,172.8356
2024-08-29 09:00:00,1724940000000,173.37,173.7698,172.645,172.9,1135893.0,173.1094
2024-08-29 09:15:00,1724940900000,172.91,172.97,171.92,172.9163,913209.0,172.4482
2024-08-29 09:30:00,1724941800000,172.93,173.7493,172.91,173.5959,1230801.0,173.1212
2024-08-29 09:45:00,1724942700000,173.6,174.27,173.35,173.57,1076953.0,173.881
2024-08-29 10:00:00,1724943600000,173.58,174.1,173.385,174.06,714516.0,173.6824
2024-08-29 10:15:00,1724944500000,174.045,174.18,173.37,173.62,586345.0,173.6338
2024-08-29 10:30:00,1724945400000,173.62,173.82,173.4201,173.539,819111.0,173.6654
2024-08-29 10:45:00,1724946300000,173.53,173.945,173.51,173.9301,448700.0,173.6987
2024-08-29 11:00:00,1724947200000,173.935,174.29,173.89,174.265,699532.0,174.1081
2024-08-29 11:15:00,1724948100000,174.265,174.28,173.68,173.86,557662.0,174.0133
2024-08-29 11:30:00,1724949000000,173.8699,174.17,173.78,174.1,450026.0,173.9958
2024-08-29 11:45:00,1724949900000,174.1,174.21,173.61,173.84,495991.0,173.86
2024-08-29 12:00:00,1724950800000,173.835,173.835,173.25,173.44,427352.0,173.5476
2024-08-29 12:15:00,1724951700000,173.445,173.66,173.36,173.48,288852.0,173.5124
2024-08-29 12:30:00,1724952600000,173.48,173.61,173.2,173.45,358948.0,173.4205
2024-08-29 12:45:00,1724953500000,173.47,173.68,173.07,173.6743,506119.0,173.382
2024-08-29 13:00:00,1724954400000,173.67,173.67,173.01,173.11,432790.0,173.2984
2024-08-29 13:15:00,1724955300000,173.1041,173.11,172.32,172.41,580932.0,172.8266
2024-08-29 13:30:00,1724956200000,172.4,172.41,171.46,171.816,1006193.0,172.0169
2024-08-29 13:45:00,1724957100000,171.83,171.855,171.26,171.55,755450.0,171.5683
2024-08-29 14:00:00,1724958000000,171.54,171.58,170.81,171.0824,727641.0,171.1656
2024-08-29 14:15:00,1724958900000,171.085,171.83,171.0,171.57,662745.0,171.4205
2024-08-29 14:30:00,1724959800000,171.575,172.0,171.4,171.59,765733.0,171.7073
2024-08-29 14:45:00,1724960700000,171.6,172.26,171.43,172.13,1948560.0,171.8378
2024-08-29 15:00:00,1724961600000,172.12,172.49,172.12,172.46,397676.0,172.1285
2024-08-29 15:15:00,1724962500000,172.49,172.67,172.12,172.51,49122.0,172.3664
2024-08-29 15:30:00,1724963400000,172.52,172.64,172.31,172.64,20177.0,172.5409
2024-08-29 15:45:00,1724964300000,172.6,172.62,172.51,172.59,11156.0,172.5702
2024-08-29 16:00:00,1724965200000,172.59,172.8109,172.12,172.72,104645.0,172.2361
2024-08-29 16:15:00,1724966100000,172.66,172.66,172.3,172.3955,13419.0,172.2071
2024-08-29 16:30:00,1724967000000,172.4,172.48,172.323,172.3307,4229.0,172.3706
2024-08-29 16:45:00,1724967900000,172.41,172.4996,172.36,172.4,1982.0,172.4043
2024-08-29 17:00:00,1724968800000,172.37,172.49,172.12,172.26,12781.0,172.2666
2024-08-29 17:15:00,1724969700000,172.3495,172.47,172.31,172.31,3122.0,172.3822
2024-08-29 17:30:00,1724970600000,172.3,172.3994,172.2602,172.3,4911.0,172.329
2024-08-29 17:45:00,1724971500000,172.26,172.26,172.26,172.26,421.0,172.2813
2024-08-29 18:00:00,1724972400000,172.3986,172.4,172.3235,172.4,1824.0,172.362
2024-08-29 18:15:00,1724973300000,172.35,172.4,172.32,172.38,2413.0,172.373
2024-08-29 18:30:00,1724974200000,172.4,172.4,172.2,172.3,4437.0,172.2934
2024-08-29 18:45:00,1724975100000,172.3,172.45,172.3,172.45,6313.0,172.3736
2024-08-30 03:00:00,1725004800000,173.25,173.31,173.11,173.2,6903.0,173.238
2024-08-30 03:15:00,1725005700000,173.19,173.31,173.19,173.24,1638.0,173.2174
2024-08-30 03:30:00,1725006600000,173.18,173.18,173.18,173.18,231.0,173.17
2024-08-30 04:00:00,1725008400000,173.25,173.4,173.18,173.4,3655.0,173.2294
2024-08-30 04:15:00,1725009300000,173.38,173.5,173.35,173.5,5271.0,173.4101
2024-08-30 04:45:00,1725011100000,173.56,173.56,173.55,173.55,1287.0,173.5571
2024-08-30 05:00:00,1725012000000,173.54,173.54,173.54,173.54,299.0,173.5411
2024-08-30 05:15:00,1725012900000,173.34,173.34,173.25,173.25,842.0,173.3099
2024-08-30 05:30:00,1725013800000,173.22,173.25,173.14,173.14,2178.0,173.1991
2024-08-30 05:45:00,1725014700000,173.2,173.24,173.2,173.24,1031.0,173.2236
2024-08-30 06:00:00,1725015600000,173.25,173.47,173.16,173.45,5636.0,173.2966
2024-08-30 06:15:00,1725016500000,173.42,173.46,173.38,173.38,2640.0,173.4158
2024-08-30 06:30:00,1725017400000,173.41,173.41,173.25,173.25,1558.0,173.3313
2024-08-30 06:45:00,1725018300000,173.22,173.39,173.19,173.39,5379.0,173.2992
2024-08-30 07:00:00,1725019200000,173.42,173.5,171.69,173.32,60660.0,173.3413
2024-08-30 07:15:00,1725020100000,173.34,173.42,172.96,173.0,23577.0,173.3095
2024-08-30 07:30:00,1725021000000,173.18,173.4675,173.0,173.16,49336.0,173.19
2024-08-30 07:45:00,1725021900000,173.19,173.38,173.11,173.29,15999.0,173.2466
2024-08-30 08:00:00,1725022800000,173.25,173.4,173.2,173.3,23475.0,173.3088
2024-08-30 08:15:00,1725023700000,173.3088,173.36,172.51,172.68,57445.0,172.8893
2024-08-30 08:30:00,1725024600000,172.78,174.817,172.6,174.655,2686988.0,173.6561
2024-08-30 08:45:00,1725025500000,174.65,175.55,174.38,175.31,2393595.0,174.8939
2024-08-30 09:00:00,1725026400000,175.31,175.65,174.81,175.014,2049781.0,175.1985
2024-08-30 09:15:00,1725027300000,175.0,175.2299,174.36,174.7875,1143389.0,174.7876
2024-08-30 09:30:00,1725028200000,174.775,175.4,174.62,174.7711,912463.0,175.0365
2024-08-30 09:45:00,1725029100000,174.76,174.9677,173.86,173.92,1224469.0,174.5517
2024-08-30 10:00:00,1725030000000,173.91,174.96,173.73,174.96,1507628.0,174.5108
2024-08-30 10:15:00,1725030900000,174.955,175.69,174.8389,175.39,1686287.0,175.2761
2024-08-30 10:30:00,1725031800000,175.39,175.5526,174.9,175.25,785797.0,175.2622
2024-08-30 10:45:00,1725032700000,175.25,175.6399,175.09,175.46,575587.0,175.3947
2024-08-30 11:00:00,1725033600000,175.44,175.44,174.9652,175.1299,429178.0,175.1724
2024-08-30 11:15:00,1725034500000,175.1,175.1099,174.52,174.675,474288.0,174.8449
2024-08-30 11:30:00,1725035400000,174.67,174.77,174.4,174.62,550986.0,174.5611
2024-08-30 11:45:00,1725036300000,174.61,175.18,174.56,175.12,515679.0,174.9194
2024-08-30 12:00:00,1725037200000,175.13,175.4,175.005,175.3986,449649.0,175.256
2024-08-30 12:15:00,1725038100000,175.4,175.43,175.03,175.21,369069.0,175.2163
2024-08-30 12:30:00,1725039000000,175.23,175.62,175.17,175.5518,672122.0,175.492
2024-08-30 12:45:00,1725039900000,175.555,175.84,175.53,175.75,595002.0,175.7126
2024-08-30 13:00:00,1725040800000,175.76,175.82,175.59,175.805,512454.0,175.7232
2024-08-30 13:15:00,1725041700000,175.795,176.03,175.75,175.964,616137.0,175.8634
2024-08-30 13:30:00,1725042600000,175.97,176.33,175.97,176.2484,734575.0,176.1766
2024-08-30 13:45:00,1725043500000,176.25,176.7099,176.25,176.6499,852281.0,176.4981
2024-08-30 14:00:00,1725044400000,176.64,177.0599,176.605,176.98,1044445.0,176.8719
2024-08-30 14:15:00,1725045300000,176.97,177.5899,176.9,177.585,1229663.0,177.2036
2024-08-30 14:30:00,1725046200000,177.59,177.71,177.31,177.5081,1397648.0,177.4946
2024-08-30 14:45:00,1725047100000,177.505,178.9,177.49,178.48,5691006.0,178.395
2024-08-30 15:00:00,1725048000000,178.5,178.9,178.5,178.55,1284124.0,178.5066
2024-08-30 15:15:00,1725048900000,178.5555,178.57,178.5,178.51,47159.0,178.5246
2024-08-30 15:30:00,1725049800000,178.52,178.54,178.49,178.5,254038.0,178.5012
2024-08-30 15:45:00,1725050700000,178.5,178.51,178.4,178.42,74453.0,178.4902
2024-08-30 16:00:00,1725051600000,178.41,178.46,178.31,178.4,15578.0,177.5562
2024-08-30 16:15:00,1725052500000,178.38,178.5,178.366,178.3902,249107.0,178.4974
2024-08-30 16:30:00,1725053400000,178.39,178.4,178.32,178.39,7955.0,178.365
2024-08-30 16:45:00,1725054300000,178.3201,178.3735,178.32,178.3425,6574.0,178.3379
2024-08-30 17:00:00,1725055200000,178.34,178.37,178.32,178.32,6035.0,178.3476
2024-08-30 17:15:00,1725056100000,178.32,178.3799,178.3,178.3,5655.0,178.3338
2024-08-30 17:30:00,1725057000000,178.24,178.38,178.23,178.25,7512.0,178.3124
2024-08-30 17:45:00,1725057900000,178.25,178.38,178.24,178.37,6154.0,178.2901
2024-08-30 18:00:00,1725058800000,178.37,178.3998,178.32,178.32,2704.0,178.3496
2024-08-30 18:15:00,1725059700000,178.37,178.48,178.32,178.44,5068.0,178.3678
2024-08-30 18:30:00,1725060600000,178.42,178.48,178.33,178.33,4623.0,178.4264
2024-08-30 18:45:00,1725061500000,178.3992,178.52,178.39,178.52,14478.0,178.4739
2024-09-03 03:00:00,1725350400000,178.5,178.52,178.1,178.32,20107.0,178.2998
2024-09-03 03:15:00,1725351300000,178.3,178.5,178.2,178.22,4918.0,178.3459
2024-09-03 03:30:00,1725352200000,178.19,178.3,178.1,178.1,8196.0,178.1677
2024-09-03 03:45:00,1725353100000,178.13,178.18,177.8,177.8,9060.0,177.9346
2024-09-03 04:00:00,1725354000000,177.64,177.75,177.5,177.5,5395.0,177.6385
2024-09-03 04:15:00,1725354900000,177.45,177.45,177.05,177.39,10783.0,177.2738
2024-09-03 04:30:00,1725355800000,177.21,177.52,177.08,177.45,7780.0,177.2642
2024-09-03 04:45:00,1725356700000,177.45,177.58,177.45,177.5,3445.0,177.497
2024-09-03 05:00:00,1725357600000,177.44,177.91,177.44,177.91,8763.0,177.7387
2024-09-03 05:15:00,1725358500000,177.81,177.86,177.72,177.82,5282.0,177.7769
2024-09-03 05:30:00,1725359400000,177.86,178.19,177.81,178.19,10239.0,177.9936
2024-09-03 05:45:00,1725360300000,178.17,178.3,178.09,178.24,6226.0,178.2273
2024-09-03 06:00:00,1725361200000,178.32,178.5,177.79,177.83,30148.0,178.1758
2024-09-03 06:15:00,1725362100000,177.83,178.08,177.8,178.02,9916.0,177.9555
2024-09-03 06:30:00,1725363000000,178.17,178.4,178.06,178.34,9581.0,178.2562
2024-09-03 06:45:00,1725363900000,178.17,178.2,178.01,178.11,8623.0,178.1071
2024-09-03 07:00:00,1725364800000,178.08,178.52,177.7907,177.9755,69267.0,178.1153
2024-09-03 07:15:00,1725365700000,178.07,178.5,177.97,178.01,25952.0,178.1251
2024-09-03 07:30:00,1725366600000,178.0,178.16,177.9,178.08,18925.0,178.0417
2024-09-03 07:45:00,1725367500000,177.96,178.0,177.5,177.5,33268.0,177.7579
2024-09-03 08:00:00,1725368400000,177.5,177.5,177.2,177.41,30544.0,177.3945
2024-09-03 08:15:00,1725369300000,177.4,177.99,176.91,177.55,70710.0,177.3572
2024-09-03 08:30:00,1725370200000,177.55,178.1,176.17,177.085,3358975.0,177.1255
2024-09-03 08:45:00,1725371100000,177.06,178.26,176.94,177.69,1972691.0,177.6736
2024-09-03 09:00:00,1725372000000,177.67,177.69,176.4046,176.525,1286005.0,176.8726
2024-09-03 09:15:00,1725372900000,176.51,177.1,176.44,176.75,1077787.0,176.843
2024-09-03 09:30:00,1725373800000,176.78,176.89,176.42,176.63,1586101.0,176.6526
2024-09-03 09:45:00,1725374700000,176.62,176.63,175.56,175.98,1955634.0,176.0974
2024-09-03 10:00:00,1725375600000,176.015,176.5854,175.81,176.4601,1082438.0,176.2773
2024-09-03 10:15:00,1725376500000,176.46,176.79,176.35,176.58,753496.0,176.5792
2024-09-03 10:30:00,1725377400000,176.6,176.93,175.96,175.99,853588.0,176.4785
2024-09-03 10:45:00,1725378300000,175.99,176.21,175.26,175.52,750414.0,175.6864
2024-09-03 11:00:00,1725379200000,175.52,176.13,175.45,176.128,998812.0,175.7684
2024-09-03 11:15:00,1725380100000,176.1,176.41,175.77,175.99,671492.0,176.0434
2024-09-03 11:30:00,1725381000000,175.96,176.2,175.88,176.055,512629.0,176.0226
2024-09-03 11:45:00,1725381900000,176.025,176.34,175.88,176.265,526849.0,176.1641
2024-09-03 12:00:00,1725382800000,176.27,176.45,176.2,176.35,732886.0,176.303
2024-09-03 12:15:00,1725383700000,176.345,176.88,176.3,176.72,590332.0,176.6466
2024-09-03 12:30:00,1725384600000,176.7,176.84,176.27,176.35,606502.0,176.5446
2024-09-03 12:45:00,1725385500000,176.33,176.51,176.17,176.2,598462.0,176.3726
2024-09-03 13:00:00,1725386400000,176.21,176.3792,175.95,176.27,700759.0,176.1292
2024-09-03 13:15:00,1725387300000,176.28,176.57,176.035,176.315,1054707.0,176.2331
2024-09-03 13:30:00,1725388200000,176.315,176.7,176.31,176.47,660632.0,176.4736
2024-09-03 13:45:00,1725389100000,176.45,176.69,176.38,176.59,671739.0,176.5783
2024-09-03 14:00:00,1725390000000,176.59,176.76,176.42,176.6,732295.0,176.6152
2024-09-03 14:15:00,1725390900000,176.61,176.73,176.265,176.34,863422.0,176.536
2024-09-03 14:30:00,1725391800000,176.35,176.52,175.85,176.24,1967638.0,176.1816
2024-09-03 14:45:00,1725392700000,176.23,176.42,175.48,176.31,3112514.0,176.1143
2024-09-03 15:00:00,1725393600000,176.25,176.84,175.71,176.1718,776093.0,176.2529
2024-09-03 15:15:00,1725394500000,176.22,176.24,175.86,175.98,47664.0,176.0135
2024-09-03 15:30:00,1725395400000,175.98,176.25,175.8747,176.0,393245.0,176.2328
2024-09-03 15:45:00,1725396300000,176.0,176.34,175.9016,176.27,34708.0,175.5412
2024-09-03 16:00:00,1725397200000,176.25,176.29,176.12,176.25,9198.0,175.4565
2024-09-03 16:15:00,1725398100000,176.2,176.25,175.9,175.9,247342.0,176.2311
2024-09-03 16:30:00,1725399000000,175.99,176.0,175.6,175.83,32848.0,175.8505
2024-09-03 16:45:00,1725399900000,175.9239,175.93,175.83,175.93,5485.0,175.8944
2024-09-03 17:00:00,1725400800000,175.98,176.24,175.9,175.9013,17547.0,176.0111
2024-09-03 17:15:00,1725401700000,176.0,176.18,176.0,176.06,8252.0,176.1178
2024-09-03 17:30:00,1725402600000,176.0311,176.1782,176.03,176.1782,4768.0,176.0867
2024-09-03 17:45:00,1725403500000,176.1707,176.1768,175.9125,175.9125,10168.0,176.008
2024-09-03 18:00:00,1725404400000,175.92,176.0829,175.6949,175.8106,11025.0,175.8841
2024-09-03 18:15:00,1725405300000,175.82,176.0,175.817,175.8322,6016.0,175.9016
2024-09-03 18:30:00,1725406200000,175.83,175.8992,175.52,175.55,15780.0,175.6691
2024-09-03 18:45:00,1725407100000,175.59,175.966,175.3015,175.5121,21608.0,175.5306
2024-09-04 03:00:00,1725436800000,175.0,175.03,174.82,174.82,7940.0,174.9349
2024-09-04 03:15:00,1725437700000,174.82,175.27,174.82,175.27,2376.0,175.0441
2024-09-04 03:30:00,1725438600000,175.35,175.42,175.23,175.33,4845.0,175.3115
2024-09-04 03:45:00,1725439500000,175.34,175.34,175.25,175.25,861.0,175.2588
2024-09-04 04:00:00,1725440400000,175.33,175.33,175.24,175.32,1441.0,175.2653
2024-09-04 04:15:00,1725441300000,175.36,175.36,175.32,175.35,1222.0,175.3334
2024-09-04 04:30:00,1725442200000,175.33,175.43,175.33,175.43,1497.0,175.3991
2024-09-04 04:45:00,1725443100000,175.5,175.51,175.31,175.31,1680.0,175.4305
2024-09-04 05:00:00,1725444000000,175.33,175.33,175.17,175.17,2407.0,175.2594
2024-09-04 05:15:00,1725444900000,175.09,175.1,174.96,174.96,3892.0,175.0337
2024-09-04 05:30:00,1725445800000,175.02,175.08,175.0,175.08,2162.0,175.0537
2024-09-04 05:45:00,1725446700000,174.92,174.92,174.89,174.89,458.0,174.9017
2024-09-04 06:00:00,1725447600000,174.95,175.0,174.6,174.61,16090.0,174.8744
2024-09-04 06:15:00,1725448500000,174.61,174.9,174.61,174.86,5331.0,174.7917
2024-09-04 06:30:00,1725449400000,174.95,175.0,174.75,174.79,7798.0,174.8635
2024-09-04 06:45:00,1725450300000,174.74,175.02,174.74,175.0,2566.0,174.8681
2024-09-04 07:00:00,1725451200000,174.8,175.81,174.25,175.1,67548.0,174.929
2024-09-04 07:15:00,1725452100000,175.05,175.07,174.92,174.95,6141.0,174.9915
2024-09-04 07:30:00,1725453000000,174.99,176.25,174.7504,174.92,9723.0,174.9523
2024-09-04 07:45:00,1725453900000,174.95,175.25,174.95,175.0936,17474.0,175.1742
2024-09-04 08:00:00,1725454800000,175.2004,175.2004,174.88,174.9,12180.0,175.0005
2024-09-04 08:15:00,1725455700000,174.92,174.93,174.26,174.41,49102.0,174.6451
2024-09-04 08:30:00,1725456600000,174.48,174.84,173.28,174.38,2778798.0,174.1394
2024-09-04 08:45:00,1725457500000,174.39,174.55,173.82,174.24,1521559.0,174.1286
2024-09-04 09:00:00,1725458400000,174.22,174.6799,173.03,174.17,1647505.0,173.9213
2024-09-04 09:15:00,1725459300000,174.19,175.35,174.05,175.35,1293355.0,174.7771
2024-09-04 09:30:00,1725460200000,175.33,175.62,175.1,175.6,1003554.0,175.4616
2024-09-04 09:45:00,1725461100000,175.6,175.97,175.03,175.97,810593.0,175.507
2024-09-04 10:00:00,1725462000000,175.97,175.98,175.24,175.27,870585.0,175.6659
2024-09-04 10:15:00,1725462900000,175.28,175.64,174.95,174.96,760132.0,175.2777
2024-09-04 10:30:00,1725463800000,174.96,175.09,174.42,174.615,633883.0,174.7609
2024-09-04 10:45:00,1725464700000,174.62,175.03,174.53,174.88,583836.0,174.8484
2024-09-04 11:00:00,1725465600000,174.87,175.03,174.61,174.64,348764.0,174.8208
2024-09-04 11:15:00,1725466500000,174.64,175.17,174.61,174.92,428593.0,174.9155
2024-09-04 11:30:00,1725467400000,174.93,175.2,174.53,174.58,511518.0,174.981
2024-09-04 11:45:00,1725468300000,174.57,174.8297,174.51,174.65,328050.0,174.6626
2024-09-04 12:00:00,1725469200000,174.63,174.63,173.87,173.893,772669.0,174.1529
2024-09-04 12:15:00,1725470100000,173.88,173.968,173.36,173.42,605431.0,173.7108
2024-09-04 12:30:00,1725471000000,173.41,173.5514,172.96,173.0,614820.0,173.2788
2024-09-04 12:45:00,1725471900000,173.02,173.31,172.73,173.05,720189.0,172.9973
2024-09-04 13:00:00,1725472800000,173.05,173.2701,172.8701,173.26,702916.0,173.0826
2024-09-04 13:15:00,1725473700000,173.265,173.43,172.955,173.235,529317.0,173.175
2024-09-04 13:30:00,1725474600000,173.23,173.4,172.925,173.015,489015.0,173.1195
2024-09-04 13:45:00,1725475500000,173.02,173.23,172.86,172.9601,730500.0,173.0358
2024-09-04 14:00:00,1725476400000,172.96,173.03,172.54,172.805,1379593.0,172.7826
2024-09-04 14:15:00,1725477300000,172.8088,173.16,172.66,173.11,797253.0,172.8566
2024-09-04 14:30:00,1725478200000,173.11,173.4,172.92,173.315,765835.0,173.0887
2024-09-04 14:45:00,1725479100000,173.31,173.74,173.08,173.3,3148697.0,173.4121
2024-09-04 15:00:00,1725480000000,173.33,173.6582,173.23,173.35,485106.0,173.3417
2024-09-04 15:15:00,1725480900000,173.34,173.72,173.34,173.4,60950.0,173.5617
2024-09-04 15:30:00,1725481800000,173.4,173.53,173.33,173.43,439021.0,173.3342
2024-09-04 15:45:00,1725482700000,173.5,173.57,173.33,173.556,101947.0,173.3449
2024-09-04 16:00:00,1725483600000,173.5002,173.57,173.33,173.4996,12177.0,176.8381
2024-09-04 16:15:00,1725484500000,173.5,173.63,173.3974,173.45,18495.0,173.514
2024-09-04 16:30:00,1725485400000,173.45,173.55,173.45,173.51,8900.0,173.4993
2024-09-04 16:45:00,1725486300000,173.49,173.51,173.45,173.51,3369.0,173.4765
2024-09-04 17:00:00,1725487200000,173.51,173.58,173.5,173.54,2445.0,173.5086
2024-09-04 17:15:00,1725488100000,173.51,173.56,173.4558,173.4558,5316.0,173.5147
2024-09-04 17:30:00,1725489000000,173.57,173.6,173.46,173.46,2984.0,173.5572
2024-09-04 17:45:00,1725489900000,173.46,173.51,173.46,173.4622,1700.0,173.4868
2024-09-04 18:00:00,1725490800000,173.544,173.544,173.23,173.23,3024.0,173.3864
2024-09-04 18:15:00,1725491700000,173.17,173.25,173.0,173.1,3081.0,173.0906
2024-09-04 18:30:00,1725492600000,173.1,173.1,172.73,172.85,13328.0,172.9925
2024-09-04 18:45:00,1725493500000,172.95,173.1858,172.9,173.05,3567.0,173.0123
2024-09-05 03:00:00,1725523200000,173.71,173.8,173.33,173.6,10067.0,173.6705
2024-09-05 03:15:00,1725524100000,173.54,173.55,173.4,173.4,3284.0,173.452
2024-09-05 03:30:00,1725525000000,173.41,173.41,173.32,173.32,816.0,173.3779
2024-09-05 03:45:00,1725525900000,173.39,173.47,173.37,173.47,754.0,173.3925
2024-09-05 04:00:00,1725526800000,173.45,173.45,173.36,173.36,1992.0,173.3562
2024-09-05 04:15:00,1725527700000,173.06,173.06,172.58,172.63,10436.0,172.8183
2024-09-05 04:30:00,1725528600000,172.69,172.9,172.64,172.9,3206.0,172.7264
2024-09-05 04:45:00,1725529500000,172.95,173.0,172.81,173.0,6546.0,172.9636
2024-09-05 05:00:00,1725530400000,172.99,174.11,172.99,174.11,26864.0,173.6049
2024-09-05 05:15:00,1725531300000,174.05,174.05,173.84,173.92,3206.0,173.9049
2024-09-05 05:30:00,1725532200000,173.92,174.2,173.89,174.18,8188.0,174.0535
2024-09-05 05:45:00,1725533100000,174.0,174.32,173.7,174.29,29181.0,174.0182
2024-09-05 06:00:00,1725534000000,174.29,174.49,174.02,174.15,32895.0,174.2503
2024-09-05 06:15:00,1725534900000,174.31,174.9,174.24,174.9,42243.0,174.6141
2024-09-05 06:30:00,1725535800000,174.92,175.18,174.85,174.94,62434.0,175.0312
2024-09-05 06:45:00,1725536700000,174.94,175.24,174.59,175.05,40882.0,174.9125
2024-09-05 07:00:00,1725537600000,174.28,175.3,172.8,175.06,120119.0,174.8333
2024-09-05 07:15:00,1725538500000,175.0,175.08,174.54,174.8,83805.0,174.7125
2024-09-05 07:30:00,1725539400000,175.0,175.32,174.7,175.23,83996.0,175.0451
2024-09-05 07:45:00,1725540300000,175.22,175.35,174.86,174.86,63341.0,175.1741
2024-09-05 08:00:00,1725541200000,174.9,175.55,174.9,175.5,64905.0,175.2741
2024-09-05 08:15:00,1725542100000,175.5,175.62,174.77,175.03,107753.0,175.2656
2024-09-05 08:30:00,1725543000000,175.0,178.28,174.995,177.29,4543745.0,176.8772
2024-09-05 08:45:00,1725543900000,177.28,178.48,177.14,178.3,2005540.0,177.7363
2024-09-05 09:00:00,1725544800000,178.33,179.09,177.85,177.87,2559235.0,178.6382
2024-09-05 09:15:00,1725545700000,177.83,179.6,177.663,179.3124,2227960.0,178.7497
2024-09-05 09:30:00,1725546600000,179.33,179.875,179.29,179.51,1543737.0,179.5571
2024-09-05 09:45:00,1725547500000,179.51,179.53,177.73,177.73,1945799.0,178.527
2024-09-05 10:00:00,1725548400000,177.74,177.89,177.32,177.55,1398993.0,177.569
2024-09-05 10:15:00,1725549300000,177.54,177.99,177.14,177.32,1495850.0,177.607
2024-09-05 10:30:00,1725550200000,177.3,177.89,176.765,177.06,1180835.0,177.2727
2024-09-05 10:45:00,1725551100000,177.05,177.19,176.45,176.8445,1011524.0,176.8912
2024-09-05 11:00:00,1725552000000,176.86,177.27,176.615,176.66,676575.0,176.9909
2024-09-05 11:15:00,1725552900000,176.675,176.975,176.6,176.96,914224.0,176.7801
2024-09-05 11:30:00,1725553800000,176.97,177.13,176.62,177.064,734663.0,176.858
2024-09-05 11:45:00,1725554700000,177.065,177.13,176.7004,176.875,846763.0,176.8941
2024-09-05 12:00:00,1725555600000,176.89,176.94,176.5,176.7,727059.0,176.7179
2024-09-05 12:15:00,1725556500000,176.68,176.77,176.32,176.34,666414.0,176.5801
2024-09-05 12:30:00,1725557400000,176.34,177.33,176.33,177.31,653250.0,176.7409
2024-09-05 12:45:00,1725558300000,177.31,177.75,177.19,177.72,629334.0,177.4576
2024-09-05 13:00:00,1725559200000,177.72,177.8899,177.4797,177.73,600406.0,177.7035
2024-09-05 13:15:00,1725560100000,177.74,178.0,177.54,177.68,633352.0,177.7752
2024-09-05 13:30:00,1725561000000,177.685,177.8899,177.44,177.82,556609.0,177.6756
2024-09-05 13:45:00,1725561900000,177.83,178.48,177.8176,177.8761,745708.0,178.0983
2024-09-05 14:00:00,1725562800000,177.89,177.9,177.39,177.49,746135.0,177.6448
2024-09-05 14:15:00,1725563700000,177.5,177.72,176.97,177.68,911324.0,177.3665
2024-09-05 14:30:00,1725564600000,177.67,178.124,177.24,177.29,946600.0,177.7175
2024-09-05 14:45:00,1725565500000,177.285,177.9,177.0,177.89,2771149.0,177.4596
2024-09-05 15:00:00,1725566400000,177.89,177.89,177.15,177.62,763484.0,177.8554
2024-09-05 15:15:00,1725567300000,177.66,177.89,177.26,177.47,35265.0,177.5425
2024-09-05 15:30:00,1725568200000,177.43,177.49,177.31,177.49,105728.0,177.8532
2024-09-05 15:45:00,1725569100000,177.48,177.49,177.35,177.44,3110.0,176.3004
2024-09-05 16:00:00,1725570000000,177.3501,177.44,177.01,177.01,22025.0,177.2099
2024-09-05 16:15:00,1725570900000,176.9996,177.89,176.9362,177.11,313293.0,177.8238
2024-09-05 16:30:00,1725571800000,177.1105,177.12,176.94,177.0,5675.0,177.0663
2024-09-05 16:45:00,1725572700000,177.2,177.4605,177.2,177.4605,12288.0,177.3041
2024-09-05 17:00:00,1725573600000,177.48,177.5,177.2436,177.27,5026.0,177.4689
2024-09-05 17:15:00,1725574500000,177.2533,177.4828,177.04,177.04,4830.0,177.2175
2024-09-05 17:30:00,1725575400000,177.1999,177.23,176.89,176.9983,10477.0,177.0129
2024-09-05 17:45:00,1725576300000,177.0,177.19,176.88,176.94,18352.0,176.9775
2024-09-05 18:00:00,1725577200000,177.0,177.07,176.9505,177.07,5479.0,177.0026
2024-09-05 18:15:00,1725578100000,177.082,177.0873,176.9,176.95,1301.0,176.9386
2024-09-05 18:30:00,1725579000000,176.95,177.2,176.75,177.18,17481.0,176.9106
2024-09-05 18:45:00,1725579900000,177.15,177.25,177.0,177.25,8210.0,177.1588
2024-09-06 03:00:00,1725609600000,176.84,176.84,175.68,175.68,9148.0,176.1336
2024-09-06 03:15:00,1725610500000,175.82,175.85,175.51,175.51,3344.0,175.6352
2024-09-06 03:30:00,1725611400000,175.64,175.67,175.42,175.42,5135.0,175.5831
2024-09-06 03:45:00,1725612300000,175.3,175.3,174.47,174.6,14951.0,174.7828
2024-09-06 04:00:00,1725613200000,174.65,175.08,174.45,175.06,17426.0,174.7488
2024-09-06 04:15:00,1725614100000,175.0,175.49,174.99,175.4,5935.0,175.2526
2024-09-06 04:30:00,1725615000000,175.37,175.4,175.03,175.03,5255.0,175.3049
2024-09-06 04:45:00,1725615900000,175.0,175.45,175.0,175.44,11078.0,175.3044
2024-09-06 05:00:00,1725616800000,175.4,175.45,174.99,175.45,12669.0,175.2632
2024-09-06 05:15:00,1725617700000,175.39,175.45,175.39,175.4,2937.0,175.4103
2024-09-06 05:30:00,1725618600000,175.45,175.45,175.0,175.0,5712.0,175.1846
2024-09-06 05:45:00,1725619500000,174.99,175.32,174.99,175.26,7785.0,175.1993
2024-09-06 06:00:00,1725620400000,175.3,175.7,175.25,175.62,26923.0,175.5461
2024-09-06 06:15:00,1725621300000,175.55,175.96,175.55,175.75,12829.0,175.8296
2024-09-06 06:30:00,1725622200000,175.75,175.88,175.64,175.88,13533.0,175.7536
2024-09-06 06:45:00,1725623100000,175.88,176.16,175.88,176.11,8735.0,176.0181
2024-09-06 07:00:00,1725624000000,175.3,177.446,174.6238,176.17,83204.0,176.1243
2024-09-06 07:15:00,1725624900000,176.1,176.5023,176.07,176.25,27648.0,176.3407
2024-09-06 07:30:00,1725625800000,176.22,177.95,175.8,177.01,170027.0,177.102
2024-09-06 07:45:00,1725626700000,176.8,178.1,176.6226,178.02,129080.0,177.7549
2024-09-06 08:00:00,1725627600000,178.13,178.19,177.64,177.71,53663.0,177.8914
2024-09-06 08:15:00,1725628500000,177.8795,178.2,177.19,177.2,63898.0,177.6545
2024-09-06 08:30:00,1725629400000,177.24,178.38,176.6,177.4599,2037256.0,177.372
2024-09-06 08:45:00,1725630300000,177.445,177.8,175.69,175.715,1319092.0,176.7074
2024-09-06 09:00:00,1725631200000,175.725,175.95,174.87,175.2734,1454062.0,175.449
2024-09-06 09:15:00,1725632100000,175.29,175.67,174.4,174.485,1013063.0,175.074
2024-09-06 09:30:00,1725633000000,174.44,174.54,173.56,173.61,1284493.0,174.1
2024-09-06 09:45:00,1725633900000,173.615,173.83,173.07,173.49,1178671.0,173.3615
2024-09-06 10:00:00,1725634800000,173.48,174.31,173.25,173.33,1520718.0,173.7643
2024-09-06 10:15:00,1725635700000,173.335,173.43,172.36,172.55,1374716.0,172.7022
2024-09-06 10:30:00,1725636600000,172.56,173.15,172.37,172.42,886602.0,172.7418
2024-09-06 10:45:00,1725637500000,172.41,172.665,172.01,172.01,1021637.0,172.2724
2024-09-06 11:00:00,1725638400000,172.01,172.3653,171.92,171.97,769154.0,172.0959
2024-09-06 11:15:00,1725639300000,171.97,172.255,171.73,171.75,852524.0,171.9772
2024-09-06 11:30:00,1725640200000,171.7401,172.44,171.71,172.2,688364.0,172.036
2024-09-06 11:45:00,1725641100000,172.208,172.215,171.656,171.9,690687.0,171.8747
2024-09-06 12:00:00,1725642000000,171.91,172.55,171.8273,172.46,960808.0,172.1207
2024-09-06 12:15:00,1725642900000,172.445,173.07,172.43,172.435,696103.0,172.6884
2024-09-06 12:30:00,1725643800000,172.41,172.69,172.33,172.42,451263.0,172.496
2024-09-06 12:45:00,1725644700000,172.4197,172.61,172.28,172.33,605366.0,172.411
2024-09-06 13:00:00,1725645600000,172.3301,172.45,171.9995,172.2101,566957.0,172.1809
2024-09-06 13:15:00,1725646500000,172.23,172.29,171.89,172.22,601288.0,172.1106
2024-09-06 13:30:00,1725647400000,172.23,172.2347,171.79,172.18,718118.0,171.976
2024-09-06 13:45:00,1725648300000,172.16,172.16,171.76,171.795,626436.0,171.9559
2024-09-06 14:00:00,1725649200000,171.79,172.58,171.78,172.395,1005814.0,172.2837
2024-09-06 14:15:00,1725650100000,172.395,172.7499,172.26,172.35,921789.0,172.4908
2024-09-06 14:30:00,1725651000000,172.36,172.4,172.0101,172.035,1160515.0,172.2301
2024-09-06 14:45:00,1725651900000,172.035,172.61,171.16,171.44,3581886.0,171.6696
2024-09-06 15:00:00,1725652800000,171.5,171.629,171.33,171.36,1699804.0,171.3935
2024-09-06 15:15:00,1725653700000,171.45,171.48,171.0,171.0,59563.0,171.2787
2024-09-06 15:30:00,1725654600000,171.02,171.02,170.41,170.52,48238.0,170.6591
2024-09-06 15:45:00,1725655500000,170.52,171.39,170.2328,170.6,40045.0,170.5287
2024-09-06 16:00:00,1725656400000,170.58,171.39,170.49,170.55,237732.0,171.3393
2024-09-06 16:15:00,1725657300000,170.5496,170.68,170.5,170.5,10471.0,170.5644
2024-09-06 16:30:00,1725658200000,170.4899,170.69,170.4601,170.65,5955.0,170.5759
2024-09-06 16:45:00,1725659100000,170.6,170.8,170.55,170.7,11507.0,170.7275
2024-09-06 17:00:00,1725660000000,170.6025,170.79,170.6025,170.65,8436.0,170.7059
2024-09-06 17:15:00,1725660900000,170.79,170.79,170.6498,170.7536,6930.0,170.7513
2024-09-06 17:30:00,1725661800000,170.78,170.82,170.75,170.8,2049.0,170.7871
2024-09-06 17:45:00,1725662700000,170.85,170.85,170.8077,170.84,2969.0,170.8297
2024-09-06 18:00:00,1725663600000,170.85,170.9129,170.85,170.9129,403.0,170.8786
2024-09-06 18:15:00,1725664500000,170.9,170.98,170.85,170.87,4708.0,170.9107
2024-09-06 18:30:00,1725665400000,170.8,170.9,170.7501,170.9,5773.0,170.8771
2024-09-06 18:45:00,1725666300000,170.95,171.0,170.56,170.56,7680.0,170.8202
2024-09-09 03:00:00,1725868800000,172.12,173.49,172.12,173.3,18761.0,173.2033
2024-09-09 03:15:00,1725869700000,173.12,173.14,172.83,172.83,7206.0,173.0798
2024-09-09 03:30:00,1725870600000,172.98,173.04,172.98,172.99,1181.0,172.9899
2024-09-09 03:45:00,1725871500000,173.01,173.12,173.01,173.12,3148.0,173.0794
2024-09-09 04:00:00,1725872400000,173.11,173.42,173.11,173.42,1918.0,173.2313
2024-09-09 04:15:00,1725873300000,173.46,173.46,173.45,173.45,528.0,173.4527
2024-09-09 04:30:00,1725874200000,173.48,173.48,173.4,173.4,6536.0,173.4172
2024-09-09 04:45:00,1725875100000,173.43,173.57,173.4,173.4,9342.0,173.4874
2024-09-09 05:00:00,1725876000000,173.52,173.77,173.52,173.76,3517.0,173.6411
2024-09-09 05:15:00,1725876900000,173.74,173.8,173.65,173.8,6112.0,173.7276
2024-09-09 05:30:00,1725877800000,173.8,173.8,173.61,173.75,17666.0,173.7119
2024-09-09 05:45:00,1725878700000,173.8,173.8,173.69,173.75,5325.0,173.7767
2024-09-09 06:00:00,1725879600000,173.77,173.94,173.68,173.94,63558.0,173.767
2024-09-09 06:15:00,1725880500000,173.91,173.98,173.8,173.8,6021.0,173.9077
2024-09-09 06:30:00,1725881400000,173.81,173.87,173.72,173.8,9410.0,173.809
2024-09-09 06:45:00,1725882300000,173.8,173.8,173.7,173.7,11415.0,173.7495
2024-09-09 07:00:00,1725883200000,173.78,173.99,170.962,173.275,90043.0,173.6145
2024-09-09 07:15:00,1725884100000,173.3,173.35,173.0,173.04,13079.0,173.1304
2024-09-09 07:30:00,1725885000000,173.0,173.55,173.0,173.41,34640.0,173.221
2024-09-09 07:45:00,1725885900000,173.48,173.75,173.3,173.7,12166.0,173.5514
2024-09-09 08:00:00,1725886800000,173.6525,173.85,173.6525,173.85,48307.0,173.7417
2024-09-09 08:15:00,1725887700000,173.88,175.08,173.5505,174.78,508631.0,172.0974
2024-09-09 08:30:00,1725888600000,174.53,175.21,173.53,175.0,2399136.0,174.576
2024-09-09 08:45:00,1725889500000,175.0,175.34,174.6101,175.13,1180078.0,175.0254
2024-09-09 09:00:00,1725890400000,175.15,175.25,174.21,175.1,965873.0,174.8334
2024-09-09 09:15:00,1725891300000,175.11,175.2,174.06,174.32,998237.0,174.5045
2024-09-09 09:30:00,1725892200000,174.32,174.34,173.73,173.95,816725.0,174.0244
2024-09-09 09:45:00,1725893100000,173.97,174.235,173.66,173.8,935376.0,173.9978
2024-09-09 10:00:00,1725894000000,173.8,174.3,173.51,173.65,845593.0,174.0211
2024-09-09 10:15:00,1725894900000,173.6405,174.44,173.6,174.41,750019.0,173.9267
2024-09-09 10:30:00,1725895800000,174.425,174.765,174.27,174.59,648444.0,174.5267
2024-09-09 10:45:00,1725896700000,174.585,175.29,174.49,175.29,607567.0,174.9185
2024-09-09 11:00:00,1725897600000,175.28,175.77,175.1,175.29,918440.0,175.4904
2024-09-09 11:15:00,1725898500000,175.2723,175.56,175.2099,175.34,449907.0,175.3716
2024-09-09 11:30:00,1725899400000,175.35,175.57,175.171,175.41,456386.0,175.3713
2024-09-09 11:45:00,1725900300000,175.41,175.65,175.3704,175.62,363681.0,175.4969
2024-09-09 12:00:00,1725901200000,175.615,175.85,175.415,175.5,406568.0,175.6222
2024-09-09 12:15:00,1725902100000,175.495,175.735,175.43,175.55,424988.0,175.6063
2024-09-09 12:30:00,1725903000000,175.55,175.55,174.73,174.7349,625552.0,175.1099
2024-09-09 12:45:00,1725903900000,174.7562,175.1301,174.57,174.64,476312.0,174.9317
2024-09-09 13:00:00,1725904800000,174.63,174.8,174.41,174.5,451042.0,174.5676
2024-09-09 13:15:00,1725905700000,174.496,174.545,174.03,174.0477,614066.0,174.3749
2024-09-09 13:30:00,1725906600000,174.05,174.46,173.85,174.4447,719406.0,174.0905
2024-09-09 13:45:00,1725907500000,174.45,174.57,173.99,174.0299,530042.0,174.2969
2024-09-09 14:00:00,1725908400000,174.01,174.08,173.68,173.7854,557807.0,173.8782
2024-09-09 14:15:00,1725909300000,173.77,174.56,173.67,174.56,748629.0,174.0756
2024-09-09 14:30:00,1725910200000,174.545,174.6,174.18,174.4,868640.0,174.4262
2024-09-09 14:45:00,1725911100000,174.37,175.55,174.2,175.43,2700720.0,175.0208
2024-09-09 15:00:00,1725912000000,175.4,175.88,175.39,175.88,1183247.0,175.4122
2024-09-09 15:15:00,1725912900000,175.8781,176.3451,175.8781,176.3451,69911.0,176.0457
2024-09-09 15:30:00,1725913800000,176.3007,177.0,176.3007,176.85,92090.0,176.4608
2024-09-09 15:45:00,1725914700000,176.85,176.88,175.4,176.82,49251.0,176.3166
2024-09-09 16:00:00,1725915600000,176.83,176.83,176.61,176.61,5593.0,176.3958
2024-09-09 16:15:00,1725916500000,176.61,176.8196,176.53,176.8196,10969.0,176.6323
2024-09-09 16:30:00,1725917400000,176.72,176.85,176.72,176.83,7794.0,176.7992
2024-09-09 16:45:00,1725918300000,176.85,176.85,176.61,176.61,8955.0,176.7122
2024-09-09 17:00:00,1725919200000,176.5078,176.919,176.4125,176.55,14492.0,176.6857
2024-09-09 17:15:00,1725920100000,176.53,176.6,176.435,176.5245,8975.0,176.5545
2024-09-09 17:30:00,1725921000000,176.521,176.56,176.3,176.3,7042.0,176.434
2024-09-09 17:45:00,1725921900000,176.35,176.35,175.93,175.93,6370.0,176.0832
2024-09-09 18:00:00,1725922800000,176.0,176.1,176.0,176.1,1672.0,176.0379
2024-09-09 18:15:00,1725923700000,176.2986,176.2986,176.0219,176.0219,4731.0,176.1539
2024-09-09 18:30:00,1725924600000,176.09,176.2,176.09,176.11,6238.0,176.1462
2024-09-09 18:45:00,1725925500000,176.02,176.25,176.0,176.25,13798.0,176.1121
2024-09-10 03:00:00,1725955200000,175.74,176.0,175.74,175.83,7364.0,175.8882
2024-09-10 03:15:00,1725956100000,175.88,175.88,175.75,175.75,1360.0,175.8242
2024-09-10 03:30:00,1725957000000,175.6,175.6,175.5,175.55,1974.0,175.5764
2024-09-10 03:45:00,1725957900000,175.63,175.76,175.63,175.76,1445.0,175.6758
2024-09-10 04:00:00,1725958800000,175.34,175.5,175.0,175.05,4255.0,175.2612
2024-09-10 04:30:00,1725960600000,175.39,175.4,175.39,175.4,4138.0,175.3976
2024-09-10 04:45:00,1725961500000,175.69,175.69,175.67,175.69,2391.0,175.639
2024-09-10 05:00:00,1725962400000,175.68,175.69,175.68,175.69,1948.0,175.6874
2024-09-10 05:15:00,1725963300000,175.68,176.09,175.68,176.09,9239.0,175.9276
2024-09-10 05:30:00,1725964200000,176.11,176.7,176.1,176.43,12550.0,176.3991
2024-09-10 05:45:00,1725965100000,176.31,176.31,176.3,176.3,1046.0,176.3071
2024-09-10 06:00:00,1725966000000,176.13,176.31,176.13,176.18,10811.0,176.2126
2024-09-10 06:15:00,1725966900000,176.3,176.6,176.08,176.6,13766.0,176.299
2024-09-10 06:30:00,1725967800000,176.46,176.68,176.46,176.6,14400.0,176.5414
2024-09-10 06:45:00,1725968700000,176.68,177.24,176.68,177.15,31250.0,176.9901
2024-09-10 07:00:00,1725969600000,176.25,177.75,174.99,177.67,109163.0,177.0198
2024-09-10 07:15:00,1725970500000,177.6,177.77,177.2117,177.6,52644.0,177.5875
2024-09-10 07:30:00,1725971400000,177.5001,177.88,175.4,177.82,23042.0,177.5792
2024-09-10 07:45:00,1725972300000,177.82,177.92,177.515,177.5903,35983.0,177.7274
2024-09-10 08:00:00,1725973200000,177.675,177.94,177.59,177.7149,52068.0,177.829
2024-09-10 08:15:00,1725974100000,177.79,178.25,177.33,177.4896,135387.0,177.8255
2024-09-10 08:30:00,1725975000000,177.49,179.72,177.05,178.69,3574999.0,178.5532
2024-09-10 08:45:00,1725975900000,178.7,179.9,178.25,179.5,1780417.0,179.185
2024-09-10 09:00:00,1725976800000,179.51,179.87,178.18,178.49,1648920.0,179.2097
2024-09-10 09:15:00,1725977700000,178.5,178.73,178.01,178.49,963558.0,178.3492
2024-09-10 09:30:00,1725978600000,178.485,178.59,177.49,177.545,966404.0,177.9464
2024-09-10 09:45:00,1725979500000,177.53,177.56,176.79,177.3402,862401.0,177.2699
2024-09-10 10:00:00,1725980400000,177.35,177.71,177.185,177.6,673098.0,177.4043
2024-09-10 10:15:00,1725981300000,177.61,178.72,177.5409,178.69,819386.0,178.2225
2024-09-10 10:30:00,1725982200000,178.69,178.96,178.52,178.6,658557.0,178.7539
2024-09-10 10:45:00,1725983100000,178.59,178.7,177.81,177.81,898058.0,178.3195
2024-09-10 11:00:00,1725984000000,177.815,178.059,177.51,177.5296,768452.0,177.802
2024-09-10 11:15:00,1725984900000,177.51,178.3927,177.38,178.24,766178.0,177.9212
2024-09-10 11:30:00,1725985800000,178.26,178.5874,178.165,178.45,768443.0,178.3398
2024-09-10 11:45:00,1725986700000,178.44,179.08,178.27,178.81,715385.0,178.7681
2024-09-10 12:00:00,1725987600000,178.82,179.84,178.764,179.77,953522.0,179.4065
2024-09-10 12:15:00,1725988500000,179.78,179.945,179.57,179.77,1009479.0,179.7893
2024-09-10 12:30:00,1725989400000,179.77,180.0,179.4599,179.99,688794.0,179.7395
2024-09-10 12:45:00,1725990300000,179.99,180.5,179.93,180.0,2021753.0,180.2233
2024-09-10 13:00:00,1725991200000,180.01,180.37,179.88,180.0614,1488612.0,180.0312
2024-09-10 13:15:00,1725992100000,180.07,180.2299,179.53,179.895,1684440.0,179.6512
2024-09-10 13:30:00,1725993000000,179.9,179.95,179.5501,179.79,851711.0,179.8062
2024-09-10 13:45:00,1725993900000,179.78,179.82,179.35,179.6499,570172.0,179.5805
2024-09-10 14:00:00,1725994800000,179.64,179.78,179.2569,179.55,679329.0,179.5158
2024-09-10 14:15:00,1725995700000,179.56,180.15,179.5401,180.145,813468.0,179.8456
2024-09-10 14:30:00,1725996600000,180.14,180.34,179.73,179.92,1173561.0,179.9948
2024-09-10 14:45:00,1725997500000,179.92,180.03,179.4,179.56,2262810.0,179.6811
2024-09-10 15:00:00,1725998400000,179.55,179.68,179.35,179.55,911192.0,179.55
2024-09-10 15:15:00,1725999300000,179.59,179.6,179.36,179.4695,21121.0,179.4789
2024-09-10 15:30:00,1726000200000,179.36,179.55,179.19,179.55,62416.0,179.4878
2024-09-10 15:45:00,1726001100000,179.33,179.55,179.2701,179.44,107179.0,179.5358
2024-09-10 16:00:00,1726002000000,179.47,179.48,179.44,179.47,3707.0,179.5203
2024-09-10 16:15:00,1726002900000,179.45,179.47,179.44,179.44,2359.0,178.9787
2024-09-10 16:30:00,1726003800000,179.44,179.46,179.44,179.44,3215.0,179.4523
2024-09-10 16:45:00,1726004700000,179.44,179.49,179.4048,179.49,6203.0,179.449
2024-09-10 17:00:00,1726005600000,179.45,179.482,179.44,179.44,1052.0,179.4362
2024-09-10 17:15:00,1726006500000,179.408,179.48,179.37,179.37,4010.0,179.4119
2024-09-10 17:30:00,1726007400000,179.37,179.4592,179.21,179.45,9095.0,179.3502
2024-09-10 17:45:00,1726008300000,179.4,179.4785,179.4,179.41,9194.0,179.4225
2024-09-10 18:00:00,1726009200000,179.4,179.49,179.4,179.49,1907.0,179.4575
2024-09-10 18:15:00,1726010100000,179.5,179.5,179.4999,179.5,1542.0,179.4985
2024-09-10 18:30:00,1726011000000,179.5085,179.54,179.4998,179.53,2361.0,179.505
2024-09-10 18:45:00,1726011900000,179.5,179.54,179.3999,179.3999,10302.0,179.4816
2024-09-11 03:00:00,1726041600000,179.09,179.34,179.09,179.2,7111.0,179.2151
2024-09-11 03:15:00,1726042500000,179.28,179.36,179.28,179.36,1483.0,179.3191
2024-09-11 03:30:00,1726043400000,179.23,179.23,179.18,179.18,921.0,179.1885
2024-09-11 03:45:00,1726044300000,179.02,179.03,179.02,179.02,923.0,179.0733
2024-09-11 04:00:00,1726045200000,179.17,179.17,179.17,179.17,300.0,179.1565
2024-09-11 04:15:00,1726046100000,179.43,179.5,179.39,179.4,3897.0,179.4311
2024-09-11 04:30:00,1726047000000,179.41,179.41,179.41,179.41,205.0,179.4082
2024-09-11 04:45:00,1726047900000,179.54,179.54,179.41,179.41,1094.0,179.5005
2024-09-11 05:30:00,1726050600000,179.49,179.49,179.49,179.49,476.0,179.5179
2024-09-11 05:45:00,1726051500000,179.57,179.62,179.52,179.62,1494.0,179.5687
2024-09-11 06:00:00,1726052400000,179.73,179.79,179.73,179.79,4125.0,179.6799
2024-09-11 06:15:00,1726053300000,180.0,180.05,179.85,179.92,13436.0,179.9614
2024-09-11 06:30:00,1726054200000,179.96,180.29,179.96,180.29,4571.0,180.1139
2024-09-11 06:45:00,1726055100000,180.25,180.29,180.15,180.15,9631.0,180.1631
2024-09-11 07:00:00,1726056000000,179.66,180.5,178.1,180.42,94479.0,179.9313
2024-09-11 07:15:00,1726056900000,180.41,180.56,180.3,180.56,47652.0,180.428
2024-09-11 07:30:00,1726057800000,180.56,180.6,179.3,179.6045,110687.0,179.892
2024-09-11 07:45:00,1726058700000,180.0,180.77,179.772,180.7,64193.0,180.415
2024-09-11 08:00:00,1726059600000,180.6,181.0948,180.6,180.9,83270.0,180.8597
2024-09-11 08:15:00,1726060500000,180.92,181.49,179.96,180.01,211411.0,180.6381
2024-09-11 08:30:00,1726061400000,180.095,180.25,177.58,178.155,2987013.0,178.9243
2024-09-11 08:45:00,1726062300000,178.15,178.49,177.66,178.115,1157117.0,178.0961
2024-09-11 09:00:00,1726063200000,178.1375,178.3099,177.53,177.545,1020812.0,177.9693
2024-09-11 09:15:00,1726064100000,177.532,177.6001,176.91,177.105,1269797.0,177.2326
2024-09-11 09:30:00,1726065000000,177.09,177.12,176.09,176.27,1145636.0,176.568
2024-09-11 09:45:00,1726065900000,176.28,176.48,175.73,176.44,920056.0,176.0441
2024-09-11 10:00:00,1726066800000,176.43,176.99,175.82,176.9448,933105.0,176.5248
2024-09-11 10:15:00,1726067700000,176.93,177.1999,176.73,177.1,802129.0,176.966
2024-09-11 10:30:00,1726068600000,177.09,177.89,177.0575,177.79,665071.0,177.4472
2024-09-11 10:45:00,1726069500000,177.815,178.07,177.35,177.92,693159.0,177.8312
2024-09-11 11:00:00,1726070400000,177.95,178.63,177.84,178.58,826470.0,178.3121
2024-09-11 11:15:00,1726071300000,178.57,178.8612,178.26,178.78,732590.0,178.5942
2024-09-11 11:30:00,1726072200000,178.8,179.11,178.3601,178.54,650234.0,178.7638
2024-09-11 11:45:00,1726073100000,178.54,178.83,178.295,178.75,460352.0,178.5893
2024-09-11 12:00:00,1726074000000,178.75,179.5891,178.715,179.57,906118.0,179.2504
2024-09-11 12:15:00,1726074900000,179.56,179.98,179.4,179.91,934230.0,179.6068
2024-09-11 12:30:00,1726075800000,179.92,180.97,179.73,180.965,1328746.0,180.3492
2024-09-11 12:45:00,1726076700000,180.9607,181.71,180.95,181.32,2115428.0,181.3858
2024-09-11 13:00:00,1726077600000,181.31,181.6912,181.3,181.47,1217564.0,181.552
2024-09-11 13:15:00,1726078500000,181.475,182.0,181.08,181.9512,960347.0,181.5142
2024-09-11 13:30:00,1726079400000,181.95,182.57,181.9,182.445,1377402.0,182.1464
2024-09-11 13:45:00,1726080300000,182.445,182.5,181.94,182.3294,1049591.0,182.2852
2024-09-11 14:00:00,1726081200000,182.335,183.27,182.27,183.235,1645653.0,182.7757
2024-09-11 14:15:00,1726082100000,183.24,183.7,183.1,183.47,1793331.0,183.4438
2024-09-11 14:30:00,1726083000000,183.47,183.63,183.085,183.22,1550276.0,183.4194
2024-09-11 14:45:00,1726083900000,183.22,184.99,183.06,184.43,4569645.0,184.1961
2024-09-11 15:00:00,1726084800000,184.43,184.63,184.14,184.45,948057.0,184.5072
2024-09-11 15:15:00,1726085700000,184.49,184.55,184.29,184.29,36906.0,184.4347
2024-09-11 15:30:00,1726086600000,184.25,184.4,184.15,184.15,40657.0,184.2557
2024-09-11 15:45:00,1726087500000,184.23,184.52,184.17,184.22,108630.0,184.4723
2024-09-11 16:00:00,1726088400000,184.2201,184.28,184.19,184.21,14081.0,184.2523
2024-09-11 16:15:00,1726089300000,184.14,184.52,184.1145,184.1244,341541.0,184.5134
2024-09-11 16:30:00,1726090200000,184.15,184.15,184.06,184.07,6496.0,184.1091
2024-09-11 16:45:00,1726091100000,184.07,184.11,183.5793,183.6297,12250.0,183.8897
2024-09-11 17:00:00,1726092000000,183.9,184.1,183.83,183.9975,11045.0,183.9189
2024-09-11 17:15:00,1726092900000,183.95,184.08,183.93,184.08,8094.0,183.9998
2024-09-11 17:30:00,1726093800000,183.98,184.08,183.98,184.05,6544.0,184.0326
2024-09-11 17:45:00,1726094700000,184.0251,184.0999,183.9501,183.97,7795.0,183.9921
2024-09-11 18:00:00,1726095600000,183.96,184.0446,183.8,183.86,10614.0,183.9195
2024-09-11 18:15:00,1726096500000,183.85,183.94,183.72,183.8,12853.0,183.8382
2024-09-11 18:30:00,1726097400000,183.77,183.8,183.5,183.5996,12592.0,183.6823
2024-09-11 18:45:00,1726098300000,183.6,184.05,183.6,184.05,14088.0,183.818
2024-09-12 03:00:00,1726128000000,184.64,184.64,183.67,184.29,11521.0,184.0334
2024-09-12 03:15:00,1726128900000,184.22,184.26,184.01,184.01,4462.0,184.1533
2024-09-12 03:30:00,1726129800000,184.01,184.41,183.99,184.4,10737.0,184.22
2024-09-12 03:45:00,1726130700000,184.41,184.81,184.3,184.6,24113.0,184.5868
2024-09-12 04:00:00,1726131600000,184.72,184.9,184.7,184.7,12627.0,184.7544
2024-09-12 04:15:00,1726132500000,184.64,184.64,184.4,184.59,10935.0,184.5037
2024-09-12 04:30:00,1726133400000,184.71,184.71,184.6,184.6,2509.0,184.6554
2024-09-12 04:45:00,1726134300000,184.29,184.49,184.29,184.49,5014.0,184.3624
2024-09-12 05:00:00,1726135200000,184.46,184.5,184.41,184.41,2759.0,184.466
2024-09-12 05:15:00,1726136100000,184.46,184.6,184.32,184.53,6490.0,184.4714
2024-09-12 05:30:00,1726137000000,184.54,184.75,184.54,184.7,8997.0,184.6532
2024-09-12 05:45:00,1726137900000,184.71,184.71,184.63,184.68,2447.0,184.6929
2024-09-12 06:00:00,1726138800000,184.73,184.74,184.46,184.53,10804.0,184.5404
2024-09-12 06:15:00,1726139700000,184.5,184.69,184.46,184.6,36739.0,184.5648
2024-09-12 06:30:00,1726140600000,184.6,185.0,184.52,184.94,38795.0,184.7362
2024-09-12 06:45:00,1726141500000,185.0,185.11,184.86,185.0,38913.0,185.0073
2024-09-12 07:00:00,1726142400000,184.55,185.15,183.63,184.97,191035.0,184.6605
2024-09-12 07:15:00,1726143300000,185.0,185.26,184.98,185.23,33490.0,185.1422
2024-09-12 07:30:00,1726144200000,185.21,185.35,184.1165,184.7,79156.0,184.7732
2024-09-12 07:45:00,1726145100000,184.7,184.75,184.2,184.4499,41608.0,184.4877
2024-09-12 08:00:00,1726146000000,184.32,184.9,184.3,184.68,44248.0,184.5995
2024-09-12 08:15:00,1726146900000,184.56,185.0,184.34,184.9,93733.0,184.6551
2024-09-12 08:30:00,1726147800000,184.8,186.2,183.54,185.73,3232673.0,185.3457
2024-09-12 08:45:00,1726148700000,185.75,185.8095,184.63,185.02,1381529.0,185.0675
2024-09-12 09:00:00,1726149600000,185.04,185.66,184.455,185.5975,1297620.0,185.0257
2024-09-12 09:15:00,1726150500000,185.59,185.62,184.64,184.77,795113.0,185.149
2024-09-12 09:30:00,1726151400000,184.78,184.85,183.56,184.38,945716.0,184.2729
2024-09-12 09:45:00,1726152300000,184.37,184.64,183.9,183.9864,719748.0,184.2618
2024-09-12 10:00:00,1726153200000,183.99,185.0899,183.75,185.05,800594.0,184.4976
2024-09-12 10:15:00,1726154100000,185.055,185.109,184.29,184.4437,633939.0,184.5612
2024-09-12 10:30:00,1726155000000,184.475,184.849,184.31,184.5228,476411.0,184.5505
2024-09-12 10:45:00,1726155900000,184.52,184.635,184.2,184.32,417410.0,184.3965
2024-09-12 11:00:00,1726156800000,184.3,184.78,184.26,184.73,444356.0,184.5832
2024-09-12 11:15:00,1726157700000,184.725,184.98,184.68,184.91,388410.0,184.8159
2024-09-12 11:30:00,1726158600000,184.925,185.1399,184.82,185.065,576472.0,184.9756
2024-09-12 11:45:00,1726159500000,185.07,185.88,185.04,185.8212,743558.0,185.4796
2024-09-12 12:00:00,1726160400000,185.82,185.93,185.3788,185.5,736458.0,185.5808
2024-09-12 12:15:00,1726161300000,185.5,186.015,185.49,185.86,702634.0,185.7772
2024-09-12 12:30:00,1726162200000,185.855,186.04,185.57,185.82,544167.0,185.7908
2024-09-12 12:45:00,1726163100000,185.82,186.322,185.78,186.32,728985.0,186.0827
2024-09-12 13:00:00,1726164000000,186.325,186.59,186.075,186.415,998495.0,186.4082
2024-09-12 13:15:00,1726164900000,186.42,186.99,186.31,186.96,936256.0,186.6797
2024-09-12 13:30:00,1726165800000,186.95,187.4,186.71,187.24,1009519.0,187.1517
2024-09-12 13:45:00,1726166700000,187.2416,187.41,186.15,187.2001,1051678.0,186.9451
2024-09-12 14:00:00,1726167600000,187.205,187.2099,186.72,187.01,782112.0,186.9864
2024-09-12 14:15:00,1726168500000,187.01,187.14,186.75,186.9799,754287.0,187.0182
2024-09-12 14:30:00,1726169400000,186.97,187.09,186.73,186.825,956653.0,186.9047
2024-09-12 14:45:00,1726170300000,186.835,187.07,186.32,187.07,2785521.0,186.7483
2024-09-12 15:00:00,1726171200000,187.0,187.21,186.77,186.8352,1238826.0,187.0002
2024-09-12 15:15:00,1726172100000,186.85,187.09,186.82,187.02,39305.0,186.9949
2024-09-12 15:30:00,1726173000000,186.9101,187.29,186.86,186.89,336274.0,186.9972
2024-09-12 15:45:00,1726173900000,186.89,186.89,186.7,186.8,18104.0,186.7803
2024-09-12 16:00:00,1726174800000,186.81,186.85,186.8,186.82,7474.0,186.8299
2024-09-12 16:15:00,1726175700000,186.94,186.94,186.85,186.85,5056.0,185.9589
2024-09-12 16:30:00,1726176600000,186.9396,186.9396,186.7501,186.8,2903.0,186.8489
2024-09-12 16:45:00,1726177500000,186.874,186.8745,186.77,186.855,5607.0,186.791
2024-09-12 17:00:00,1726178400000,186.8449,186.88,186.7755,186.804,5805.0,186.8425
2024-09-12 17:15:00,1726179300000,186.8135,186.96,186.805,186.96,4890.0,186.8779
2024-09-12 17:30:00,1726180200000,186.96,186.99,186.8768,186.8768,13740.0,186.9517
2024-09-12 17:45:00,1726181100000,186.93,187.0,186.91,186.93,8210.0,186.9841
2024-09-12 18:00:00,1726182000000,186.92,187.0,186.91,186.97,26705.0,186.9893
2024-09-12 18:15:00,1726182900000,186.8301,186.9699,186.8301,186.9699,4345.0,186.9342
2024-09-12 18:30:00,1726183800000,186.94,186.98,186.8,186.9,10608.0,186.88
2024-09-12 18:45:00,1726184700000,186.806,186.99,186.805,186.95,10891.0,186.9289
2024-09-13 03:00:00,1726214400000,186.75,186.84,186.56,186.84,7712.0,186.7206
2024-09-13 03:15:00,1726215300000,186.77,186.77,186.77,186.77,568.0,186.7705
2024-09-13 03:30:00,1726216200000,186.77,186.77,186.69,186.76,1239.0,186.7153
2024-09-13 03:45:00,1726217100000,186.81,186.81,186.66,186.66,676.0,186.7515
2024-09-13 04:00:00,1726218000000,186.68,186.8,186.67,186.8,3769.0,186.7731
2024-09-13 04:15:00,1726218900000,186.81,186.81,186.78,186.79,748.0,186.7994
2024-09-13 04:30:00,1726219800000,186.79,186.8,186.68,186.8,3415.0,186.7774
2024-09-13 04:45:00,1726220700000,186.76,186.76,186.76,186.76,325.0,186.7623
2024-09-13 05:00:00,1726221600000,186.71,186.71,186.68,186.68,282.0,186.698
2024-09-13 05:15:00,1726222500000,186.68,186.68,186.68,186.68,1400.0,186.6879
2024-09-13 05:30:00,1726223400000,186.68,186.68,186.55,186.55,1368.0,186.5984
2024-09-13 05:45:00,1726224300000,186.6,186.7,186.6,186.7,2320.0,186.6793
2024-09-13 06:00:00,1726225200000,186.72,186.79,186.67,186.75,6241.0,186.7427
2024-09-13 06:15:00,1726226100000,186.77,187.71,186.77,187.7,31423.0,187.3436
2024-09-13 06:30:00,1726227000000,187.7,188.18,187.59,187.59,49256.0,187.8475
2024-09-13 06:45:00,1726227900000,187.66,188.0,187.63,188.0,14321.0,187.8126
2024-09-13 07:00:00,1726228800000,186.75,188.42,186.6309,187.82,134685.0,187.7973
2024-09-13 07:15:00,1726229700000,187.76,187.85,186.533,187.68,27783.0,187.7355
2024-09-13 07:30:00,1726230600000,187.67,187.67,187.05,187.23,27386.0,187.3177
2024-09-13 07:45:00,1726231500000,187.36,187.591,187.18,187.33,52834.0,187.3863
2024-09-13 08:00:00,1726232400000,187.32,187.3975,187.16,187.2,28862.0,187.2305
2024-09-13 08:15:00,1726233300000,187.19,187.34,186.74,186.9496,67409.0,187.0427
2024-09-13 08:30:00,1726234200000,187.0,188.04,185.91,187.97,2467650.0,187.1162
2024-09-13 08:45:00,1726235100000,187.96,188.49,187.5,187.68,1604159.0,188.0931
2024-09-13 09:00:00,1726236000000,187.69,188.16,187.11,187.63,937119.0,187.6606
2024-09-13 09:15:00,1726236900000,187.64,188.5,187.605,187.605,1131424.0,188.1612
2024-09-13 09:30:00,1726237800000,187.605,187.87,187.1699,187.77,894629.0,187.4573
2024-09-13 09:45:00,1726238700000,187.7699,187.97,187.13,187.22,749768.0,187.4805
2024-09-13 10:00:00,1726239600000,187.22,187.3994,186.89,187.2936,845659.0,187.1168
2024-09-13 10:15:00,1726240500000,187.31,187.79,187.26,187.5,1565301.0,187.7075
2024-09-13 10:30:00,1726241400000,187.51,187.69,187.2762,187.3575,482571.0,187.5054
2024-09-13 10:45:00,1726242300000,187.4,187.59,187.295,187.59,427911.0,187.4041
2024-09-13 11:00:00,1726243200000,187.58,187.935,187.16,187.29,543763.0,187.6301
2024-09-13 11:15:00,1726244100000,187.28,187.28,186.63,186.71,584453.0,186.894
2024-09-13 11:30:00,1726245000000,186.69,186.73,186.41,186.44,689707.0,186.5875
2024-09-13 11:45:00,1726245900000,186.46,186.88,186.2,186.865,701141.0,186.559
2024-09-13 12:00:00,1726246800000,186.87,187.3481,186.79,187.27,644055.0,187.0737
2024-09-13 12:15:00,1726247700000,187.2638,187.3799,187.04,187.295,443292.0,187.23
2024-09-13 12:30:00,1726248600000,187.29,187.42,187.0201,187.4,424904.0,187.2852
2024-09-13 12:45:00,1726249500000,187.39,187.55,187.3208,187.36,1500459.0,187.3466
2024-09-13 13:00:00,1726250400000,187.36,187.64,186.88,187.45,613189.0,187.3525
2024-09-13 13:15:00,1726251300000,187.4499,187.46,186.91,187.03,448078.0,187.201
2024-09-13 13:30:00,1726252200000,187.05,187.14,186.82,186.9,398688.0,186.9086
2024-09-13 13:45:00,1726253100000,186.8989,187.09,186.77,186.9,342823.0,186.916
2024-09-13 14:00:00,1726254000000,186.9,186.99,186.6,186.945,505819.0,186.8269
2024-09-13 14:15:00,1726254900000,186.94,187.12,186.85,186.9969,561303.0,186.9744
2024-09-13 14:30:00,1726255800000,187.0,187.04,186.69,186.795,551488.0,186.8789
2024-09-13 14:45:00,1726256700000,186.79,186.98,186.355,186.47,2261630.0,186.678
2024-09-13 15:00:00,1726257600000,186.49,186.55,186.15,186.49,500874.0,186.4781
2024-09-13 15:15:00,1726258500000,186.22,186.35,186.21,186.35,16845.0,186.3027
2024-09-13 15:30:00,1726259400000,186.35,186.49,186.15,186.15,121971.0,186.4541
2024-09-13 15:45:00,1726260300000,186.24,186.49,186.1,186.16,177994.0,186.4562
2024-09-13 16:00:00,1726261200000,186.17,186.49,186.14,186.17,137003.0,186.4419
2024-09-13 16:15:00,1726262100000,186.1,186.15,186.08,186.1001,6909.0,186.1078
2024-09-13 16:30:00,1726263000000,186.1014,186.11,186.1014,186.11,794.0,186.1155
2024-09-13 16:45:00,1726263900000,186.12,186.15,186.12,186.15,506.0,186.1419
2024-09-13 17:00:00,1726264800000,186.12,186.13,186.09,186.0995,1201.0,186.1126
2024-09-13 17:15:00,1726265700000,186.08,186.14,186.08,186.1,2735.0,186.1099
2024-09-13 17:30:00,1726266600000,186.1,186.1,186.05,186.05,3138.0,186.0773
2024-09-13 17:45:00,1726267500000,186.0971,186.0971,186.05,186.0525,695.0,186.0673
2024-09-13 18:00:00,1726268400000,186.0873,186.14,186.0873,186.112,1387.0,186.1206
2024-09-13 18:15:00,1726269300000,186.1115,186.15,186.1,186.12,2569.0,186.1244
2024-09-13 18:30:00,1726270200000,186.12,186.12,186.12,186.12,498.0,186.1205
2024-09-13 18:45:00,1726271100000,186.12,186.14,186.12,186.12,2303.0,186.1287
2024-09-16 03:00:00,1726473600000,185.41,186.41,185.12,186.41,3006.0,186.1476
2024-09-16 03:15:00,1726474500000,186.68,186.7,186.68,186.7,236.0,186.6913
2024-09-16 03:30:00,1726475400000,186.62,186.68,186.55,186.67,5516.0,186.6318
2024-09-16 03:45:00,1726476300000,186.74,186.81,186.74,186.81,496.0,186.7719
2024-09-16 04:15:00,1726478100000,186.88,186.88,186.71,186.74,2156.0,186.752
2024-09-16 04:30:00,1726479000000,186.81,187.04,186.81,187.04,1761.0,186.8768
2024-09-16 04:45:00,1726479900000,187.1,187.1,187.0,187.0,2622.0,187.0068
2024-09-16 05:00:00,1726480800000,187.01,187.19,186.91,187.0,6904.0,187.1273
2024-09-16 05:15:00,1726481700000,186.83,186.84,186.65,186.65,2980.0,186.817
2024-09-16 05:30:00,1726482600000,186.71,186.71,186.7,186.7,376.0,186.7313
2024-09-16 05:45:00,1726483500000,186.77,186.9,186.77,186.9,1004.0,186.819
2024-09-16 06:00:00,1726484400000,186.81,186.82,186.69,186.7,6597.0,186.7469
2024-09-16 06:15:00,1726485300000,186.79,186.88,186.67,186.67,4090.0,186.7742
2024-09-16 06:30:00,1726486200000,186.73,186.77,186.56,186.72,5647.0,186.7041
2024-09-16 06:45:00,1726487100000,186.75,186.8,186.6,186.6,18653.0,186.7218
2024-09-16 07:00:00,1726488000000,186.77,186.9,186.19,186.6,36983.0,186.6659
2024-09-16 07:15:00,1726488900000,186.52,186.6394,186.3135,186.4,18505.0,186.4627
2024-09-16 07:30:00,1726489800000,186.2333,186.56,186.15,186.4,13561.0,186.2921
2024-09-16 07:45:00,1726490700000,186.42,186.471,186.24,186.33,18361.0,186.3102
2024-09-16 08:00:00,1726491600000,186.329,186.4694,186.22,186.27,8413.0,186.3471
2024-09-16 08:15:00,1726492500000,186.32,186.4641,184.62,185.14,137753.0,185.2551
2024-09-16 08:30:00,1726493400000,185.29,185.34,183.55,185.09,3050530.0,184.4756
2024-09-16 08:45:00,1726494300000,185.08,185.81,185.01,185.49,1088516.0,185.368
2024-09-16 09:00:00,1726495200000,185.48,185.63,184.541,184.93,989596.0,184.9541
2024-09-16 09:15:00,1726496100000,184.93,185.21,184.36,184.43,1010969.0,184.8433
2024-09-16 09:30:00,1726497000000,184.41,184.435,183.52,184.225,1098028.0,183.9892
2024-09-16 09:45:00,1726497900000,184.22,184.2989,183.52,183.835,866566.0,183.951
2024-09-16 10:00:00,1726498800000,183.85,184.28,183.36,184.266,803502.0,183.7714
2024-09-16 10:15:00,1726499700000,184.2601,184.73,184.2031,184.57,767217.0,184.4837
2024-09-16 10:30:00,1726500600000,184.565,184.81,184.16,184.17,592438.0,184.5174
2024-09-16 10:45:00,1726501500000,184.17,184.41,184.0061,184.28,409726.0,184.1848
2024-09-16 11:00:00,1726502400000,184.3,184.36,183.81,183.894,485287.0,184.0862
2024-09-16 11:15:00,1726503300000,183.895,184.31,183.68,184.24,680925.0,183.9528
2024-09-16 11:30:00,1726504200000,184.24,184.295,183.79,183.9088,418381.0,183.9581
2024-09-16 11:45:00,1726505100000,183.91,184.3,183.75,184.3,402373.0,184.0509
2024-09-16 12:00:00,1726506000000,184.29,184.37,184.18,184.205,462397.0,184.259
2024-09-16 12:15:00,1726506900000,184.22,184.68,183.96,184.65,601827.0,184.2279
2024-09-16 12:30:00,1726507800000,184.655,185.07,184.39,184.79,775302.0,184.7255
2024-09-16 12:45:00,1726508700000,184.8,185.16,184.73,185.1099,582307.0,184.914
2024-09-16 13:00:00,1726509600000,185.1025,185.13,184.75,185.03,461634.0,184.9756
2024-09-16 13:15:00,1726510500000,185.03,185.45,184.83,185.42,508543.0,185.1398
2024-09-16 13:30:00,1726511400000,185.415,185.525,184.94,184.94,548422.0,185.3073
2024-09-16 13:45:00,1726512300000,184.94,185.3399,184.83,185.32,448206.0,185.0616
2024-09-16 14:00:00,1726513200000,185.32,185.32,184.93,185.15,423273.0,185.1102
2024-09-16 14:15:00,1726514100000,185.15,185.15,184.955,184.995,526657.0,185.0438
2024-09-16 14:30:00,1726515000000,184.995,185.35,184.925,185.295,648007.0,185.146
2024-09-16 14:45:00,1726515900000,185.295,185.35,184.73,184.89,1829159.0,184.9859
2024-09-16 15:00:00,1726516800000,184.88,184.89,184.78,184.88,746206.0,184.8889
2024-09-16 15:15:00,1726517700000,184.87,184.88,184.83,184.8794,5172.0,184.8669
2024-09-16 15:30:00,1726518600000,184.8775,184.89,184.81,184.86,8599.0,184.8612
2024-09-16 15:45:00,1726519500000,184.88,184.89,184.76,184.79,11754.0,184.2112
2024-09-16 16:00:00,1726520400000,184.8,184.81,184.7701,184.7709,3453.0,182.0064
2024-09-16 16:15:00,1726521300000,184.81,184.81,184.7801,184.8,3951.0,184.8057
2024-09-16 16:30:00,1726522200000,184.78,184.78,184.7,184.75,2321.0,184.735
2024-09-16 16:45:00,1726523100000,184.8086,184.8086,184.7135,184.74,2661.0,184.7872
2024-09-16 17:00:00,1726524000000,184.81,184.95,184.81,184.8155,12605.0,184.8711
2024-09-16 17:15:00,1726524900000,184.89,184.98,184.89,184.98,8356.0,184.9203
2024-09-16 17:30:00,1726525800000,184.95,184.9977,184.92,184.9334,8298.0,184.9543
2024-09-16 17:45:00,1726526700000,184.92,185.0,184.91,184.91,5396.0,184.9558
2024-09-16 18:00:00,1726527600000,184.95,184.97,184.95,184.97,2114.0,184.96
2024-09-16 18:15:00,1726528500000,184.864,184.95,184.86,184.95,1197.0,184.9162
2024-09-16 18:30:00,1726529400000,184.98,185.0,184.91,184.969,7421.0,184.9872
2024-09-16 18:45:00,1726530300000,184.92,184.9677,184.88,184.89,3023.0,184.9251
2024-09-17 03:00:00,1726560000000,184.55,185.13,184.55,185.13,4551.0,185.0219
2024-09-17 03:15:00,1726560900000,185.59,185.59,185.59,185.59,590.0,185.5495
2024-09-17 03:30:00,1726561800000,185.54,185.56,185.43,185.43,1899.0,185.4617
2024-09-17 03:45:00,1726562700000,185.57,185.66,185.57,185.66,4353.0,185.6364
2024-09-17 04:00:00,1726563600000,185.78,185.81,185.78,185.81,1300.0,185.7845
2024-09-17 04:15:00,1726564500000,185.89,186.15,185.89,186.15,4951.0,185.9911
2024-09-17 04:30:00,1726565400000,186.06,186.06,185.91,185.91,4791.0,186.0049
2024-09-17 04:45:00,1726566300000,186.14,186.27,186.14,186.27,2295.0,186.2043
2024-09-17 05:00:00,1726567200000,186.15,186.15,186.15,186.15,466.0,186.1501
2024-09-17 05:15:00,1726568100000,186.2,186.2,186.2,186.2,302.0,186.2036
2024-09-17 05:30:00,1726569000000,186.17,186.17,186.08,186.08,1297.0,186.1237
2024-09-17 05:45:00,1726569900000,186.02,186.02,185.9,185.9,2079.0,185.9611
2024-09-17 06:00:00,1726570800000,185.91,185.91,185.68,185.77,8016.0,185.7716
2024-09-17 06:15:00,1726571700000,185.76,185.83,185.75,185.83,4450.0,185.772
2024-09-17 06:30:00,1726572600000,185.84,186.05,185.84,186.05,5058.0,185.9549
2024-09-17 06:45:00,1726573500000,186.12,186.45,186.12,186.41,16981.0,186.3088
2024-09-17 07:00:00,1726574400000,185.7,186.45,184.428,186.39,67544.0,186.0241
2024-09-17 07:15:00,1726575300000,186.39,186.4981,186.35,186.38,18409.0,186.3895
2024-09-17 07:30:00,1726576200000,186.5,186.62,186.2516,186.2516,56224.0,186.5231
2024-09-17 07:45:00,1726577100000,186.34,186.66,186.197,186.58,23630.0,186.4346
2024-09-17 08:00:00,1726578000000,186.65,187.2455,186.54,186.86,55810.0,186.8834
2024-09-17 08:15:00,1726578900000,186.851,187.08,186.48,186.75,64778.0,186.7138
2024-09-17 08:30:00,1726579800000,186.85,188.86,186.34,188.42,3379583.0,187.74
2024-09-17 08:45:00,1726580700000,188.415,188.88,187.55,188.28,1496166.0,188.1859
2024-09-17 09:00:00,1726581600000,188.32,188.939,188.32,188.61,1316817.0,188.6901
2024-09-17 09:15:00,1726582500000,188.61,188.75,188.2,188.69,741658.0,188.5239
2024-09-17 09:30:00,1726583400000,188.68,189.26,188.28,189.2,1133417.0,188.8381
2024-09-17 09:45:00,1726584300000,189.2,189.45,188.03,188.36,1052426.0,188.8778
2024-09-17 10:00:00,1726585200000,188.38,188.52,188.08,188.355,652067.0,188.2951
2024-09-17 10:15:00,1726586100000,188.35,188.47,187.79,188.06,710379.0,188.1597
2024-09-17 10:30:00,1726587000000,188.0625,188.19,187.97,188.1302,430843.0,188.0895
2024-09-17 10:45:00,1726587900000,188.135,188.51,188.0401,188.435,483250.0,188.2807
2024-09-17 11:00:00,1726588800000,188.435,188.54,188.135,188.2485,426292.0,188.3744
2024-09-17 11:15:00,1726589700000,188.24,188.245,186.96,187.47,739315.0,187.4447
2024-09-17 11:30:00,1726590600000,187.46,187.46,186.73,186.825,424449.0,187.1376
2024-09-17 11:45:00,1726591500000,186.8399,187.16,186.19,186.96,765785.0,186.7519
2024-09-17 12:00:00,1726592400000,186.9558,187.15,186.59,186.78,451269.0,186.8657
2024-09-17 12:15:00,1726593300000,186.79,187.07,186.615,186.97,399675.0,186.8851
2024-09-17 12:30:00,1726594200000,186.96,187.1499,186.4419,186.53,406693.0,186.8714
2024-09-17 12:45:00,1726595100000,186.54,187.05,186.14,186.8416,517159.0,186.7441
2024-09-17 13:00:00,1726596000000,186.84,187.08,186.74,186.79,320309.0,186.9355
2024-09-17 13:15:00,1726596900000,186.81,187.3,186.76,187.132,414843.0,187.0794
2024-09-17 13:30:00,1726597800000,187.125,187.2,186.87,187.14,420187.0,187.0621
2024-09-17 13:45:00,1726598700000,187.14,187.21,186.52,186.88,514992.0,186.7734
2024-09-17 14:00:00,1726599600000,186.8799,187.2,186.6705,187.1301,513465.0,186.9221
2024-09-17 14:15:00,1726600500000,187.12,187.135,186.6143,186.91,689105.0,186.8437
2024-09-17 14:30:00,1726601400000,186.89,186.97,186.63,186.755,623239.0,186.8176
2024-09-17 14:45:00,1726602300000,186.755,187.1,186.655,186.92,1880852.0,186.8453
2024-09-17 15:00:00,1726603200000,186.88,186.97,186.72,186.96,562735.0,186.8788
2024-09-17 15:15:00,1726604100000,186.97,187.1145,186.88,187.08,53275.0,186.943
2024-09-17 15:30:00,1726605000000,187.0,187.25,186.91,186.99,17637.0,187.0026
2024-09-17 15:45:00,1726605900000,186.96,186.96,186.85,186.85,6337.0,186.908
2024-09-17 16:00:00,1726606800000,186.89,186.89,186.77,186.78,5244.0,186.8407
2024-09-17 16:15:00,1726607700000,186.74,186.8,186.74,186.8,4595.0,186.7643
2024-09-17 16:30:00,1726608600000,186.8855,186.8855,186.6599,186.7,6399.0,186.6797
2024-09-17 16:45:00,1726609500000,186.79,186.8025,186.7012,186.8025,3936.0,186.7737
2024-09-17 17:00:00,1726610400000,186.79,186.8,186.6516,186.8,1236.0,186.7539
2024-09-17 17:15:00,1726611300000,186.742,186.81,186.742,186.81,1054.0,186.7562
2024-09-17 17:30:00,1726612200000,186.8,186.845,186.72,186.72,3206.0,186.7928
2024-09-17 17:45:00,1726613100000,186.7992,186.8,186.79,186.8,1529.0,186.7911
2024-09-17 18:00:00,1726614000000,186.657,186.78,186.65,186.65,2686.0,186.721
2024-09-17 18:15:00,1726614900000,186.666,186.77,186.66,186.66,2389.0,186.6935
2024-09-17 18:30:00,1726615800000,186.74,186.9985,186.655,186.9005,6616.0,186.8361
2024-09-17 18:45:00,1726616700000,187.08,187.0999,186.9138,187.0999,8492.0,187.0669
2024-09-18 03:00:00,1726646400000,186.91,187.01,186.6,186.6,3697.0,186.7831
2024-09-18 03:15:00,1726647300000,186.58,186.62,186.55,186.55,2350.0,186.5807
2024-09-18 03:45:00,1726649100000,186.57,186.75,186.57,186.75,536.0,186.6958
2024-09-18 04:00:00,1726650000000,186.73,186.73,186.73,186.73,104.0,186.73
2024-09-18 04:15:00,1726650900000,186.71,186.71,186.71,186.71,570.0,186.72
2024-09-18 04:30:00,1726651800000,186.84,186.95,186.84,186.95,1877.0,186.8851
2024-09-18 04:45:00,1726652700000,186.92,187.01,186.92,187.01,1560.0,186.9715
2024-09-18 05:00:00,1726653600000,187.06,187.13,187.06,187.13,986.0,187.0976
2024-09-18 05:15:00,1726654500000,187.18,187.29,187.15,187.29,1647.0,187.2483
2024-09-18 05:30:00,1726655400000,187.29,187.29,187.1,187.1,2673.0,187.1426
2024-09-18 05:45:00,1726656300000,187.18,187.18,187.12,187.13,847.0,187.1336
2024-09-18 06:00:00,1726657200000,187.06,187.2,187.01,187.01,5736.0,187.0863
2024-09-18 06:15:00,1726658100000,187.08,187.25,187.08,187.2,3541.0,187.1963
2024-09-18 06:30:00,1726659000000,187.16,187.23,187.1,187.1,3641.0,187.148
2024-09-18 06:45:00,1726659900000,187.17,187.23,187.1,187.21,3760.0,187.1766
2024-09-18 07:00:00,1726660800000,187.09,187.3115,186.413,187.17,33754.0,187.1573
2024-09-18 07:15:00,1726661700000,187.1,187.3545,187.1,187.2685,6427.0,187.2244
2024-09-18 07:30:00,1726662600000,187.3601,187.5594,187.32,187.52,11939.0,187.456
2024-09-18 07:45:00,1726663500000,187.558,187.558,187.32,187.44,10121.0,187.4478
2024-09-18 08:00:00,1726664400000,187.46,187.56,187.12,187.1301,26285.0,187.3444
2024-09-18 08:15:00,1726665300000,187.15,187.2486,186.26,186.52,109085.0,186.6831
2024-09-18 08:30:00,1726666200000,186.45,186.76,185.06,185.9935,1974091.0,186.0479
2024-09-18 08:45:00,1726667100000,186.0,186.65,185.92,186.57,763631.0,186.2989
2024-09-18 09:00:00,1726668000000,186.53,187.1,186.15,186.82,798793.0,186.664
2024-09-18 09:15:00,1726668900000,186.83,186.98,186.31,186.98,518862.0,186.5849
2024-09-18 09:30:00,1726669800000,186.97,187.38,186.64,187.36,713356.0,186.9865
2024-09-18 09:45:00,1726670700000,187.37,187.41,186.915,187.095,423102.0,187.1526
2024-09-18 10:00:00,1726671600000,187.1,187.25,186.53,186.69,361902.0,186.9242
2024-09-18 10:15:00,1726672500000,186.685,186.74,186.17,186.57,397763.0,186.4278
2024-09-18 10:30:00,1726673400000,186.57,186.57,185.85,185.96,455373.0,186.1441
2024-09-18 10:45:00,1726674300000,185.98,186.03,185.66,185.7692,410437.0,185.873
2024-09-18 11:00:00,1726675200000,185.75,186.18,185.65,186.17,449408.0,185.8524
2024-09-18 11:15:00,1726676100000,186.17,186.62,186.165,186.57,538673.0,186.4519
2024-09-18 11:30:00,1726677000000,186.59,186.6,186.23,186.285,376712.0,186.3684
2024-09-18 11:45:00,1726677900000,186.275,186.76,186.27,186.66,409145.0,186.5475
2024-09-18 12:00:00,1726678800000,186.665,186.87,186.578,186.71,315703.0,186.6868
2024-09-18 12:15:00,1726679700000,186.72,186.88,186.5566,186.84,305034.0,186.704
2024-09-18 12:30:00,1726680600000,186.85,187.17,186.5,186.79,406001.0,186.846
2024-09-18 12:45:00,1726681500000,186.8,186.94,186.6478,186.8,386479.0,186.7833
2024-09-18 13:00:00,1726682400000,186.8,188.47,186.25,187.23,2160693.0,187.7196
2024-09-18 13:15:00,1726683300000,187.31,188.43,187.24,187.8901,1104029.0,187.9006
2024-09-18 13:30:00,1726684200000,187.92,188.8,187.32,187.51,1373421.0,188.1696
2024-09-18 13:45:00,1726685100000,187.52,188.365,187.34,187.3414,1064118.0,187.9604
2024-09-18 14:00:00,1726686000000,187.32,187.47,186.145,187.38,1465611.0,186.7577
2024-09-18 14:15:00,1726686900000,187.37,188.09,186.34,187.82,1155013.0,187.3295
2024-09-18 14:30:00,1726687800000,187.83,188.08,186.44,186.46,1070130.0,187.308
2024-09-18 14:45:00,1726688700000,186.51,187.06,186.06,186.43,2700123.0,186.5122
2024-09-18 15:00:00,1726689600000,186.4,187.1396,186.05,186.888,1853691.0,186.4373
2024-09-18 15:15:00,1726690500000,186.89,187.14,186.43,186.86,27258.0,186.652
2024-09-18 15:30:00,1726691400000,186.85,187.0,186.7,186.71,14469.0,186.8314
2024-09-18 15:45:00,1726692300000,186.8072,186.8072,186.65,186.77,19752.0,186.7014
2024-09-18 16:00:00,1726693200000,186.79,186.79,186.7035,186.76,8468.0,186.5584
2024-09-18 16:15:00,1726694100000,186.72,186.756,186.68,186.7,11634.0,186.8055
2024-09-18 16:30:00,1726695000000,186.7186,186.79,186.66,186.66,4722.0,186.6838
2024-09-18 16:45:00,1726695900000,186.7,186.7758,186.51,186.6121,17712.0,186.631
2024-09-18 17:00:00,1726696800000,186.75,186.9728,186.7235,186.95,10996.0,186.834
2024-09-18 17:15:00,1726697700000,186.94,187.16,186.94,187.16,11304.0,187.0348
2024-09-18 17:30:00,1726698600000,187.1675,187.179,187.017,187.13,12044.0,187.1069
2024-09-18 17:45:00,1726699500000,187.13,187.15,187.01,187.01,4090.0,187.0864
2024-09-18 18:00:00,1726700400000,187.08,187.15,187.0101,187.017,4774.0,187.1129
2024-09-18 18:15:00,1726701300000,187.03,187.12,186.75,187.08,8114.0,187.0204
2024-09-18 18:30:00,1726702200000,187.05,187.0805,186.7301,187.047,6791.0,187.0098
2024-09-18 18:45:00,1726703100000,186.816,187.975,186.816,187.975,24602.0,187.3319
2024-09-19 03:00:00,1726732800000,188.97,189.71,188.97,189.36,18170.0,189.2903
2024-09-19 03:15:00,1726733700000,189.41,189.46,189.21,189.21,8394.0,189.369
2024-09-19 03:30:00,1726734600000,189.25,189.4,189.25,189.4,6031.0,189.3474
2024-09-19 03:45:00,1726735500000,189.35,189.45,189.35,189.4,6802.0,189.3734
2024-09-19 04:00:00,1726736400000,189.36,189.95,189.36,189.75,10587.0,189.545
2024-09-19 04:15:00,1726737300000,189.65,189.75,189.65,189.65,2605.0,189.7058
2024-09-19 04:30:00,1726738200000,189.71,189.76,189.71,189.76,4877.0,189.7327
2024-09-19 04:45:00,1726739100000,189.63,189.65,189.57,189.65,1764.0,189.5972
2024-09-19 05:00:00,1726740000000,189.75,189.75,189.6,189.72,2830.0,189.7056
2024-09-19 05:15:00,1726740900000,189.75,189.84,189.75,189.84,1142.0,189.8084
2024-09-19 05:30:00,1726741800000,189.84,189.88,189.75,189.76,6824.0,189.8243
2024-09-19 05:45:00,1726742700000,189.83,190.18,189.77,190.18,38905.0,189.9386
2024-09-19 06:00:00,1726743600000,190.05,190.2,189.54,190.01,73372.0,189.9793
2024-09-19 06:15:00,1726744500000,190.0,190.01,189.9,189.9,14179.0,189.9706
2024-09-19 06:30:00,1726745400000,189.99,190.19,189.9,190.15,23801.0,190.0571
2024-09-19 06:45:00,1726746300000,190.1,190.15,190.1,190.15,18677.0,190.1191
2024-09-19 07:00:00,1726747200000,190.1,190.29,185.964,190.2781,139304.0,190.0076
2024-09-19 07:15:00,1726748100000,190.2054,190.3,190.16,190.285,37362.0,190.2455
2024-09-19 07:30:00,1726749000000,190.29,190.31,190.1,190.14,49474.0,190.1939
2024-09-19 07:45:00,1726749900000,190.14,190.1597,189.91,190.0,43380.0,190.0144
2024-09-19 08:00:00,1726750800000,189.99,190.31,189.8179,190.22,81856.0,190.0543
2024-09-19 08:15:00,1726751700000,190.1612,190.24,188.39,190.01,209948.0,189.7625
2024-09-19 08:30:00,1726752600000,190.04,190.39,189.26,189.935,3699217.0,189.9056
2024-09-19 08:45:00,1726753500000,189.93,190.08,188.73,188.81,1554390.0,189.3279
2024-09-19 09:00:00,1726754400000,188.88,189.82,188.78,189.78,1202124.0,189.3646
2024-09-19 09:15:00,1726755300000,189.78,190.9399,189.28,190.7714,2234328.0,190.2716
2024-09-19 09:30:00,1726756200000,190.77,190.99,190.15,190.26,1265843.0,190.6124
2024-09-19 09:45:00,1726757100000,190.26,190.26,189.16,189.2,1365213.0,189.7097
2024-09-19 10:00:00,1726758000000,189.2425,189.52,188.82,189.17,1022548.0,189.2133
2024-09-19 10:15:00,1726758900000,189.17,189.48,189.0682,189.21,707605.0,189.2251
2024-09-19 10:30:00,1726759800000,189.19,189.29,188.82,188.87,812201.0,189.0294
2024-09-19 10:45:00,1726760700000,188.86,189.23,188.47,188.79,831665.0,188.8228
2024-09-19 11:00:00,1726761600000,188.7914,189.404,188.71,189.264,807566.0,189.1642
2024-09-19 11:15:00,1726762500000,189.26,189.84,189.1413,189.7533,812956.0,189.5148
2024-09-19 11:30:00,1726763400000,189.76,189.85,189.51,189.63,553748.0,189.6454
2024-09-19 11:45:00,1726764300000,189.6152,189.75,189.17,189.25,712638.0,189.4816
2024-09-19 12:00:00,1726765200000,189.24,189.43,188.94,189.0,622858.0,189.1863
2024-09-19 12:15:00,1726766100000,189.0,189.42,188.96,189.35,1010536.0,189.1604
2024-09-19 12:30:00,1726767000000,189.3401,189.68,189.32,189.68,662321.0,189.4793
2024-09-19 12:45:00,1726767900000,189.68,189.81,189.53,189.6162,648437.0,189.6914
2024-09-19 13:00:00,1726768800000,189.62,189.75,189.22,189.32,551569.0,189.4956
2024-09-19 13:15:00,1726769700000,189.32,189.55,189.02,189.52,681543.0,189.3456
2024-09-19 13:30:00,1726770600000,189.54,189.79,189.4,189.7616,563136.0,189.6215
2024-09-19 13:45:00,1726771500000,189.77,189.89,189.51,189.865,726768.0,189.7096
2024-09-19 14:00:00,1726772400000,189.86,189.92,189.51,189.6,695515.0,189.6953
2024-09-19 14:15:00,1726773300000,189.57,189.77,189.31,189.55,824054.0,189.5607
2024-09-19 14:30:00,1726774200000,189.555,189.68,189.2089,189.24,1010340.0,189.4912
2024-09-19 14:45:00,1726775100000,189.23,189.99,189.16,189.9,3347638.0,189.6173
2024-09-19 15:00:00,1726776000000,189.87,190.0,189.59,189.87,578047.0,189.8521
2024-09-19 15:15:00,1726776900000,189.68,189.87,189.65,189.69,9746.0,189.7093
2024-09-19 15:30:00,1726777800000,189.65,189.87,189.49,189.68,21796.0,189.665
2024-09-19 15:45:00,1726778700000,189.66,189.68,189.6,189.6,5736.0,189.6403
2024-09-19 16:00:00,1726779600000,189.54,189.59,189.5,189.59,6350.0,189.5407
2024-09-19 16:15:00,1726780500000,189.58,189.59,189.5443,189.55,1903.0,187.1937
2024-09-19 16:30:00,1726781400000,189.6,189.6,189.51,189.51,2552.0,189.566
2024-09-19 16:45:00,1726782300000,189.48,189.51,189.44,189.5099,9762.0,189.4567
2024-09-19 17:00:00,1726783200000,189.56,189.6217,189.56,189.56,2578.0,189.5663
2024-09-19 17:15:00,1726784100000,189.56,189.6295,189.5,189.5,978.0,189.5575
2024-09-19 17:30:00,1726785000000,189.51,189.5713,189.41,189.4145,5650.0,189.4811
2024-09-19 17:45:00,1726785900000,189.41,189.494,189.34,189.34,3787.0,189.3983
2024-09-19 18:00:00,1726786800000,189.355,189.493,189.329,189.329,6906.0,189.3534
2024-09-19 18:15:00,1726787700000,189.34,189.4,189.32,189.4,3286.0,189.3595
2024-09-19 18:30:00,1726788600000,189.49,189.6482,189.4095,189.52,7440.0,189.5354
2024-09-19 18:45:00,1726789500000,189.6425,189.7,189.42,189.65,7687.0,189.5876
2024-09-20 03:00:00,1726819200000,189.4,189.71,189.4,189.51,7399.0,189.5857
2024-09-20 03:15:00,1726820100000,189.51,189.63,189.11,189.11,4253.0,189.4437
2024-09-20 03:30:00,1726821000000,189.16,189.16,189.01,189.01,2268.0,189.0901
2024-09-20 03:45:00,1726821900000,189.2,189.3,189.2,189.3,729.0,189.2429
2024-09-20 04:00:00,1726822800000,189.4,189.41,189.13,189.13,2862.0,189.3454
2024-09-20 04:45:00,1726825500000,189.27,189.32,189.27,189.28,1196.0,189.2994
2024-09-20 05:00:00,1726826400000,189.25,189.25,189.21,189.22,422.0,189.2315
2024-09-20 05:15:00,1726827300000,189.15,189.2,189.1,189.2,1386.0,189.1551
2024-09-20 05:30:00,1726828200000,189.13,189.17,189.09,189.17,1582.0,189.1665
2024-09-20 05:45:00,1726829100000,189.07,189.11,189.04,189.11,2077.0,189.084
2024-09-20 06:00:00,1726830000000,189.15,189.52,189.15,189.29,11860.0,189.3073
2024-09-20 06:15:00,1726830900000,189.28,189.67,189.25,189.67,10351.0,189.4813
2024-09-20 06:30:00,1726831800000,189.58,189.7,189.48,189.7,5421.0,189.5754
2024-09-20 06:45:00,1726832700000,189.69,189.73,189.5,189.72,11374.0,189.6504
2024-09-20 07:00:00,1726833600000,189.15,190.4184,189.03,190.2,85567.0,189.8116
2024-09-20 07:15:00,1726834500000,190.2001,190.55,190.06,190.5025,41624.0,190.3386
2024-09-20 07:30:00,1726835400000,190.55,190.967,190.36,190.91,68452.0,190.5267
2024-09-20 07:45:00,1726836300000,190.9,190.9695,190.5156,190.653,26293.0,190.7629
2024-09-20 08:00:00,1726837200000,190.65,190.65,189.8,190.2199,57085.0,190.2139
2024-09-20 08:15:00,1726838100000,190.11,190.7,189.5,190.22,144475.0,189.9087
2024-09-20 08:30:00,1726839000000,190.23,190.96,189.66,190.06,8504234.0,190.3301
2024-09-20 08:45:00,1726839900000,190.0501,190.22,189.35,189.445,974479.0,189.8633
2024-09-20 09:00:00,1726840800000,189.47,189.79,189.3575,189.605,847906.0,189.5835
2024-09-20 09:15:00,1726841700000,189.6,189.68,188.98,189.36,897188.0,189.3796
2024-09-20 09:30:00,1726842600000,189.4,189.445,188.63,188.818,856059.0,189.0656
2024-09-20 09:45:00,1726843500000,188.815,188.8935,188.14,188.255,773102.0,188.5734
2024-09-20 10:00:00,1726844400000,188.25,188.3,187.65,187.725,1037597.0,188.0028
2024-09-20 10:15:00,1726845300000,187.725,188.25,187.41,188.11,1146845.0,187.7898
2024-09-20 10:30:00,1726846200000,188.13,189.0,188.09,188.8571,3881126.0,188.4407
2024-09-20 10:45:00,1726847100000,188.87,189.38,188.76,189.36,751974.0,189.1094
2024-09-20 11:00:00,1726848000000,189.355,189.57,189.3079,189.53,678200.0,189.4533
2024-09-20 11:15:00,1726848900000,189.545,190.14,189.49,190.11,973616.0,189.9072
2024-09-20 11:30:00,1726849800000,190.1,190.18,189.87,190.1,807549.0,190.064
2024-09-20 11:45:00,1726850700000,190.095,190.5318,190.09,190.37,2298855.0,190.2456
2024-09-20 12:00:00,1726851600000,190.37,190.74,190.35,190.61,2084576.0,190.5413
2024-09-20 12:15:00,1726852500000,190.61,190.68,190.18,190.32,1732692.0,190.3834
2024-09-20 12:30:00,1726853400000,190.31,190.56,189.88,189.92,1731606.0,190.2618
2024-09-20 12:45:00,1726854300000,189.94,190.01,189.66,189.664,500008.0,189.8499
2024-09-20 13:00:00,1726855200000,189.67,189.7899,189.24,189.4935,860143.0,189.4348
2024-09-20 13:15:00,1726856100000,189.5,189.9299,189.41,189.47,589524.0,189.67
2024-09-20 13:30:00,1726857000000,189.49,189.5213,189.15,189.22,769978.0,189.3289
2024-09-20 13:45:00,1726857900000,189.2424,190.08,189.19,190.013,834205.0,189.6321
2024-09-20 14:00:00,1726858800000,190.0113,190.0113,189.57,189.72,745817.0,189.7982
2024-09-20 14:15:00,1726859700000,189.71,190.095,189.46,190.0114,970869.0,189.7727
2024-09-20 14:30:00,1726860600000,190.02,190.48,189.93,190.1199,1223437.0,190.1902
2024-09-20 14:45:00,1726861500000,190.11,191.84,189.88,191.6,6174322.0,191.1097
2024-09-20 15:00:00,1726862400000,191.6,191.6,190.81,191.08,9695874.0,191.5913
2024-09-20 15:15:00,1726863300000,191.1487,191.6,190.942,191.08,815368.0,191.5785
2024-09-20 15:30:00,1726864200000,191.06,191.09,190.76,190.92,32501.0,190.9301
2024-09-20 15:45:00,1726865100000,190.92,191.2364,190.92,191.15,42588.0,191.0363
2024-09-20 16:00:00,1726866000000,191.15,191.17,191.02,191.09,23479.0,191.1054
2024-09-20 16:15:00,1726866900000,191.09,191.12,191.09,191.11,12315.0,191.0945
2024-09-20 16:30:00,1726867800000,191.07,191.08,190.91,190.98,8300.0,190.9776
2024-09-20 16:45:00,1726868700000,190.98,191.0,190.92,190.92,4948.0,190.9928
2024-09-20 17:00:00,1726869600000,191.081,191.081,190.91,190.99,7372.0,191.0206
2024-09-20 17:15:00,1726870500000,190.99,191.0018,190.99,191.0018,1368.0,190.9985
2024-09-20 17:30:00,1726871400000,191.06,191.2,191.05,191.12,5256.0,191.126
2024-09-20 17:45:00,1726872300000,191.12,191.17,191.072,191.17,8504.0,191.1213
2024-09-20 18:00:00,1726873200000,191.17,191.2,191.1107,191.1955,6702.0,191.1745
2024-09-20 18:15:00,1726874100000,191.2,191.26,191.15,191.24,4606.0,191.2317
2024-09-20 18:30:00,1726875000000,191.1184,191.2,191.1184,191.1475,1136.0,191.1493
2024-09-20 18:45:00,1726875900000,191.1355,191.28,191.1354,191.2201,8575.0,191.2186
2024-09-23 03:00:00,1727078400000,191.27,191.56,191.04,191.23,14877.0,191.3757
2024-09-23 03:15:00,1727079300000,191.35,191.35,191.2,191.35,4296.0,191.2605
2024-09-23 03:30:00,1727080200000,191.35,191.35,191.2,191.2,4978.0,191.253
2024-09-23 03:45:00,1727081100000,191.15,191.15,191.15,191.15,554.0,191.1464
2024-09-23 04:00:00,1727082000000,191.17,191.17,191.16,191.16,201.0,191.1651
2024-09-23 04:15:00,1727082900000,191.16,191.31,191.06,191.31,3702.0,191.1864
2024-09-23 04:30:00,1727083800000,191.22,191.33,191.22,191.33,1551.0,191.2561
2024-09-23 04:45:00,1727084700000,191.37,191.51,191.37,191.47,2399.0,191.4693
2024-09-23 05:00:00,1727085600000,191.47,191.59,191.47,191.59,2327.0,191.5278
2024-09-23 05:15:00,1727086500000,191.59,191.68,191.59,191.68,2391.0,191.6231
2024-09-23 05:30:00,1727087400000,191.76,191.88,191.76,191.88,5220.0,191.8216
2024-09-23 05:45:00,1727088300000,191.9,191.94,191.72,191.72,8091.0,191.887
2024-09-23 06:00:00,1727089200000,191.75,191.81,191.54,191.74,18162.0,191.6442
2024-09-23 06:15:00,1727090100000,191.7,191.81,191.52,191.52,10371.0,191.6668
2024-09-23 06:30:00,1727091000000,191.65,191.65,191.42,191.42,11656.0,191.4915
2024-09-23 06:45:00,1727091900000,191.57,191.64,191.57,191.62,3896.0,191.6073
2024-09-23 07:00:00,1727092800000,191.74,192.3,190.65,191.5,55947.0,191.6257
2024-09-23 07:15:00,1727093700000,191.54,191.75,191.54,191.7,13454.0,191.6477
2024-09-23 07:30:00,1727094600000,191.7,191.8,191.6,191.6673,12863.0,191.7515
2024-09-23 07:45:00,1727095500000,191.75,192.14,191.7,192.14,34528.0,191.8634
2024-09-23 08:00:00,1727096400000,192.13,192.4,191.957,192.0,45827.0,192.0567
2024-09-23 08:15:00,1727097300000,191.92,192.0,191.15,191.51,45517.0,191.564
2024-09-23 08:30:00,1727098200000,191.64,192.29,190.57,191.48,2739295.0,191.4837
2024-09-23 08:45:00,1727099100000,191.47,192.4,191.28,191.84,1344291.0,191.9583
2024-09-23 09:00:00,1727100000000,191.85,192.26,191.46,191.535,875557.0,191.8813
2024-09-23 09:15:00,1727100900000,191.55,192.1,191.435,191.845,603689.0,191.8246
2024-09-23 09:30:00,1727101800000,191.86,191.91,191.2202,191.875,716188.0,191.5963
2024-09-23 09:45:00,1727102700000,191.87,192.25,191.7,191.7109,617360.0,191.9675
2024-09-23 10:00:00,1727103600000,191.73,191.74,191.0506,191.47,648600.0,191.383
2024-09-23 10:15:00,1727104500000,191.45,191.69,191.2,191.62,657601.0,191.3843
2024-09-23 10:30:00,1727105400000,191.64,191.85,191.5,191.52,454187.0,191.6602
2024-09-23 10:45:00,1727106300000,191.53,191.9,191.44,191.73,505457.0,191.6645
2024-09-23 11:00:00,1727107200000,191.73,192.27,191.63,192.08,858144.0,192.027
2024-09-23 11:15:00,1727108100000,192.055,192.87,191.82,192.81,1323494.0,192.4093
2024-09-23 11:30:00,1727109000000,192.81,193.2499,192.729,192.92,1405890.0,192.9855
2024-09-23 11:45:00,1727109900000,192.91,193.3199,192.69,193.2501,782062.0,193.0072
2024-09-23 12:00:00,1727110800000,193.2501,193.2501,192.85,192.95,509609.0,193.0228
2024-09-23 12:15:00,1727111700000,192.94,193.3162,192.77,192.84,530444.0,193.0513
2024-09-23 12:30:00,1727112600000,192.83,193.0199,192.6,192.71,497898.0,192.8476
2024-09-23 12:45:00,1727113500000,192.705,193.19,192.695,192.94,399833.0,192.9545
2024-09-23 13:00:00,1727114400000,192.94,193.49,192.93,193.468,720006.0,193.2409
2024-09-23 13:15:00,1727115300000,193.465,193.6,193.26,193.28,707701.0,193.4571
2024-09-23 13:30:00,1727116200000,193.29,193.63,193.1,193.5,831200.0,193.4026
2024-09-23 13:45:00,1727117100000,193.51,194.2895,193.47,194.02,1707726.0,193.887
2024-09-23 14:00:00,1727118000000,194.02,194.19,193.8004,193.915,993551.0,193.9973
2024-09-23 14:15:00,1727118900000,193.915,194.28,193.8,193.875,963125.0,194.061
2024-09-23 14:30:00,1727119800000,193.875,194.02,193.52,193.55,926116.0,193.7988
2024-09-23 14:45:00,1727120700000,193.55,194.45,193.46,193.93,2934812.0,194.0358
2024-09-23 15:00:00,1727121600000,193.88,193.88,193.61,193.61,827223.0,193.877
2024-09-23 15:15:00,1727122500000,193.61,193.88,193.5,193.6,338516.0,193.8511
2024-09-23 15:30:00,1727123400000,193.62,193.62,193.513,193.52,6891.0,193.5635
2024-09-23 15:45:00,1727124300000,193.52,193.57,193.49,193.5,10654.0,193.5149
2024-09-23 16:00:00,1727125200000,193.5,193.569,193.48,193.52,5101.0,193.5221
2024-09-23 16:15:00,1727126100000,193.5,193.55,193.5,193.54,3364.0,193.536
2024-09-23 16:30:00,1727127000000,193.5473,193.57,193.5459,193.5459,807.0,193.5624
2024-09-23 16:45:00,1727127900000,193.5762,193.6,193.5762,193.6,1888.0,193.595
2024-09-23 17:00:00,1727128800000,193.5535,193.6,193.48,193.5785,9821.0,193.5232
2024-09-23 17:15:00,1727129700000,193.53,193.56,193.45,193.45,1374.0,193.5158
2024-09-23 17:30:00,1727130600000,193.449,193.4495,193.28,193.3,8398.0,193.3535
2024-09-23 17:45:00,1727131500000,193.3,193.491,193.2537,193.32,2897.0,193.3225
2024-09-23 18:00:00,1727132400000,193.38,193.4,193.35,193.4,3669.0,193.3855
2024-09-23 18:15:00,1727133300000,193.4,193.4,193.32,193.32,1532.0,193.3504
2024-09-23 18:30:00,1727134200000,193.36,193.44,193.3301,193.3312,2946.0,193.3937
2024-09-23 18:45:00,1727135100000,193.43,193.6189,193.38,193.6189,7366.0,193.515
2024-09-24 03:00:00,1727164800000,191.0,193.12,190.28,192.25,104352.0,191.126
2024-09-24 03:15:00,1727165700000,192.2,192.8,192.2,192.64,14111.0,192.5109
2024-09-24 03:30:00,1727166600000,192.53,192.8,192.46,192.75,4640.0,192.6083
2024-09-24 03:45:00,1727167500000,192.71,192.71,192.58,192.59,2804.0,192.6535
2024-09-24 04:00:00,1727168400000,192.6,192.63,192.56,192.58,1492.0,192.596
2024-09-24 04:15:00,1727169300000,192.58,192.58,192.02,192.05,7391.0,192.3076
2024-09-24 04:30:00,1727170200000,192.38,192.4,192.3,192.3,3349.0,192.3689
2024-09-24 04:45:00,1727171100000,192.36,192.46,192.3,192.36,6413.0,192.3957
2024-09-24 05:00:00,1727172000000,192.35,192.67,192.33,192.67,4268.0,192.475
2024-09-24 05:15:00,1727172900000,192.65,192.65,192.57,192.59,1903.0,192.5902
2024-09-24 05:30:00,1727173800000,192.58,192.88,192.57,192.88,3528.0,192.6635
2024-09-24 05:45:00,1727174700000,192.95,192.95,192.55,192.56,6300.0,192.7068
2024-09-24 06:00:00,1727175600000,192.64,192.78,192.25,192.37,46900.0,192.4823
2024-09-24 06:15:00,1727176500000,192.32,192.61,192.31,192.6,9414.0,192.5041
2024-09-24 06:30:00,1727177400000,192.76,193.54,192.66,193.54,33777.0,193.0525
2024-09-24 06:45:00,1727178300000,193.54,193.54,193.12,193.3,8725.0,193.2906
2024-09-24 07:00:00,1727179200000,192.68,194.19,192.25,193.4,67497.0,193.0951
2024-09-24 07:15:00,1727180100000,193.35,193.45,193.25,193.25,20089.0,193.3218
2024-09-24 07:30:00,1727181000000,193.32,193.3603,193.01,193.1488,37816.0,193.3591
2024-09-24 07:45:00,1727181900000,193.166,193.68,193.166,193.6375,26420.0,193.4357
2024-09-24 08:00:00,1727182800000,193.58,193.58,193.22,193.42,31240.0,193.4008
2024-09-24 08:15:00,1727183700000,193.36,194.43,193.36,194.3,72893.0,193.8551
2024-09-24 08:30:00,1727184600000,194.27,195.37,192.44,193.06,3375406.0,193.8817
2024-09-24 08:45:00,1727185500000,193.075,193.32,191.96,192.01,1682773.0,192.5588
2024-09-24 09:00:00,1727186400000,192.04,192.07,190.57,190.86,2725583.0,191.098
2024-09-24 09:15:00,1727187300000,190.9,191.09,190.32,190.4812,1549558.0,190.7193
2024-09-24 09:30:00,1727188200000,190.4678,190.86,190.13,190.62,1612537.0,190.5187
2024-09-24 09:45:00,1727189100000,190.6195,191.71,190.58,191.48,1394350.0,191.3309
2024-09-24 10:00:00,1727190000000,191.49,192.15,191.465,191.905,1044894.0,191.8416
2024-09-24 10:15:00,1727190900000,191.9002,192.56,191.84,192.52,743691.0,192.2524
2024-09-24 10:30:00,1727191800000,192.5063,192.57,192.13,192.54,662531.0,192.4103
2024-09-24 10:45:00,1727192700000,192.51,192.89,192.3428,192.867,708582.0,192.659
2024-09-24 11:00:00,1727193600000,192.87,192.89,192.57,192.8799,524048.0,192.7296
2024-09-24 11:15:00,1727194500000,192.89,192.93,192.53,192.631,526204.0,192.772
2024-09-24 11:30:00,1727195400000,192.63,192.83,192.5,192.68,424403.0,192.6677
2024-09-24 11:45:00,1727196300000,192.69,192.83,192.3301,192.35,378125.0,192.5787
2024-09-24 12:00:00,1727197200000,192.35,192.8364,192.28,192.75,533485.0,192.5822
2024-09-24 12:15:00,1727198100000,192.73,192.92,192.7,192.78,390376.0,192.8051
2024-09-24 12:30:00,1727199000000,192.795,193.36,192.7901,193.295,664560.0,193.1051
2024-09-24 12:45:00,1727199900000,193.28,193.37,193.18,193.3341,540521.0,193.2831
2024-09-24 13:00:00,1727200800000,193.34,193.44,192.94,193.011,523886.0,193.2954
2024-09-24 13:15:00,1727201700000,193.015,193.148,192.84,192.9,440305.0,193.0436
2024-09-24 13:30:00,1727202600000,192.89,192.94,192.54,192.6901,612449.0,192.764
2024-09-24 13:45:00,1727203500000,192.7,192.78,192.48,192.6401,395918.0,192.6548
2024-09-24 14:00:00,1727204400000,192.64,192.96,192.565,192.815,504119.0,192.7468
2024-09-24 14:15:00,1727205300000,192.81,193.09,192.75,192.98,547118.0,192.9268
2024-09-24 14:30:00,1727206200000,192.975,193.29,192.91,193.105,683060.0,193.072
2024-09-24 14:45:00,1727207100000,193.11,194.14,193.06,194.03,3842506.0,193.8019
2024-09-24 15:00:00,1727208000000,193.96,194.03,193.62,193.73,932323.0,193.9481
2024-09-24 15:15:00,1727208900000,193.73,193.96,193.62,193.64,61662.0,193.8488
2024-09-24 15:30:00,1727209800000,193.56,193.66,193.51,193.58,36492.0,193.6176
2024-09-24 15:45:00,1727210700000,193.58,193.96,193.4821,193.4821,24810.0,193.5525
2024-09-24 16:00:00,1727211600000,193.48,193.52,193.4515,193.52,9495.0,193.4939
2024-09-24 16:15:00,1727212500000,193.51,193.52,193.48,193.49,4824.0,193.5
2024-09-24 16:30:00,1727213400000,193.48,193.96,193.48,193.51,629843.0,193.9583
2024-09-24 16:45:00,1727214300000,193.52,193.56,193.5,193.56,4135.0,193.5362
2024-09-24 17:00:00,1727215200000,193.57,193.63,193.4834,193.63,2535.0,193.5581
2024-09-24 17:15:00,1727216100000,193.51,193.51,193.51,193.51,422.0,193.5149
2024-09-24 17:30:00,1727217000000,193.47,193.55,193.4075,193.54,1759.0,193.4968
2024-09-24 17:45:00,1727217900000,193.5072,193.59,193.5072,193.58,1340.0,193.5692
2024-09-24 18:00:00,1727218800000,193.58,193.62,193.58,193.62,4583.0,193.5985
2024-09-24 18:15:00,1727219700000,193.6,193.7,193.6,193.7,7893.0,193.6525
2024-09-24 18:30:00,1727220600000,193.85,193.8855,193.84,193.86,9217.0,193.864
2024-09-24 18:45:00,1727221500000,193.8,193.8699,193.7,193.8,3408.0,193.7977
2024-09-25 03:00:00,1727251200000,192.91,193.0,192.58,193.0,4931.0,192.8481
2024-09-25 03:15:00,1727252100000,193.0,193.0,192.91,192.91,949.0,192.9544
2024-09-25 03:30:00,1727253000000,192.92,193.0,192.85,192.87,5153.0,192.8868
2024-09-25 03:45:00,1727253900000,192.92,192.93,192.92,192.93,448.0,192.9289
2024-09-25 04:00:00,1727254800000,192.93,193.0,192.93,192.99,2637.0,192.9906
2024-09-25 04:15:00,1727255700000,192.99,193.1,192.99,193.1,2294.0,193.045
2024-09-25 04:30:00,1727256600000,192.99,193.25,192.99,193.25,3384.0,193.1211
2024-09-25 05:00:00,1727258400000,193.23,193.32,193.2,193.2,2019.0,193.2648
2024-09-25 05:15:00,1727259300000,193.27,193.27,193.18,193.18,1191.0,193.2135
2024-09-25 05:30:00,1727260200000,193.18,193.18,193.18,193.18,140.0,193.18
2024-09-25 05:45:00,1727261100000,193.17,193.42,193.17,193.42,1498.0,193.2593
2024-09-25 06:00:00,1727262000000,193.42,193.52,193.42,193.5,6365.0,193.4711
2024-09-25 06:15:00,1727262900000,193.55,193.69,193.45,193.64,6552.0,193.5574
2024-09-25 06:30:00,1727263800000,193.6,193.6,193.6,193.6,1088.0,193.6067
2024-09-25 06:45:00,1727264700000,193.63,193.63,193.61,193.62,3300.0,193.6255
2024-09-25 07:00:00,1727265600000,193.44,193.7,192.55,193.68,29265.0,193.4191
2024-09-25 07:15:00,1727266500000,193.68,194.0,193.68,193.91,20003.0,193.9004
2024-09-25 07:30:00,1727267400000,193.96,194.16,193.96,194.11,18636.0,194.07
2024-09-25 07:45:00,1727268300000,194.02,194.139,193.96,194.0,11944.0,194.0244
2024-09-25 08:00:00,1727269200000,194.0,194.02,193.9014,193.91,21142.0,193.9829
2024-09-25 08:15:00,1727270100000,193.9,193.9499,193.26,193.69,41723.0,193.7131
2024-09-25 08:30:00,1727271000000,193.75,193.9498,192.74,193.12,2194527.0,193.4137
2024-09-25 08:45:00,1727271900000,193.12,193.22,192.46,192.92,1183308.0,192.846
2024-09-25 09:00:00,1727272800000,192.925,193.49,192.685,193.47,946646.0,193.0238
2024-09-25 09:15:00,1727273700000,193.475,193.5297,192.95,193.02,921668.0,193.2416
2024-09-25 09:30:00,1727274600000,193.02,193.33,192.88,193.115,673435.0,193.1708
2024-09-25 09:45:00,1727275500000,193.1002,193.41,192.92,193.28,733366.0,193.1969
2024-09-25 10:00:00,1727276400000,193.28,193.29,192.86,192.87,651232.0,193.0926
2024-09-25 10:15:00,1727277300000,192.87,193.0424,192.74,192.77,597749.0,192.9066
2024-09-25 10:30:00,1727278200000,192.77,193.07,192.67,192.74,584004.0,192.8256
2024-09-25 10:45:00,1727279100000,192.7599,192.76,192.4,192.6437,897641.0,192.5677
2024-09-25 11:00:00,1727280000000,192.64,192.76,192.41,192.66,561652.0,192.5968
2024-09-25 11:15:00,1727280900000,192.66,192.7,192.44,192.5299,555033.0,192.5495
2024-09-25 11:30:00,1727281800000,192.53,192.75,192.4838,192.53,409591.0,192.6139
2024-09-25 11:45:00,1727282700000,192.52,192.63,192.36,192.53,489363.0,192.5084
2024-09-25 12:00:00,1727283600000,192.53,192.79,192.16,192.635,602962.0,192.576
2024-09-25 12:15:00,1727284500000,192.635,192.9,192.59,192.8501,507793.0,192.7698
2024-09-25 12:30:00,1727285400000,192.85,192.95,192.46,192.49,407341.0,192.7289
2024-09-25 12:45:00,1727286300000,192.49,192.98,192.21,192.94,562286.0,192.5362
2024-09-25 13:00:00,1727287200000,192.94,193.02,192.48,192.51,485428.0,192.8228
2024-09-25 13:15:00,1727288100000,192.5,192.67,192.36,192.65,447566.0,192.5595
2024-09-25 13:30:00,1727289000000,192.6517,192.9399,192.59,192.93,456241.0,192.7146
2024-09-25 13:45:00,1727289900000,192.93,193.075,192.77,193.065,479750.0,192.9617
2024-09-25 14:00:00,1727290800000,193.07,193.285,192.935,193.0182,691794.0,193.1547
2024-09-25 14:15:00,1727291700000,193.0147,193.05,192.84,192.9116,491435.0,192.9501
2024-09-25 14:30:00,1727292600000,192.92,192.97,192.68,192.73,570243.0,192.8411
2024-09-25 14:45:00,1727293500000,192.73,192.99,192.34,192.53,1868781.0,192.6016
2024-09-25 15:00:00,1727294400000,192.53,192.8671,192.51,192.55,916621.0,192.5337
2024-09-25 15:15:00,1727295300000,192.57,192.59,192.3885,192.44,32403.0,192.495
2024-09-25 15:30:00,1727296200000,192.4201,192.53,192.32,192.48,28263.0,192.4426
2024-09-25 15:45:00,1727297100000,192.4135,192.58,192.41,192.58,645699.0,192.5289
2024-09-25 16:00:00,1727298000000,192.6,192.6,192.45,192.53,19682.0,192.1526
2024-09-25 16:15:00,1727298900000,192.56,192.56,192.46,192.46,9707.0,192.6422
2024-09-25 16:30:00,1727299800000,192.5,192.5,192.45,192.46,5774.0,192.4715
2024-09-25 16:45:00,1727300700000,192.45,192.5225,192.3567,192.45,9685.0,192.473
2024-09-25 17:00:00,1727301600000,192.43,192.488,192.2609,192.2609,11881.0,192.3102
2024-09-25 17:15:00,1727302500000,192.3,192.3599,192.28,192.32,3147.0,192.311
2024-09-25 17:30:00,1727303400000,192.3,192.4495,192.3,192.3539,3594.0,192.3702
2024-09-25 17:45:00,1727304300000,192.31,192.398,192.31,192.38,3978.0,192.3654
2024-09-25 18:00:00,1727305200000,192.38,192.39,192.2,192.345,8024.0,192.3
2024-09-25 18:15:00,1727306100000,192.18,192.367,192.18,192.35,7523.0,192.3388
2024-09-25 18:30:00,1727307000000,192.35,192.45,192.22,192.45,7277.0,192.3376
2024-09-25 18:45:00,1727307900000,192.45,192.5998,192.3506,192.542,8896.0,192.4909
2024-09-26 03:00:00,1727337600000,193.68,194.42,193.4,194.38,28632.0,194.1382
2024-09-26 03:15:00,1727338500000,194.31,194.32,194.19,194.22,4517.0,194.2697
2024-09-26 03:30:00,1727339400000,194.19,194.22,194.09,194.1,3770.0,194.1419
2024-09-26 03:45:00,1727340300000,194.17,194.24,194.17,194.2,2224.0,194.1928
2024-09-26 04:00:00,1727341200000,194.13,194.14,194.09,194.09,2819.0,194.1224
2024-09-26 04:15:00,1727342100000,194.2,194.25,194.2,194.2,2352.0,194.2286
2024-09-26 04:30:00,1727343000000,194.15,194.2,194.15,194.2,511.0,194.1856
2024-09-26 04:45:00,1727343900000,194.17,194.17,194.12,194.12,439.0,194.162
2024-09-26 05:00:00,1727344800000,194.15,194.15,194.13,194.14,994.0,194.129
2024-09-26 05:15:00,1727345700000,194.25,194.48,194.25,194.48,4948.0,194.3221
2024-09-26 05:30:00,1727346600000,194.49,194.55,194.39,194.55,4812.0,194.4587
2024-09-26 05:45:00,1727347500000,194.52,194.77,194.52,194.75,6697.0,194.6615
2024-09-26 06:00:00,1727348400000,194.66,194.67,194.25,194.55,33228.0,194.5216
2024-09-26 06:15:00,1727349300000,194.54,194.57,194.42,194.57,10526.0,194.486
2024-09-26 06:30:00,1727350200000,194.58,194.74,194.51,194.589,19359.0,194.6212
2024-09-26 06:45:00,1727351100000,194.61,194.67,194.59,194.59,4666.0,194.6363
2024-09-26 07:00:00,1727352000000,194.6,194.75,193.2,194.43,168251.0,194.3837
2024-09-26 07:15:00,1727352900000,194.517,194.5792,194.31,194.45,24637.0,194.4357
2024-09-26 07:30:00,1727353800000,194.5,194.5,194.32,194.41,26880.0,194.3907
2024-09-26 07:45:00,1727354700000,194.4001,194.75,194.33,194.5,49946.0,194.516
2024-09-26 08:00:00,1727355600000,194.46,194.88,194.4009,194.6,48812.0,194.6628
2024-09-26 08:15:00,1727356500000,194.6,194.9,194.22,194.22,55009.0,194.5431
2024-09-26 08:30:00,1727357400000,194.31,194.53,192.4,192.67,2719008.0,193.4163
2024-09-26 08:45:00,1727358300000,192.69,192.98,191.73,192.18,1604436.0,192.2993
2024-09-26 09:00:00,1727359200000,192.17,192.29,191.48,191.79,1476550.0,191.9293
2024-09-26 09:15:00,1727360100000,191.791,191.9181,190.7,190.78,1413496.0,191.3704
2024-09-26 09:30:00,1727361000000,190.81,190.8316,189.81,190.32,2499050.0,190.3222
2024-09-26 09:45:00,1727361900000,190.33,190.66,189.87,189.89,1551430.0,190.2251
2024-09-26 10:00:00,1727362800000,189.89,190.45,189.54,190.351,1365097.0,190.0214
2024-09-26 10:15:00,1727363700000,190.35,190.7986,190.05,190.77,972331.0,190.3873
2024-09-26 10:30:00,1727364600000,190.75,191.08,190.3,191.08,954850.0,190.7722
2024-09-26 10:45:00,1727365500000,191.08,191.65,190.95,191.625,797440.0,191.3315
2024-09-26 11:00:00,1727366400000,191.625,191.67,191.18,191.314,680026.0,191.494
2024-09-26 11:15:00,1727367300000,191.3198,191.5,190.82,191.0914,720155.0,191.1348
2024-09-26 11:30:00,1727368200000,191.09,191.15,190.56,190.755,443439.0,190.9006
2024-09-26 11:45:00,1727369100000,190.76,190.82,190.55,190.68,417540.0,190.6782
2024-09-26 12:00:00,1727370000000,190.68,190.79,190.43,190.46,790036.0,190.5997
2024-09-26 12:15:00,1727370900000,190.45,190.67,190.0315,190.64,578025.0,190.3084
2024-09-26 12:30:00,1727371800000,190.635,190.95,190.598,190.905,711711.0,190.7432
2024-09-26 12:45:00,1727372700000,190.92,191.26,190.915,191.175,529815.0,191.1075
2024-09-26 13:00:00,1727373600000,191.19,191.48,190.94,191.46,588811.0,191.1869
2024-09-26 13:15:00,1727374500000,191.47,191.8,191.465,191.78,610038.0,191.6642
2024-09-26 13:30:00,1727375400000,191.78,191.78,191.55,191.56,452496.0,191.6737
2024-09-26 13:45:00,1727376300000,191.56,191.83,191.45,191.78,569538.0,191.6326
2024-09-26 14:00:00,1727377200000,191.77,191.795,191.5,191.76,607045.0,191.6493
2024-09-26 14:15:00,1727378100000,191.75,191.75,191.46,191.52,610604.0,191.5742
2024-09-26 14:30:00,1727379000000,191.52,191.57,191.31,191.33,747583.0,191.4444
2024-09-26 14:45:00,1727379900000,191.34,191.6,191.04,191.18,2595107.0,191.2408
2024-09-26 15:00:00,1727380800000,191.16,191.5,191.16,191.22,1286367.0,191.1652
2024-09-26 15:15:00,1727381700000,191.21,191.29,191.16,191.18,272252.0,191.1638
2024-09-26 15:30:00,1727382600000,191.22,191.54,190.96,191.25,35858.0,191.2377
2024-09-26 15:45:00,1727383500000,191.19,191.19,191.1002,191.14,4689.0,191.1402
2024-09-26 16:00:00,1727384400000,191.1445,191.2,191.0533,191.16,952433.0,191.16
2024-09-26 16:15:00,1727385300000,191.22,191.28,191.1892,191.24,4119.0,191.2395
2024-09-26 16:30:00,1727386200000,191.24,191.25,191.1835,191.2,2563.0,191.2268
2024-09-26 16:45:00,1727387100000,191.1616,191.2,191.1616,191.2,1401.0,191.188
2024-09-26 17:00:00,1727388000000,191.25,191.48,191.1714,191.3006,8060.0,191.3338
2024-09-26 17:15:00,1727388900000,191.13,191.48,190.99,191.2185,15902.0,191.1587
2024-09-26 17:30:00,1727389800000,191.38,191.39,191.257,191.27,4632.0,191.327
2024-09-26 17:45:00,1727390700000,191.34,191.4,191.25,191.3,6801.0,191.2772
2024-09-26 18:00:00,1727391600000,191.34,191.3895,191.2456,191.35,5523.0,191.3561
2024-09-26 18:15:00,1727392500000,191.35,191.35,191.29,191.29,950.0,191.3144
2024-09-26 18:30:00,1727393400000,191.2517,191.3,191.1695,191.2525,4772.0,191.2433
2024-09-26 18:45:00,1727394300000,191.25,191.25,191.0195,191.16,5716.0,191.1353
2024-09-27 03:00:00,1727424000000,191.3,191.3,190.5,190.53,5200.0,190.5908
2024-09-27 03:15:00,1727424900000,190.51,190.7,190.51,190.7,1287.0,190.6248
2024-09-27 03:30:00,1727425800000,190.99,191.1,190.86,190.86,9558.0,190.9666
2024-09-27 03:45:00,1727426700000,190.86,190.92,190.75,190.85,2639.0,190.8245
2024-09-27 04:00:00,1727427600000,191.0,191.0,191.0,191.0,1469.0,190.9995
2024-09-27 04:30:00,1727429400000,191.0,191.0,190.95,190.95,543.0,190.9633
2024-09-27 04:45:00,1727430300000,190.86,191.0,190.86,191.0,3350.0,190.9585
2024-09-27 05:00:00,1727431200000,191.01,191.11,190.96,191.11,812.0,191.0265
2024-09-27 05:15:00,1727432100000,191.11,191.11,191.1,191.1,205.0,191.1049
2024-09-27 05:30:00,1727433000000,190.96,190.96,190.88,190.88,809.0,190.9268
2024-09-27 05:45:00,1727433900000,190.87,190.87,190.87,190.87,511.0,190.8789
2024-09-27 06:00:00,1727434800000,191.03,191.03,190.87,190.9,5719.0,190.9423
2024-09-27 06:15:00,1727435700000,191.04,191.04,190.89,190.89,2025.0,190.9737
2024-09-27 06:30:00,1727436600000,191.05,191.05,191.05,191.05,499.0,191.0593
2024-09-27 06:45:00,1727437500000,191.1,191.25,191.1,191.25,1959.0,191.1516
2024-09-27 07:00:00,1727438400000,190.9,191.4,190.683,191.31,39990.0,191.1592
2024-09-27 07:15:00,1727439300000,191.2025,191.3995,191.2025,191.32,11515.0,191.3128
2024-09-27 07:30:00,1727440200000,191.3,191.33,190.83,191.05,42244.0,191.1548
2024-09-27 07:45:00,1727441100000,191.2,191.2494,190.9,190.9,29960.0,191.0803
2024-09-27 08:00:00,1727442000000,190.91,191.2378,190.9,191.15,20691.0,191.0905
2024-09-27 08:15:00,1727442900000,191.199,191.2055,190.52,190.64,38083.0,190.9191
2024-09-27 08:30:00,1727443800000,190.68,190.9,189.8301,189.88,1868492.0,190.4091
2024-09-27 08:45:00,1727444700000,189.89,190.48,189.878,190.08,1129949.0,190.1316
2024-09-27 09:00:00,1727445600000,190.1,190.805,190.05,190.27,1967910.0,190.2212
2024-09-27 09:15:00,1727446500000,190.26,190.28,189.92,190.01,939640.0,190.1053
2024-09-27 09:30:00,1727447400000,190.02,190.29,189.59,190.1,1869497.0,190.0091
2024-09-27 09:45:00,1727448300000,190.1,190.13,189.56,189.64,1046953.0,189.8255
2024-09-27 10:00:00,1727449200000,189.62,189.62,188.8224,188.92,1945217.0,189.2166
2024-09-27 10:15:00,1727450100000,188.92,188.92,188.09,188.29,1593660.0,188.6606
2024-09-27 10:30:00,1727451000000,188.3,188.8,187.93,188.64,1380221.0,188.2534
2024-09-27 10:45:00,1727451900000,188.645,188.68,187.97,187.9705,1454138.0,188.1882
2024-09-27 11:00:00,1727452800000,187.98,188.01,187.39,187.42,1153815.0,187.6941
2024-09-27 11:15:00,1727453700000,187.43,188.035,187.34,188.0102,1040636.0,187.6551
2024-09-27 11:30:00,1727454600000,188.01,188.125,187.67,187.78,718120.0,187.9075
2024-09-27 11:45:00,1727455500000,187.77,187.865,187.62,187.835,677605.0,187.7433
2024-09-27 12:00:00,1727456400000,187.835,188.035,187.5,187.8002,796419.0,187.7555
2024-09-27 12:15:00,1727457300000,187.8,187.875,187.7,187.7301,479880.0,187.771
2024-09-27 12:30:00,1727458200000,187.74,187.845,187.62,187.81,472426.0,187.7489
2024-09-27 12:45:00,1727459100000,187.82,188.24,187.66,188.2079,590777.0,187.9195
2024-09-27 13:00:00,1727460000000,188.205,188.33,187.92,188.1,541173.0,188.072
2024-09-27 13:15:00,1727460900000,188.1,188.15,187.69,187.71,611492.0,187.9843
2024-09-27 13:30:00,1727461800000,187.72,188.0695,187.49,188.05,643217.0,187.7399
2024-09-27 13:45:00,1727462700000,188.04,188.495,188.03,188.43,727514.0,188.2711
2024-09-27 14:00:00,1727463600000,188.42,188.59,188.29,188.475,573815.0,188.432
2024-09-27 14:15:00,1727464500000,188.47,188.61,188.1,188.33,687769.0,188.39
2024-09-27 14:30:00,1727465400000,188.33,188.43,188.1,188.144,692519.0,188.2703
2024-09-27 14:45:00,1727466300000,188.1416,188.24,187.8101,187.87,2449452.0,187.9986
2024-09-27 15:00:00,1727467200000,187.97,188.0,187.75,187.9,1244460.0,187.9676
2024-09-27 15:15:00,1727468100000,187.9,187.97,187.78,187.83,12960.0,187.8688
2024-09-27 15:30:00,1727469000000,187.8499,187.97,187.82,187.82,250663.0,187.966
2024-09-27 15:45:00,1727469900000,187.84,187.9496,187.7715,187.87,11415.0,187.7689
2024-09-27 16:00:00,1727470800000,187.95,187.95,187.8804,187.94,3310.0,187.9193
2024-09-27 16:15:00,1727471700000,187.94,187.95,187.8829,187.8829,2715.0,187.9328
2024-09-27 16:30:00,1727472600000,187.8811,187.95,187.84,187.9362,8525.0,187.8819
2024-09-27 16:45:00,1727473500000,187.83,187.9221,187.83,187.84,1951.0,187.865
2024-09-27 17:00:00,1727474400000,187.88,187.9,187.84,187.9,3696.0,187.8566
2024-09-27 17:15:00,1727475300000,187.8393,187.89,187.8393,187.84,1735.0,187.8749
2024-09-27 17:30:00,1727476200000,187.88,187.88,187.8301,187.88,1711.0,187.8665
2024-09-27 17:45:00,1727477100000,187.83,187.8796,187.83,187.85,4402.0,187.8424
2024-09-27 18:00:00,1727478000000,187.84,187.84,187.75,187.7599,5448.0,187.7959
2024-09-27 18:15:00,1727478900000,187.75,187.77,187.7104,187.77,2166.0,187.7504
2024-09-27 18:30:00,1727479800000,187.77,187.77,187.71,187.71,8269.0,187.7233
2024-09-27 18:45:00,1727480700000,187.71,187.7435,187.6265,187.68,6594.0,187.6905
2024-09-30 03:00:00,1727683200000,187.75,188.0,187.16,187.4,19212.0,187.4527
2024-09-30 03:15:00,1727684100000,187.49,187.7,187.4,187.7,5667.0,187.5711
2024-09-30 03:30:00,1727685000000,187.55,187.55,187.55,187.55,1443.0,187.5477
2024-09-30 03:45:00,1727685900000,187.51,187.54,187.51,187.54,413.0,187.5342
2024-09-30 04:00:00,1727686800000,187.55,187.55,187.45,187.45,1678.0,187.4791
2024-09-30 04:15:00,1727687700000,187.38,187.4,187.32,187.37,1568.0,187.3647
2024-09-30 04:30:00,1727688600000,187.63,187.63,187.55,187.55,682.0,187.5996
2024-09-30 04:45:00,1727689500000,187.51,187.55,187.51,187.55,1317.0,187.5381
2024-09-30 05:00:00,1727690400000,187.56,187.66,187.56,187.66,877.0,187.6378
2024-09-30 05:15:00,1727691300000,187.7,187.79,187.4,187.49,9849.0,187.5976
2024-09-30 05:30:00,1727692200000,187.5,187.54,187.31,187.54,2200.0,187.4233
2024-09-30 05:45:00,1727693100000,187.51,187.54,187.4,187.41,3671.0,187.4406
2024-09-30 06:00:00,1727694000000,187.64,187.96,187.07,187.17,43334.0,187.5544
2024-09-30 06:15:00,1727694900000,187.25,187.25,186.95,187.03,13102.0,187.0987
2024-09-30 06:30:00,1727695800000,187.1,187.1,186.89,186.89,5096.0,187.0039
2024-09-30 06:45:00,1727696700000,186.9,186.9,186.08,186.35,31353.0,186.4509
2024-09-30 07:00:00,1727697600000,187.55,187.9653,186.144,186.5,97360.0,186.8739
2024-09-30 07:15:00,1727698500000,186.56,186.6,186.39,186.52,19121.0,186.4999
2024-09-30 07:30:00,1727699400000,186.56,186.89,186.53,186.7,768467.0,187.9237
2024-09-30 07:45:00,1727700300000,186.7255,187.1555,186.7255,186.84,29757.0,186.9472
2024-09-30 08:00:00,1727701200000,186.8,187.41,186.58,187.0,140145.0,186.7721
2024-09-30 08:15:00,1727702100000,187.03,187.19,186.57,187.1,156741.0,186.7218
2024-09-30 08:30:00,1727703000000,187.14,188.49,186.5,187.655,2746327.0,187.4099
2024-09-30 08:45:00,1727703900000,187.655,188.06,187.1257,187.1601,1753721.0,187.7778
2024-09-30 09:00:00,1727704800000,187.16,187.23,186.05,186.074,1266188.0,186.6273
2024-09-30 09:15:00,1727705700000,186.0601,186.185,185.57,185.87,1264947.0,185.8623
2024-09-30 09:30:00,1727706600000,185.9,186.26,185.25,185.252,1229509.0,185.7677
2024-09-30 09:45:00,1727707500000,185.26,185.43,184.91,184.9493,1234658.0,185.1735
2024-09-30 10:00:00,1727708400000,184.92,185.24,184.65,185.005,1227539.0,184.9594
2024-09-30 10:15:00,1727709300000,185.03,185.55,184.96,185.54,1019070.0,185.1756
2024-09-30 10:30:00,1727710200000,185.54,185.64,184.68,185.125,976391.0,185.0782
2024-09-30 10:45:00,1727711100000,185.12,185.96,185.095,185.71,718656.0,185.7002
2024-09-30 11:00:00,1727712000000,185.73,186.22,185.64,186.0624,596892.0,185.9348
2024-09-30 11:15:00,1727712900000,186.07,186.35,185.94,186.1299,647362.0,186.1492
2024-09-30 11:30:00,1727713800000,186.13,186.2,185.82,185.87,450417.0,185.97
2024-09-30 11:45:00,1727714700000,185.88,186.3099,185.84,186.16,455203.0,186.1225
2024-09-30 12:00:00,1727715600000,186.16,186.31,185.53,185.5717,558208.0,185.8933
2024-09-30 12:15:00,1727716500000,185.585,185.84,185.53,185.62,409243.0,185.7349
2024-09-30 12:30:00,1727717400000,185.62,185.81,185.57,185.784,435094.0,185.6901
2024-09-30 12:45:00,1727718300000,185.7701,186.43,185.72,186.37,594946.0,186.102
2024-09-30 13:00:00,1727719200000,186.375,186.5,185.89,185.94,471898.0,186.2393
2024-09-30 13:15:00,1727720100000,185.94,185.94,184.92,185.35,860510.0,185.3142
2024-09-30 13:30:00,1727721000000,185.33,186.21,185.17,186.2,632119.0,185.8186
2024-09-30 13:45:00,1727721900000,186.21,186.31,185.7939,185.7939,477945.0,186.072
2024-09-30 14:00:00,1727722800000,185.79,185.84,185.42,185.58,716340.0,185.6347
2024-09-30 14:15:00,1727723700000,185.59,185.64,185.38,185.55,753648.0,185.5277
2024-09-30 14:30:00,1727724600000,185.55,186.23,185.51,186.23,865239.0,185.8165
2024-09-30 14:45:00,1727725500000,186.23,186.69,185.3,186.31,4098327.0,186.2947
2024-09-30 15:00:00,1727726400000,186.33,186.33,184.94,185.5,1413466.0,186.1955
2024-09-30 15:15:00,1727727300000,185.52,186.33,185.34,185.41,79571.0,185.4999
2024-09-30 15:30:00,1727728200000,185.39,186.33,185.27,185.4,303533.0,186.2177
2024-09-30 15:45:00,1727729100000,185.3319,186.33,185.32,185.4,33287.0,185.5892
2024-09-30 16:00:00,1727730000000,185.4,185.63,185.36,185.53,20042.0,185.4332
2024-09-30 16:15:00,1727730900000,185.51,185.64,185.51,185.64,10095.0,185.4302
2024-09-30 16:30:00,1727731800000,185.62,185.6499,185.5545,185.62,4903.0,185.61
2024-09-30 16:45:00,1727732700000,185.6199,185.6199,185.5,185.52,449678.0,186.3138
2024-09-30 17:00:00,1727733600000,185.5,185.6397,185.5,185.52,7382.0,185.5541
2024-09-30 17:15:00,1727734500000,185.52,185.5997,185.4601,185.51,5877.0,185.513
2024-09-30 17:30:00,1727735400000,185.55,185.634,185.51,185.5243,3558.0,185.5742
2024-09-30 17:45:00,1727736300000,185.6369,185.69,185.5402,185.66,5182.0,185.6184
2024-09-30 18:00:00,1727737200000,185.64,185.6593,185.52,185.61,4719.0,185.5773
2024-09-30 18:15:00,1727738100000,185.6,185.6,185.55,185.55,5464.0,185.5798
2024-09-30 18:30:00,1727739000000,185.58,185.67,185.55,185.6492,4472.0,185.6145
2024-09-30 18:45:00,1727739900000,185.6025,185.69,185.5102,185.69,14247.0,185.5913
2024-10-01 03:00:00,1727769600000,186.0,186.2,185.85,185.85,5783.0,186.0522
2024-10-01 03:15:00,1727770500000,185.92,185.96,185.92,185.96,1864.0,185.9233
2024-10-01 03:30:00,1727771400000,185.9,186.05,185.9,186.03,3085.0,185.9866
2024-10-01 03:45:00,1727772300000,186.09,186.09,186.01,186.05,2169.0,186.0566
2024-10-01 04:00:00,1727773200000,186.11,186.15,185.7,185.79,9532.0,185.9197
2024-10-01 04:15:00,1727774100000,185.8,185.8,185.55,185.57,5963.0,185.6919
2024-10-01 04:30:00,1727775000000,185.81,185.81,185.74,185.74,940.0,185.7771
2024-10-01 05:00:00,1727776800000,185.73,185.8,185.73,185.8,406.0,185.7631
2024-10-01 05:15:00,1727777700000,185.79,185.8,185.79,185.8,9085.0,185.7984
2024-10-01 05:30:00,1727778600000,185.8,186.0,185.8,185.99,2652.0,185.931
2024-10-01 05:45:00,1727779500000,186.0,186.15,185.9,186.15,6282.0,185.9649
2024-10-01 06:00:00,1727780400000,186.04,186.2,185.85,185.89,14314.0,186.0346
2024-10-01 06:15:00,1727781300000,185.89,186.05,185.7,185.79,21938.0,185.8803
2024-10-01 06:30:00,1727782200000,185.85,185.85,185.49,185.7,19037.0,185.6228
2024-10-01 06:45:00,1727783100000,185.66,185.77,185.6,185.77,9437.0,185.7115
2024-10-01 07:00:00,1727784000000,185.89,186.39,185.59,185.83,69169.0,185.8825
2024-10-01 07:15:00,1727784900000,185.8,186.33,185.52,185.7,115028.0,186.1643
2024-10-01 07:30:00,1727785800000,185.52,185.7,185.3,185.69,21514.0,185.5296
2024-10-01 07:45:00,1727786700000,185.5642,185.9,185.5642,185.9,31705.0,185.7553
2024-10-01 08:00:00,1727787600000,185.8999,185.99,185.49,185.49,40351.0,185.6875
2024-10-01 08:15:00,1727788500000,185.49,185.5,184.82,184.9,119832.0,185.1327
2024-10-01 08:30:00,1727789400000,184.9,184.99,183.4519,184.5,3828071.0,184.2964
2024-10-01 08:45:00,1727790300000,184.5,184.6499,183.46,184.295,1952702.0,184.0267
2024-10-01 09:00:00,1727791200000,184.28,184.735,183.52,184.0,1988336.0,184.0879
2024-10-01 09:15:00,1727792100000,184.01,184.3298,183.6,184.0299,1417682.0,183.8963
2024-10-01 09:30:00,1727793000000,184.0077,184.08,183.55,183.81,1280560.0,183.8161
2024-10-01 09:45:00,1727793900000,183.81,184.1,183.6,183.68,1004451.0,183.7915
2024-10-01 10:00:00,1727794800000,183.6813,183.91,183.5,183.67,994339.0,183.6528
2024-10-01 10:15:00,1727795700000,183.675,184.01,183.595,183.9427,922503.0,183.7708
2024-10-01 10:30:00,1727796600000,183.935,185.04,183.77,184.76,980305.0,184.4401
2024-10-01 10:45:00,1727797500000,184.76,184.93,184.515,184.525,569624.0,184.7245
2024-10-01 11:00:00,1727798400000,184.51,185.1793,184.33,184.7849,763161.0,184.7877
2024-10-01 11:15:00,1727799300000,184.8,185.1305,184.8,184.98,740515.0,184.9744
2024-10-01 11:30:00,1727800200000,184.98,185.1,184.21,184.27,748034.0,184.6605
2024-10-01 11:45:00,1727801100000,184.29,184.845,183.91,184.73,766786.0,184.3356
2024-10-01 12:00:00,1727802000000,184.7,184.72,184.1,184.15,774519.0,184.3811
2024-10-01 12:15:00,1727802900000,184.13,184.22,183.92,184.04,641127.0,184.0411
2024-10-01 12:30:00,1727803800000,184.03,185.03,183.97,184.975,676803.0,184.5452
2024-10-01 12:45:00,1727804700000,184.975,185.6871,184.91,185.67,981973.0,185.1636
2024-10-01 13:00:00,1727805600000,185.65,185.99,185.54,185.793,733655.0,185.7728
2024-10-01 13:15:00,1727806500000,185.78,186.1213,185.78,185.95,618687.0,185.9636
2024-10-01 13:30:00,1727807400000,185.9463,186.19,185.72,185.915,627365.0,185.933
2024-10-01 13:45:00,1727808300000,185.91,186.04,185.65,185.795,607277.0,185.8445
2024-10-01 14:00:00,1727809200000,185.78,185.97,185.59,185.67,620642.0,185.7873
2024-10-01 14:15:00,1727810100000,185.66,185.95,185.575,185.84,590549.0,185.7913
2024-10-01 14:30:00,1727811000000,185.82,185.8299,185.495,185.635,975347.0,185.6741
2024-10-01 14:45:00,1727811900000,185.6301,185.69,185.0007,185.14,2052377.0,185.2908
2024-10-01 15:00:00,1727812800000,185.13,185.5702,185.1,185.13,422076.0,185.1447
2024-10-01 15:15:00,1727813700000,185.1201,185.14,184.89,184.9,31228.0,185.0212
2024-10-01 15:30:00,1727814600000,184.9,184.9,184.7114,184.81,13264.0,184.8127
2024-10-01 15:45:00,1727815500000,184.775,185.13,184.62,184.633,53879.0,185.0234
2024-10-01 16:00:00,1727816400000,184.69,185.13,184.63,184.6408,52744.0,185.0503
2024-10-01 16:15:00,1727817300000,184.637,185.13,184.6366,184.72,13546.0,184.8637
2024-10-01 16:30:00,1727818200000,184.75,184.8,184.74,184.8,3913.0,184.7484
2024-10-01 16:45:00,1727819100000,184.65,184.77,184.62,184.77,6849.0,184.6688
2024-10-01 17:00:00,1727820000000,184.85,184.95,184.41,184.5,15557.0,184.6772
2024-10-01 17:15:00,1727820900000,184.4501,184.5897,184.45,184.5,4176.0,184.5045
2024-10-01 17:30:00,1727821800000,184.5,184.59,184.43,184.43,2886.0,184.4924
2024-10-01 17:45:00,1727822700000,184.4319,184.48,184.42,184.42,2146.0,184.4459
2024-10-01 18:00:00,1727823600000,184.45,184.5,184.43,184.43,1827.0,184.4807
2024-10-01 18:15:00,1727824500000,184.5,184.58,184.45,184.45,3119.0,184.5082
2024-10-01 18:30:00,1727825400000,184.45,184.5869,184.4,184.45,9473.0,184.4978
2024-10-01 18:45:00,1727826300000,184.45,184.77,184.22,184.3,15561.0,184.4143
2024-10-02 03:00:00,1727856000000,184.65,185.0,184.57,184.74,8944.0,184.7488
2024-10-02 03:15:00,1727856900000,184.75,184.75,184.75,184.75,266.0,184.7506
2024-10-02 03:30:00,1727857800000,184.73,184.79,184.73,184.79,855.0,184.7508
2024-10-02 03:45:00,1727858700000,184.81,184.81,184.72,184.72,883.0,184.7656
2024-10-02 04:00:00,1727859600000,184.69,184.69,184.44,184.59,4486.0,184.5492
2024-10-02 04:15:00,1727860500000,184.48,184.48,184.48,184.48,959.0,184.4885
2024-10-02 04:30:00,1727861400000,184.8,184.8,184.75,184.75,981.0,184.7539
2024-10-02 04:45:00,1727862300000,184.58,184.58,184.44,184.44,3663.0,184.5224
2024-10-02 05:00:00,1727863200000,184.24,184.3,184.13,184.16,2636.0,184.2244
2024-10-02 05:15:00,1727864100000,184.2,184.79,184.2,184.79,3150.0,184.6886
2024-10-02 05:30:00,1727865000000,184.8,185.0,184.75,184.76,7112.0,184.932
2024-10-02 05:45:00,1727865900000,184.66,184.75,184.58,184.75,5193.0,184.708
2024-10-02 06:00:00,1727866800000,184.66,184.76,184.53,184.76,7667.0,184.6694
2024-10-02 06:15:00,1727867700000,184.61,184.7,184.0,184.6,11887.0,184.4929
2024-10-02 06:30:00,1727868600000,184.71,184.71,184.71,184.71,820.0,184.6721
2024-10-02 06:45:00,1727869500000,184.71,184.71,184.59,184.6,1447.0,184.6526
2024-10-02 07:00:00,1727870400000,184.39,184.81,184.33,184.54,216795.0,185.0465
2024-10-02 07:15:00,1727871300000,184.6,184.86,184.44,184.44,12542.0,184.5874
2024-10-02 07:30:00,1727872200000,184.58,185.24,184.55,185.1,20393.0,184.8384
2024-10-02 07:45:00,1727873100000,185.23,185.4362,184.96,185.1295,35402.0,185.0518
2024-10-02 08:00:00,1727874000000,185.01,185.25,184.78,185.0109,39187.0,185.0019
2024-10-02 08:15:00,1727874900000,184.9575,185.12,184.3,184.36,47155.0,184.6526
2024-10-02 08:30:00,1727875800000,184.44,185.71,184.05,184.3909,1902003.0,184.8119
2024-10-02 08:45:00,1727876700000,184.4,184.74,184.04,184.56,1272461.0,184.4364
2024-10-02 09:00:00,1727877600000,184.55,184.7346,184.25,184.63,735183.0,184.4864
2024-10-02 09:15:00,1727878500000,184.62,185.2037,184.34,185.17,853035.0,184.706
2024-10-02 09:30:00,1727879400000,185.17,185.295,184.78,184.78,731578.0,185.1059
2024-10-02 09:45:00,1727880300000,184.78,185.39,184.69,185.055,619458.0,185.0672
2024-10-02 10:00:00,1727881200000,185.06,185.88,184.9601,185.88,681491.0,185.447
2024-10-02 10:15:00,1727882100000,185.89,186.6,185.86,186.06,1064765.0,186.2021
2024-10-02 10:30:00,1727883000000,186.08,186.18,185.6391,185.7685,555584.0,185.9193
2024-10-02 10:45:00,1727883900000,185.7658,186.29,185.705,186.16,539874.0,185.9823
2024-10-02 11:00:00,1727884800000,186.175,186.5002,186.1542,186.38,413829.0,186.3504
2024-10-02 11:15:00,1727885700000,186.37,186.3999,185.815,186.075,471950.0,186.1212
2024-10-02 11:30:00,1727886600000,186.09,186.168,185.8201,186.015,380043.0,186.0166
2024-10-02 11:45:00,1727887500000,186.015,186.0675,185.32,185.35,461291.0,185.7443
2024-10-02 12:00:00,1727888400000,185.34,185.56,185.145,185.25,520672.0,185.4018
2024-10-02 12:15:00,1727889300000,185.23,185.24,184.85,185.18,554701.0,185.0718
2024-10-02 12:30:00,1727890200000,185.17,185.2192,184.7,185.01,514591.0,184.9675
2024-10-02 12:45:00,1727891100000,185.0,185.43,184.95,185.41,436548.0,185.2414
2024-10-02 13:00:00,1727892000000,185.4,185.605,185.33,185.5401,466682.0,185.4803
2024-10-02 13:15:00,1727892900000,185.54,185.7499,185.17,185.44,486519.0,185.5684
2024-10-02 13:30:00,1727893800000,185.42,185.59,185.2775,185.54,438122.0,185.4755
2024-10-02 13:45:00,1727894700000,185.535,185.5775,185.3,185.4517,415757.0,185.446
2024-10-02 14:00:00,1727895600000,185.455,185.4637,185.305,185.455,354964.0,185.3758
2024-10-02 14:15:00,1727896500000,185.46,185.51,185.324,185.42,454201.0,185.4158
2024-10-02 14:30:00,1727897400000,185.42,185.5961,185.35,185.425,637317.0,185.4527
2024-10-02 14:45:00,1727898300000,185.42,185.51,184.68,184.77,2134742.0,184.95
2024-10-02 15:00:00,1727899200000,184.76,185.14,184.72,185.14,561739.0,184.7678
2024-10-02 15:15:00,1727900100000,185.12,185.12,184.76,185.04,71457.0,184.7898
2024-10-02 15:30:00,1727901000000,185.02,185.08,185.0,185.07,6974.0,185.0217
2024-10-02 15:45:00,1727901900000,185.002,185.08,185.002,185.02,8024.0,185.059
2024-10-02 16:00:00,1727902800000,185.0107,185.13,185.0107,185.08,2371.0,185.083
2024-10-02 16:15:00,1727903700000,185.07,185.07,184.82,184.84,12533.0,184.7428
2024-10-02 16:30:00,1727904600000,184.95,185.0,184.76,184.76,47345.0,184.7705
2024-10-02 16:45:00,1727905500000,184.8466,184.9,184.81,184.85,4223.0,184.8566
2024-10-02 17:00:00,1727906400000,184.88,185.0,184.76,185.0,12891.0,184.8659
2024-10-02 17:15:00,1727907300000,184.85,185.0,184.84,185.0,1284.0,184.8727
2024-10-02 17:30:00,1727908200000,184.86,184.999,184.8503,184.95,2687.0,184.9291
2024-10-02 17:45:00,1727909100000,184.8791,184.9,184.8791,184.9,1721.0,184.8932
2024-10-02 18:00:00,1727910000000,184.9873,184.9899,184.82,184.82,2472.0,184.8889
2024-10-02 18:15:00,1727910900000,184.85,184.9625,184.81,184.87,1070.0,184.8593
2024-10-02 18:30:00,1727911800000,184.9499,184.9499,184.8303,184.86,3782.0,184.88
2024-10-02 18:45:00,1727912700000,184.88,184.98,184.88,184.9683,5181.0,184.9244
2024-10-03 03:00:00,1727942400000,184.05,184.05,183.7,183.79,10468.0,183.8285
2024-10-03 03:15:00,1727943300000,183.75,183.75,183.72,183.72,746.0,183.7278
2024-10-03 03:45:00,1727945100000,183.7,183.75,183.48,183.48,6301.0,183.5906
2024-10-03 04:00:00,1727946000000,183.5,183.6,183.5,183.6,866.0,183.5571
2024-10-03 04:15:00,1727946900000,183.73,183.73,183.73,183.73,139.0,183.73
2024-10-03 04:30:00,1727947800000,183.78,183.79,183.71,183.71,1832.0,183.7564
2024-10-03 04:45:00,1727948700000,183.79,183.79,183.5,183.59,5607.0,183.5953
2024-10-03 05:00:00,1727949600000,183.6,183.6,183.6,183.6,1288.0,183.6
2024-10-03 05:15:00,1727950500000,183.71,183.73,183.65,183.65,1170.0,183.697
2024-10-03 05:30:00,1727951400000,183.61,183.61,183.51,183.51,1973.0,183.5398
2024-10-03 05:45:00,1727952300000,183.58,183.69,183.5,183.68,2305.0,183.6306
2024-10-03 06:00:00,1727953200000,183.69,184.1,183.69,183.8,12379.0,183.8503
2024-10-03 06:15:00,1727954100000,183.8,183.8,183.69,183.69,6024.0,183.7325
2024-10-03 06:30:00,1727955000000,183.71,184.25,183.71,184.25,6872.0,184.0994
2024-10-03 06:45:00,1727955900000,184.23,184.34,184.18,184.18,8542.0,184.27
2024-10-03 07:00:00,1727956800000,183.74,184.35,183.3,184.02,45246.0,184.0208
2024-10-03 07:15:00,1727957700000,184.12,184.366,183.914,184.0718,20321.0,184.1023
2024-10-03 07:30:00,1727958600000,184.06,184.4773,183.47,183.7504,34377.0,183.8923
2024-10-03 07:45:00,1727959500000,183.8,183.85,183.12,183.247,51254.0,183.5419
2024-10-03 08:00:00,1727960400000,183.24,183.445,183.18,183.27,51980.0,183.278
2024-10-03 08:15:00,1727961300000,183.2513,183.45,182.63,183.01,67137.0,183.0649
2024-10-03 08:30:00,1727962200000,183.045,183.13,180.875,182.955,3531766.0,182.2452
2024-10-03 08:45:00,1727963100000,182.97,183.4132,182.5606,182.65,1336463.0,182.9312
2024-10-03 09:00:00,1727964000000,182.645,183.44,182.05,182.38,1697670.0,183.0363
2024-10-03 09:15:00,1727964900000,182.41,182.56,181.05,181.3998,1582800.0,181.7341
2024-10-03 09:30:00,1727965800000,181.38,182.06,180.93,181.12,1293168.0,181.4598
2024-10-03 09:45:00,1727966700000,181.135,182.27,181.01,181.3727,1068238.0,181.6917
2024-10-03 10:00:00,1727967600000,181.365,182.08,181.33,181.9699,591134.0,181.7308
2024-10-03 10:15:00,1727968500000,181.9688,182.35,181.93,182.16,621349.0,182.1096
2024-10-03 10:30:00,1727969400000,182.14,182.61,182.12,182.4701,745889.0,182.3142
2024-10-03 10:45:00,1727970300000,182.46,182.9099,182.43,182.655,525043.0,182.7122
2024-10-03 11:00:00,1727971200000,182.68,182.75,182.45,182.655,439360.0,182.6082
2024-10-03 11:15:00,1727972100000,182.65,183.1492,182.62,182.98,712589.0,182.9017
2024-10-03 11:30:00,1727973000000,182.995,183.0,182.46,182.585,569726.0,182.7807
2024-10-03 11:45:00,1727973900000,182.585,182.585,181.86,182.15,780631.0,182.1974
2024-10-03 12:00:00,1727974800000,182.15,182.25,181.81,182.01,579936.0,182.0407
2024-10-03 12:15:00,1727975700000,182.02,182.58,181.99,182.14,662894.0,182.2339
2024-10-03 12:30:00,1727976600000,182.14,182.59,182.05,182.36,488765.0,182.3441
2024-10-03 12:45:00,1727977500000,182.35,182.5999,182.24,182.54,375118.0,182.4235
2024-10-03 13:00:00,1727978400000,182.55,182.57,182.2,182.2599,475792.0,182.3755
2024-10-03 13:15:00,1727979300000,182.27,182.36,181.9823,182.125,374024.0,182.2067
2024-10-03 13:30:00,1727980200000,182.12,182.33,182.045,182.24,426844.0,182.1842
2024-10-03 13:45:00,1727981100000,182.24,182.3278,181.96,181.97,497193.0,182.1471
2024-10-03 14:00:00,1727982000000,181.98,182.05,181.78,181.9754,653129.0,181.9302
2024-10-03 14:15:00,1727982900000,181.98,182.35,181.91,182.1897,671164.0,182.1465
2024-10-03 14:30:00,1727983800000,182.1858,182.26,181.81,181.82,839361.0,182.0955
2024-10-03 14:45:00,1727984700000,181.8,182.25,181.41,181.98,2843277.0,181.8616
2024-10-03 15:00:00,1727985600000,181.96,182.16,181.87,182.04,573796.0,181.9713
2024-10-03 15:15:00,1727986500000,182.024,182.1,181.96,181.979,16593.0,182.0448
2024-10-03 15:30:00,1727987400000,181.98,182.15,181.94,181.94,666701.0,181.9619
2024-10-03 15:45:00,1727988300000,181.93,182.09,181.93,181.9348,88221.0,181.9774
2024-10-03 16:00:00,1727989200000,181.97,182.1,181.96,182.0324,5252.0,182.0327
2024-10-03 16:15:00,1727990100000,182.1,182.1,181.96,182.07,62161.0,181.9749
2024-10-03 16:30:00,1727991000000,182.0975,182.0975,181.95,181.99,4540.0,181.3394
2024-10-03 16:45:00,1727991900000,181.99,182.1,181.99,182.1,3510.0,181.873
2024-10-03 17:00:00,1727992800000,182.1,182.1,181.93,181.9584,19513.0,182.0265
2024-10-03 17:15:00,1727993700000,181.91,182.05,181.8985,182.05,5269.0,181.9447
2024-10-03 17:30:00,1727994600000,182.05,182.3788,182.0,182.3788,51168.0,182.0819
2024-10-03 17:45:00,1727995500000,182.39,183.44,182.39,183.42,104751.0,183.0859
2024-10-03 18:00:00,1727996400000,183.4035,183.75,183.23,183.6825,60071.0,183.4315
2024-10-03 18:15:00,1727997300000,183.73,183.95,183.61,183.83,55263.0,183.7994
2024-10-03 18:30:00,1727998200000,183.8,184.1905,183.8,184.167,59363.0,183.994
2024-10-03 18:45:00,1727999100000,184.164,184.45,184.0,184.07,45187.0,184.1042
2024-10-04 03:00:00,1728028800000,184.3,184.6,184.0,184.18,15714.0,184.2286
2024-10-04 03:15:00,1728029700000,184.18,184.6,184.18,184.6,4424.0,184.4319
2024-10-04 03:30:00,1728030600000,184.58,184.58,184.3,184.3,1816.0,184.4216
2024-10-04 03:45:00,1728031500000,184.43,184.52,184.22,184.31,4665.0,184.3453
2024-10-04 04:00:00,1728032400000,184.42,184.55,184.42,184.55,1080.0,184.5076
2024-10-04 04:15:00,1728033300000,184.45,184.61,184.45,184.6,4899.0,184.543
2024-10-04 04:30:00,1728034200000,184.69,184.74,184.69,184.74,2511.0,184.7167
2024-10-04 04:45:00,1728035100000,184.7,184.83,184.69,184.8,4001.0,184.7616
2024-10-04 05:00:00,1728036000000,184.85,184.96,184.81,184.9,9589.0,184.8791
2024-10-04 05:15:00,1728036900000,184.92,185.21,184.91,185.2,9305.0,185.0638
2024-10-04 05:30:00,1728037800000,185.35,185.61,185.26,185.5,9561.0,185.4703
2024-10-04 05:45:00,1728038700000,185.31,185.37,185.15,185.25,9046.0,185.2236
2024-10-04 06:00:00,1728039600000,185.3,185.4,184.94,185.0,60540.0,185.2398
2024-10-04 06:15:00,1728040500000,184.92,185.15,184.92,185.0,16824.0,185.0119
2024-10-04 06:30:00,1728041400000,185.03,185.08,184.8,184.8,17163.0,184.9235
2024-10-04 06:45:00,1728042300000,184.71,185.0,184.53,184.65,15437.0,184.7864
2024-10-04 07:00:00,1728043200000,185.3,185.3058,183.8,184.59,160080.0,184.8939
2024-10-04 07:15:00,1728044100000,184.6,184.6,184.3,184.47,39468.0,184.4687
2024-10-04 07:30:00,1728045000000,184.5,185.9,184.3925,185.8,218664.0,185.4172
2024-10-04 07:45:00,1728045900000,185.8383,186.57,185.6404,186.45,238577.0,186.2055
2024-10-04 08:00:00,1728046800000,186.45,186.65,186.08,186.2801,171517.0,186.4625
2024-10-04 08:15:00,1728047700000,186.31,186.74,185.59,185.74,320167.0,184.8683
2024-10-04 08:30:00,1728048600000,185.75,187.54,185.64,186.9501,4283018.0,186.5663
2024-10-04 08:45:00,1728049500000,186.96,187.6,185.66,185.845,2089952.0,186.7663
2024-10-04 09:00:00,1728050400000,185.84,185.865,184.405,184.71,2601193.0,185.1841
2024-10-04 09:15:00,1728051300000,184.7,185.1,184.18,184.22,1612849.0,184.6616
2024-10-04 09:30:00,1728052200000,184.23,184.96,184.09,184.76,1227354.0,184.4984
2024-10-04 09:45:00,1728053100000,184.74,185.128,184.55,184.95,1030157.0,184.8455
2024-10-04 10:00:00,1728054000000,184.95,185.33,184.44,184.45,846309.0,185.0003
2024-10-04 10:15:00,1728054900000,184.455,184.5199,183.69,183.84,1072864.0,184.073
2024-10-04 10:30:00,1728055800000,183.81,184.28,183.6,184.095,802452.0,183.9083
2024-10-04 10:45:00,1728056700000,184.105,184.818,183.96,184.8001,732663.0,184.4537
2024-10-04 11:00:00,1728057600000,184.83,184.9,184.35,184.41,714126.0,184.6708
2024-10-04 11:15:00,1728058500000,184.42,185.08,184.34,185.06,727240.0,184.783
2024-10-04 11:30:00,1728059400000,185.065,185.93,185.0001,185.8699,818115.0,185.4427
2024-10-04 11:45:00,1728060300000,185.86,185.99,185.56,185.59,736354.0,185.831
2024-10-04 12:00:00,1728061200000,185.585,185.64,185.3201,185.64,533170.0,185.4538
2024-10-04 12:15:00,1728062100000,185.6499,185.7911,185.3201,185.35,512436.0,185.5986
2024-10-04 12:30:00,1728063000000,185.36,185.49,184.766,185.4676,709133.0,185.201
2024-10-04 12:45:00,1728063900000,185.45,185.48,184.82,184.86,425302.0,185.1918
2024-10-04 13:00:00,1728064800000,184.88,184.98,184.58,184.73,442562.0,184.8208
2024-10-04 13:15:00,1728065700000,184.73,185.02,184.53,184.985,638486.0,184.8387
2024-10-04 13:30:00,1728066600000,184.98,185.095,184.77,184.8867,579208.0,184.8902
2024-10-04 13:45:00,1728067500000,184.89,185.24,184.885,185.1133,482443.0,185.0546
2024-10-04 14:00:00,1728068400000,185.11,185.325,185.06,185.275,554011.0,185.1949
2024-10-04 14:15:00,1728069300000,185.275,185.62,185.22,185.535,712166.0,185.4104
2024-10-04 14:30:00,1728070200000,185.52,186.09,185.46,186.05,1181187.0,185.8896
2024-10-04 14:45:00,1728071100000,186.06,186.57,185.51,186.52,3112847.0,186.2212
2024-10-04 15:00:00,1728072000000,186.51,186.51,186.26,186.4,1637056.0,186.5074
2024-10-04 15:15:00,1728072900000,186.398,186.51,186.29,186.35,26379.0,186.3846
2024-10-04 15:30:00,1728073800000,186.35,186.36,186.18,186.18,11109.0,186.2568
2024-10-04 15:45:00,1728074700000,186.1514,186.51,186.06,186.09,11511.0,186.0242
2024-10-04 16:00:00,1728075600000,186.09,186.12,186.07,186.07,4981.0,185.4431
2024-10-04 16:15:00,1728076500000,186.1,186.1483,186.0721,186.096,4615.0,186.1239
2024-10-04 16:30:00,1728077400000,186.16,186.21,186.1,186.2,7026.0,186.171
2024-10-04 16:45:00,1728078300000,186.1503,186.21,186.12,186.15,3102.0,186.1511
2024-10-04 17:00:00,1728079200000,186.1501,186.2285,186.15,186.21,4793.0,186.1896
2024-10-04 17:15:00,1728080100000,186.22,186.2499,186.18,186.2499,968.0,186.2049
2024-10-04 17:30:00,1728081000000,186.198,186.2271,186.16,186.2271,3367.0,186.1818
2024-10-04 17:45:00,1728081900000,186.27,186.27,186.27,186.27,256.0,186.2641
2024-10-04 18:00:00,1728082800000,186.2,186.27,186.14,186.14,3231.0,186.2026
2024-10-04 18:15:00,1728083700000,186.1955,186.1969,186.11,186.14,1785.0,186.1491
2024-10-04 18:30:00,1728084600000,186.06,186.177,186.06,186.1467,3894.0,186.1077
2024-10-04 18:45:00,1728085500000,186.1,186.15,186.011,186.088,10841.0,185.9857
2024-10-07 03:00:00,1728288000000,186.39,186.66,185.3,185.75,6451.0,185.9282
2024-10-07 03:15:00,1728288900000,185.69,185.72,185.62,185.62,1621.0,185.6431
2024-10-07 03:30:00,1728289800000,185.62,185.75,185.62,185.72,3595.0,185.6791
2024-10-07 03:45:00,1728290700000,185.7,185.71,185.7,185.7,2879.0,185.7021
2024-10-07 04:00:00,1728291600000,185.7,185.73,182.8,183.28,111282.0,183.8689
2024-10-07 04:15:00,1728292500000,183.18,183.22,182.5,182.5,38737.0,182.8987
2024-10-07 04:30:00,1728293400000,182.47,182.75,182.3,182.75,20741.0,182.5236
2024-10-07 04:45:00,1728294300000,182.75,183.3,182.72,183.25,21652.0,183.0951
2024-10-07 05:00:00,1728295200000,183.39,183.45,183.0,183.01,11014.0,183.2339
2024-10-07 05:15:00,1728296100000,183.28,183.44,183.28,183.4,14274.0,183.358
2024-10-07 05:30:00,1728297000000,183.39,183.46,183.24,183.25,5101.0,183.2931
2024-10-07 05:45:00,1728297900000,183.3,183.3,183.15,183.2,3407.0,183.1863
2024-10-07 06:00:00,1728298800000,183.31,183.58,182.75,183.19,61983.0,183.1666
2024-10-07 06:15:00,1728299700000,183.2,183.22,183.11,183.17,11758.0,183.1655
2024-10-07 06:30:00,1728300600000,183.11,183.22,183.0,183.21,25248.0,183.0626
2024-10-07 06:45:00,1728301500000,183.18,183.65,183.18,183.4,27375.0,183.49
2024-10-07 07:00:00,1728302400000,183.16,186.67,182.8679,183.7708,273352.0,184.5299
2024-10-07 07:15:00,1728303300000,183.87,183.87,183.5001,183.74,53200.0,183.7434
2024-10-07 07:30:00,1728304200000,183.83,184.0,183.645,184.0,79604.0,183.8632
2024-10-07 07:45:00,1728305100000,183.98,184.0,183.66,183.68,40953.0,183.8151
2024-10-07 08:00:00,1728306000000,183.69,184.51,183.68,184.27,86952.0,184.1689
2024-10-07 08:15:00,1728306900000,184.26,184.26,182.55,182.9,245582.0,183.4455
2024-10-07 08:30:00,1728307800000,182.95,183.6,181.1,181.19,5075441.0,182.2442
2024-10-07 08:45:00,1728308700000,181.2,181.25,180.5633,180.72,3800889.0,180.9601
2024-10-07 09:00:00,1728309600000,180.71,181.535,180.6545,181.45,2655182.0,181.112
2024-10-07 09:15:00,1728310500000,181.44,181.677,180.95,181.63,1835223.0,181.3323
2024-10-07 09:30:00,1728311400000,181.6554,181.762,181.34,181.49,1182047.0,181.5915
2024-10-07 09:45:00,1728312300000,181.5,181.985,181.49,181.72,1086887.0,181.8036
2024-10-07 10:00:00,1728313200000,181.71,181.74,181.24,181.53,854572.0,181.4785
2024-10-07 10:15:00,1728314100000,181.53,181.87,181.53,181.75,859269.0,181.7081
2024-10-07 10:30:00,1728315000000,181.755,181.97,181.42,181.455,768069.0,181.715
2024-10-07 10:45:00,1728315900000,181.47,181.62,181.28,181.5562,681015.0,181.4622
2024-10-07 11:00:00,1728316800000,181.555,181.63,181.21,181.445,914343.0,181.3928
2024-10-07 11:15:00,1728317700000,181.44,181.6,181.07,181.13,826892.0,181.3931
2024-10-07 11:30:00,1728318600000,181.135,181.34,180.95,181.21,1042369.0,181.1754
2024-10-07 11:45:00,1728319500000,181.21,181.43,181.17,181.3601,448488.0,181.291
2024-10-07 12:00:00,1728320400000,181.3686,181.6799,181.3386,181.4472,582764.0,181.5545
2024-10-07 12:15:00,1728321300000,181.46,181.48,181.14,181.16,534224.0,181.2932
2024-10-07 12:30:00,1728322200000,181.17,181.325,181.06,181.2,436932.0,181.2045
2024-10-07 12:45:00,1728323100000,181.195,181.5,181.06,181.4896,539896.0,181.265
2024-10-07 13:00:00,1728324000000,181.484,181.52,181.1,181.12,605258.0,181.254
2024-10-07 13:15:00,1728324900000,181.13,181.36,181.01,181.2,626437.0,181.1946
2024-10-07 13:30:00,1728325800000,181.2,181.2,180.63,180.85,1143668.0,180.9042
2024-10-07 13:45:00,1728326700000,180.87,180.9184,180.25,180.31,1467545.0,180.5258
2024-10-07 14:00:00,1728327600000,180.315,180.87,180.28,180.825,903108.0,180.6309
2024-10-07 14:15:00,1728328500000,180.825,181.01,180.73,180.8013,769217.0,180.8536
2024-10-07 14:30:00,1728329400000,180.81,180.86,180.374,180.41,1138677.0,180.568
2024-10-07 14:45:00,1728330300000,180.42,181.09,180.27,180.88,2576314.0,180.7373
2024-10-07 15:00:00,1728331200000,180.8,180.9,180.7,180.79,970456.0,180.8006
2024-10-07 15:15:00,1728332100000,180.79,180.923,180.7899,180.8515,21976.0,180.8683
2024-10-07 15:30:00,1728333000000,180.9,180.94,180.86,180.9,144674.0,180.8173
2024-10-07 15:45:00,1728333900000,180.88,180.93,180.8,180.8848,498121.0,180.8016
2024-10-07 16:00:00,1728334800000,180.8,180.91,180.8,180.89,17369.0,181.1131
2024-10-07 16:15:00,1728335700000,180.89,180.92,180.85,180.85,13825.0,180.8907
2024-10-07 16:30:00,1728336600000,180.8501,180.87,180.82,180.85,10140.0,180.4713
2024-10-07 16:45:00,1728337500000,180.85,180.85,180.8117,180.85,11698.0,180.8381
2024-10-07 17:00:00,1728338400000,180.85,180.94,180.84,180.89,38907.0,180.8678
2024-10-07 17:15:00,1728339300000,180.9,180.9471,180.84,180.94,9991.0,180.8888
2024-10-07 17:30:00,1728340200000,180.9,180.9,180.51,180.8,23088.0,180.7331
2024-10-07 17:45:00,1728341100000,180.7,180.7777,180.5,180.66,16069.0,180.5981
2024-10-07 18:00:00,1728342000000,180.5043,180.8,180.5043,180.65,13347.0,180.6737
2024-10-07 18:15:00,1728342900000,180.6,180.75,180.6,180.63,6290.0,180.6559
2024-10-07 18:30:00,1728343800000,180.61,180.7376,180.6,180.6,7272.0,180.655
2024-10-07 18:45:00,1728344700000,180.5471,180.74,180.5,180.51,24571.0,180.5812
2024-10-08 03:00:00,1728374400000,180.91,181.06,180.75,181.06,9854.0,180.9081
2024-10-08 03:15:00,1728375300000,181.01,181.07,180.91,180.91,4856.0,181.0079
2024-10-08 03:30:00,1728376200000,180.89,181.08,180.8,180.8,12307.0,180.9352
2024-10-08 03:45:00,1728377100000,181.05,181.05,181.01,181.05,659.0,181.0393
2024-10-08 04:00:00,1728378000000,181.1,181.59,181.1,181.5,5948.0,181.4484
2024-10-08 04:15:00,1728378900000,181.58,181.8,181.58,181.75,7721.0,181.688
2024-10-08 04:30:00,1728379800000,181.75,181.77,181.66,181.66,11745.0,181.7159
2024-10-08 04:45:00,1728380700000,181.75,181.85,181.75,181.79,2691.0,181.7808
2024-10-08 05:00:00,1728381600000,181.78,181.78,181.76,181.76,606.0,181.7643
2024-10-08 05:15:00,1728382500000,181.8,181.8,181.75,181.78,1737.0,181.7576
2024-10-08 05:30:00,1728383400000,181.82,182.12,181.78,181.96,9753.0,181.9321
2024-10-08 05:45:00,1728384300000,181.95,182.08,181.91,182.01,5744.0,182.0038
2024-10-08 06:00:00,1728385200000,182.0,182.04,181.71,181.91,41024.0,181.9211
2024-10-08 06:15:00,1728386100000,181.92,182.06,181.88,181.93,35012.0,181.9916
2024-10-08 06:30:00,1728387000000,181.96,182.07,181.95,181.95,14884.0,182.0301
2024-10-08 06:45:00,1728387900000,181.95,181.95,181.92,181.93,3043.0,181.9347
2024-10-08 07:00:00,1728388800000,181.8,182.0782,180.5,181.881,144902.0,181.8699
2024-10-08 07:15:00,1728389700000,181.9,181.9,181.6366,181.74,27991.0,181.8246
2024-10-08 07:30:00,1728390600000,181.61,181.73,181.54,181.65,47974.0,181.6689
2024-10-08 07:45:00,1728391500000,181.65,181.68,181.4,181.47,28943.0,181.5521
2024-10-08 08:00:00,1728392400000,181.49,181.73,181.47,181.65,25666.0,181.5749
2024-10-08 08:15:00,1728393300000,181.61,182.01,181.36,182.0,49018.0,181.7291
2024-10-08 08:30:00,1728394200000,181.915,182.46,180.92,182.13,2681475.0,181.9228
2024-10-08 08:45:00,1728395100000,182.115,182.71,181.64,182.46,1661943.0,182.2825
2024-10-08 09:00:00,1728396000000,182.47,182.7617,181.97,182.16,1164140.0,182.3194
2024-10-08 09:15:00,1728396900000,182.16,182.34,181.98,182.14,802581.0,182.1669
2024-10-08 09:30:00,1728397800000,182.12,182.66,181.7,182.64,1056040.0,182.1888
2024-10-08 09:45:00,1728398700000,182.63,183.09,182.54,182.71,1061666.0,182.8277
2024-10-08 10:00:00,1728399600000,182.72,183.04,182.41,182.49,689438.0,182.7689
2024-10-08 10:15:00,1728400500000,182.49,182.82,182.38,182.67,528866.0,182.6145
2024-10-08 10:30:00,1728401400000,182.67,182.775,182.4,182.4148,474376.0,182.5505
2024-10-08 10:45:00,1728402300000,182.415,182.54,182.26,182.53,481254.0,182.4441
2024-10-08 11:00:00,1728403200000,182.53,182.54,181.62,181.98,911017.0,181.9776
2024-10-08 11:15:00,1728404100000,181.985,182.1246,181.92,182.03,397020.0,182.0207
2024-10-08 11:30:00,1728405000000,182.04,182.08,181.81,181.92,365896.0,181.9442
2024-10-08 11:45:00,1728405900000,181.92,182.05,181.745,182.0101,336409.0,181.9072
2024-10-08 12:00:00,1728406800000,182.02,182.08,181.2801,181.57,556784.0,181.5847
2024-10-08 12:15:00,1728407700000,181.5501,181.74,181.4,181.69,496407.0,181.5565
2024-10-08 12:30:00,1728408600000,181.69,181.8,181.585,181.74,315911.0,181.6936
2024-10-08 12:45:00,1728409500000,181.74,182.0,181.6003,181.99,352584.0,181.7765
2024-10-08 13:00:00,1728410400000,181.99,182.03,181.84,181.8901,356355.0,181.9445
2024-10-08 13:15:00,1728411300000,181.891,181.96,181.85,181.955,280937.0,181.9061
2024-10-08 13:30:00,1728412200000,181.96,182.3008,181.8,182.21,513299.0,182.0766
2024-10-08 13:45:00,1728413100000,182.205,182.44,182.175,182.4069,460429.0,182.3071
2024-10-08 14:00:00,1728414000000,182.39,182.4,182.08,182.16,616065.0,182.2142
2024-10-08 14:15:00,1728414900000,182.16,182.435,182.15,182.24,580078.0,182.2814
2024-10-08 14:30:00,1728415800000,182.23,182.6,182.18,182.53,726553.0,182.4393
2024-10-08 14:45:00,1728416700000,182.52,182.97,182.52,182.67,2116646.0,182.7446
2024-10-08 15:00:00,1728417600000,182.72,182.72,182.5,182.62,681921.0,182.7162
2024-10-08 15:15:00,1728418500000,182.65,182.65,182.5501,182.58,8910.0,182.5918
2024-10-08 15:30:00,1728419400000,182.56,182.56,182.42,182.52,10925.0,182.4987
2024-10-08 15:45:00,1728420300000,182.53,182.55,182.46,182.51,6448.0,182.5055
2024-10-08 16:00:00,1728421200000,182.5215,182.5215,182.45,182.45,3428.0,182.4832
2024-10-08 16:15:00,1728422100000,182.45,182.45,182.29,182.4,6620.0,182.3785
2024-10-08 16:30:00,1728423000000,182.41,182.5,182.2802,182.2802,5628.0,182.37
2024-10-08 16:45:00,1728423900000,182.3,182.4977,182.3,182.44,125210.0,182.7018
2024-10-08 17:00:00,1728424800000,182.4,182.4761,182.3096,182.36,3831.0,182.0379
2024-10-08 17:15:00,1728425700000,182.39,182.4,182.28,182.28,5249.0,182.3681
2024-10-08 17:30:00,1728426600000,182.3851,182.3851,182.2145,182.2145,2837.0,182.2923
2024-10-08 17:45:00,1728427500000,182.3,182.5,182.3,182.5,22130.0,182.3996
2024-10-08 18:00:00,1728428400000,182.48,182.4905,182.4,182.4045,2088.0,182.4643
2024-10-08 18:15:00,1728429300000,182.4,182.45,182.3126,182.3797,1431.0,182.3951
2024-10-08 18:30:00,1728430200000,182.31,182.37,182.3,182.3,2186.0,182.3421
2024-10-08 18:45:00,1728431100000,182.2778,182.3895,182.2778,182.3009,4311.0,182.3382
2024-10-09 03:00:00,1728460800000,182.63,182.99,182.61,182.8,13478.0,182.7935
2024-10-09 03:15:00,1728461700000,182.75,182.9,182.75,182.9,5080.0,182.8014
2024-10-09 03:30:00,1728462600000,182.91,183.0,182.9,183.0,4568.0,182.984
2024-10-09 03:45:00,1728463500000,183.12,183.12,183.04,183.06,1859.0,183.0874
2024-10-09 04:00:00,1728464400000,183.15,183.15,183.13,183.13,1031.0,183.1346
2024-10-09 04:15:00,1728465300000,183.05,183.05,183.03,183.03,371.0,183.0411
2024-10-09 04:30:00,1728466200000,183.13,183.13,183.02,183.02,1761.0,183.0867
2024-10-09 05:00:00,1728468000000,183.05,183.19,183.05,183.07,2003.0,183.1146
2024-10-09 05:15:00,1728468900000,183.2,183.22,183.09,183.22,1841.0,183.1923
2024-10-09 05:30:00,1728469800000,183.15,183.2,183.1,183.1,3004.0,183.1401
2024-10-09 05:45:00,1728470700000,183.12,183.28,183.12,183.2,3928.0,183.2268
2024-10-09 06:00:00,1728471600000,183.16,183.69,182.95,183.69,39851.0,183.2298
2024-10-09 06:15:00,1728472500000,183.7,183.9,183.36,183.36,18930.0,183.7232
2024-10-09 06:30:00,1728473400000,183.32,183.38,183.19,183.2,8276.0,183.2598
2024-10-09 06:45:00,1728474300000,183.27,183.27,183.16,183.16,4003.0,183.2138
2024-10-09 07:00:00,1728475200000,183.1,183.9,182.25,183.35,87124.0,183.242
2024-10-09 07:15:00,1728476100000,183.343,183.343,183.03,183.25,82506.0,182.7876
2024-10-09 07:30:00,1728477000000,183.25,183.35,183.14,183.15,22306.0,183.2258
2024-10-09 07:45:00,1728477900000,183.15,183.25,182.9525,183.15,21035.0,183.0895
2024-10-09 08:00:00,1728478800000,183.08,183.3975,183.0725,183.3,15301.0,183.2615
2024-10-09 08:15:00,1728479700000,183.25,183.68,182.8,182.8315,74129.0,183.226
2024-10-09 08:30:00,1728480600000,182.82,183.33,182.05,182.7923,1903460.0,182.7118
2024-10-09 08:45:00,1728481500000,182.795,183.29,182.45,182.65,870742.0,182.8051
2024-10-09 09:00:00,1728482400000,182.62,183.6,182.52,183.456,1080467.0,183.1743
2024-10-09 09:15:00,1728483300000,183.435,183.8,183.27,183.72,1211714.0,183.5803
2024-10-09 09:30:00,1728484200000,183.73,183.83,183.27,183.42,748528.0,183.6217
2024-10-09 09:45:00,1728485100000,183.43,184.07,183.34,183.95,1037353.0,183.804
2024-10-09 10:00:00,1728486000000,183.95,184.36,183.94,184.315,795002.0,184.1716
2024-10-09 10:15:00,1728486900000,184.3113,184.4154,184.0,184.04,837667.0,184.2673
2024-10-09 10:30:00,1728487800000,184.04,184.44,183.82,184.41,791186.0,184.1524
2024-10-09 10:45:00,1728488700000,184.405,184.95,184.39,184.91,786932.0,184.6701
2024-10-09 11:00:00,1728489600000,184.9,184.9024,184.3401,184.35,598984.0,184.6363
2024-10-09 11:15:00,1728490500000,184.34,184.56,184.1399,184.5401,526617.0,184.3952
2024-10-09 11:30:00,1728491400000,184.57,184.63,184.395,184.63,357092.0,184.5241
2024-10-09 11:45:00,1728492300000,184.6207,184.73,184.36,184.42,366822.0,184.5478
2024-10-09 12:00:00,1728493200000,184.43,184.78,184.23,184.76,491529.0,184.4815
2024-10-09 12:15:00,1728494100000,184.765,185.32,184.71,185.2312,884355.0,185.078
2024-10-09 12:30:00,1728495000000,185.2301,185.494,185.03,185.16,611274.0,185.2691
2024-10-09 12:45:00,1728495900000,185.16,185.2451,184.56,185.087,481343.0,185.0023
2024-10-09 13:00:00,1728496800000,185.09,185.18,184.93,185.17,419293.0,185.0515
2024-10-09 13:15:00,1728497700000,185.17,185.48,184.935,185.45,467229.0,185.1856
2024-10-09 13:30:00,1728498600000,185.44,185.49,185.19,185.305,555306.0,185.3104
2024-10-09 13:45:00,1728499500000,185.32,185.5,185.3076,185.38,519891.0,185.4255
2024-10-09 14:00:00,1728500400000,185.38,185.39,184.97,185.23,534214.0,185.2308
2024-10-09 14:15:00,1728501300000,185.23,185.69,185.155,185.615,763066.0,185.4565
2024-10-09 14:30:00,1728502200000,185.61,185.845,185.16,185.17,851991.0,185.5818
2024-10-09 14:45:00,1728503100000,185.16,185.44,185.06,185.18,2083095.0,185.2933
2024-10-09 15:00:00,1728504000000,185.17,185.36,185.0517,185.1,953429.0,185.1711
2024-10-09 15:15:00,1728504900000,185.08,185.13,184.96,185.13,12962.0,185.0472
2024-10-09 15:30:00,1728505800000,185.14,185.28,184.95,185.0,13401.0,185.1265
2024-10-09 15:45:00,1728506700000,185.08,185.17,185.05,185.1,9854.0,185.105
2024-10-09 16:00:00,1728507600000,185.09,185.09,185.0,185.01,7329.0,185.0351
2024-10-09 16:15:00,1728508500000,185.02,185.08,185.01,185.01,7092.0,184.6948
2024-10-09 16:30:00,1728509400000,185.1073,185.17,185.0145,185.0145,335578.0,185.1695
2024-10-09 16:45:00,1728510300000,185.07,185.07,184.98,185.02,2537.0,185.0114
2024-10-09 17:00:00,1728511200000,185.02,185.0999,185.0,185.06,4695.0,185.0276
2024-10-09 17:15:00,1728512100000,185.07,185.0779,185.01,185.03,2525.0,185.0482
2024-10-09 17:30:00,1728513000000,185.04,185.05,185.04,185.05,3240.0,185.0468
2024-10-09 17:45:00,1728513900000,185.06,185.0975,185.05,185.05,4604.0,185.0543
2024-10-09 18:00:00,1728514800000,185.04,185.1,185.001,185.08,2194.0,185.0518
2024-10-09 18:15:00,1728515700000,185.13,185.15,185.093,185.13,1053.0,185.126
2024-10-09 18:30:00,1728516600000,185.119,185.12,185.0618,185.1,2622.0,185.0891
2024-10-09 18:45:00,1728517500000,185.0615,185.12,185.0,185.09,11698.0,185.0718
2024-10-10 03:00:00,1728547200000,185.15,185.25,185.06,185.15,11438.0,185.1369
2024-10-10 03:15:00,1728548100000,185.17,185.17,185.12,185.17,1093.0,185.1586
2024-10-10 03:30:00,1728549000000,185.23,185.25,185.18,185.18,678.0,185.215
2024-10-10 03:45:00,1728549900000,185.1,185.1,185.08,185.08,1616.0,185.0919
2024-10-10 04:00:00,1728550800000,185.07,185.07,185.07,185.07,283.0,185.07
2024-10-10 04:15:00,1728551700000,185.07,185.08,185.07,185.07,1660.0,185.0761
2024-10-10 04:30:00,1728552600000,185.14,185.29,185.14,185.24,1576.0,185.2275
2024-10-10 04:45:00,1728553500000,185.24,185.24,185.24,185.24,100.0,185.24
2024-10-10 05:00:00,1728554400000,185.09,185.09,185.07,185.07,749.0,185.0805
2024-10-10 05:15:00,1728555300000,185.15,185.15,185.08,185.15,2384.0,185.1098
2024-10-10 05:30:00,1728556200000,185.18,185.2,185.18,185.2,511.0,185.195
2024-10-10 05:45:00,1728557100000,185.2,185.3,185.12,185.3,7359.0,185.2407
2024-10-10 06:00:00,1728558000000,185.21,186.0,185.2,185.8,17952.0,185.6455
2024-10-10 06:15:00,1728558900000,185.75,186.21,185.75,186.14,47757.0,186.0603
2024-10-10 06:30:00,1728559800000,186.15,186.16,185.94,186.05,17865.0,186.0698
2024-10-10 06:45:00,1728560700000,186.0,187.0,186.0,186.32,45658.0,186.4883
2024-10-10 07:00:00,1728561600000,185.75,187.13,185.0,187.0,129404.0,186.6206
2024-10-10 07:15:00,1728562500000,186.87,186.9,186.5101,186.8,42576.0,186.7954
2024-10-10 07:30:00,1728563400000,186.9,187.4,186.15,186.9,263831.0,186.8397
2024-10-10 07:45:00,1728564300000,186.95,188.05,186.95,187.606,260906.0,187.7012
2024-10-10 08:00:00,1728565200000,187.69,187.75,187.29,187.39,144877.0,187.5385
2024-10-10 08:15:00,1728566100000,187.39,187.8196,187.02,187.14,206689.0,187.4346
2024-10-10 08:30:00,1728567000000,187.13,187.82,186.5,187.28,3546102.0,187.2259
2024-10-10 08:45:00,1728567900000,187.27,187.98,186.27,187.53,2275178.0,187.2854
2024-10-10 09:00:00,1728568800000,187.555,188.134,187.06,187.11,1722113.0,187.7104
2024-10-10 09:15:00,1728569700000,187.0993,187.1932,186.3801,186.725,1348985.0,186.755
2024-10-10 09:30:00,1728570600000,186.72,186.85,186.13,186.665,858018.0,186.4413
2024-10-10 09:45:00,1728571500000,186.66,186.8,186.03,186.15,751839.0,186.3478
2024-10-10 10:00:00,1728572400000,186.175,186.2487,185.83,186.1313,654908.0,186.026
2024-10-10 10:15:00,1728573300000,186.1499,186.37,185.98,186.2113,650942.0,186.1377
2024-10-10 10:30:00,1728574200000,186.22,186.4,185.9,186.28,566317.0,186.1986
2024-10-10 10:45:00,1728575100000,186.27,186.84,186.239,186.8,643451.0,186.5355
2024-10-10 11:00:00,1728576000000,186.8,187.01,186.54,186.9599,590182.0,186.8053
2024-10-10 11:15:00,1728576900000,186.9597,187.19,186.88,187.13,567002.0,187.0936
2024-10-10 11:30:00,1728577800000,187.13,187.4,186.66,187.01,563681.0,187.075
2024-10-10 11:45:00,1728578700000,187.01,187.18,186.67,187.15,420614.0,186.9649
2024-10-10 12:00:00,1728579600000,187.17,187.31,186.7,187.0179,442075.0,187.0472
2024-10-10 12:15:00,1728580500000,187.03,187.72,186.9701,187.6799,554595.0,187.4274
2024-10-10 12:30:00,1728581400000,187.67,187.75,187.34,187.4,492363.0,187.5676
2024-10-10 12:45:00,1728582300000,187.39,187.43,186.6,187.33,541509.0,187.0998
2024-10-10 13:00:00,1728583200000,187.32,187.33,186.76,186.85,428087.0,186.9965
2024-10-10 13:15:00,1728584100000,186.857,186.96,186.57,186.75,429166.0,186.7431
2024-10-10 13:30:00,1728585000000,186.73,186.7599,186.3,186.585,447771.0,186.5964
2024-10-10 13:45:00,1728585900000,186.58,186.845,186.525,186.725,339874.0,186.725
2024-10-10 14:00:00,1728586800000,186.72,186.76,186.515,186.71,385604.0,186.6724
2024-10-10 14:15:00,1728587700000,186.71,186.82,186.51,186.69,515254.0,186.6899
2024-10-10 14:30:00,1728588600000,186.69,186.79,186.27,186.36,688155.0,186.5431
2024-10-10 14:45:00,1728589500000,186.36,186.93,186.25,186.65,1602482.0,186.6404
2024-10-10 15:00:00,1728590400000,186.65,186.72,186.3354,186.5,878027.0,186.6463
2024-10-10 15:15:00,1728591300000,186.55,186.6485,186.49,186.6033,5090.0,186.5729
2024-10-10 15:30:00,1728592200000,186.65,186.69,186.6,186.6,6422.0,186.6352
2024-10-10 15:45:00,1728593100000,186.63,186.65,186.5615,186.65,5586.0,186.635
2024-10-10 16:00:00,1728594000000,186.62,186.63,186.56,186.618,2015.0,186.5859
2024-10-10 16:15:00,1728594900000,186.58,186.58,186.52,186.57,4115.0,186.4937
2024-10-10 16:30:00,1728595800000,186.5,186.5,186.466,186.466,623.0,186.4923
2024-10-10 16:45:00,1728596700000,186.55,186.58,186.55,186.55,1925.0,186.5699
2024-10-10 17:00:00,1728597600000,186.46,186.571,186.46,186.571,3431.0,186.4777
2024-10-10 17:15:00,1728598500000,186.4747,186.55,186.4747,186.55,735.0,186.5141
2024-10-10 17:30:00,1728599400000,186.55,186.6,186.46,186.5411,2541.0,186.5334
2024-10-10 17:45:00,1728600300000,186.52,186.595,186.52,186.59,905.0,186.5761
2024-10-10 18:00:00,1728601200000,186.59,186.65,186.5305,186.5305,9105.0,186.6342
2024-10-10 18:15:00,1728602100000,186.64,186.73,186.64,186.73,6774.0,186.6769
2024-10-10 18:30:00,1728603000000,186.68,186.68,186.57,186.5939,4002.0,186.6091
2024-10-10 18:45:00,1728603900000,186.665,186.665,186.6,186.6,9034.0,186.6149
2024-10-11 03:00:00,1728633600000,186.65,186.65,186.22,186.33,5119.0,186.478
2024-10-11 03:15:00,1728634500000,186.38,186.38,186.22,186.33,4740.0,186.3192
2024-10-11 03:30:00,1728635400000,186.28,186.28,186.28,186.28,164.0,186.293
2024-10-11 03:45:00,1728636300000,186.3,186.4,186.28,186.4,4321.0,186.3554
2024-10-11 04:00:00,1728637200000,186.39,186.5,186.39,186.5,3564.0,186.4747
2024-10-11 04:15:00,1728638100000,186.47,186.49,186.47,186.49,1342.0,186.4783
2024-10-11 04:30:00,1728639000000,186.5,186.57,186.44,186.57,1241.0,186.4923
2024-10-11 04:45:00,1728639900000,186.63,186.66,186.57,186.64,5265.0,186.6195
2024-10-11 05:00:00,1728640800000,186.7,186.7,186.7,186.7,565.0,186.6947
2024-10-11 05:15:00,1728641700000,186.76,186.79,186.7,186.7,2753.0,186.739
2024-10-11 05:45:00,1728643500000,186.75,186.75,186.7,186.7,872.0,186.73
2024-10-11 06:00:00,1728644400000,186.7,186.87,186.7,186.8,4250.0,186.7928
2024-10-11 06:15:00,1728645300000,186.84,186.84,186.78,186.8,7029.0,186.8009
2024-10-11 06:30:00,1728646200000,186.8,186.93,186.8,186.93,2942.0,186.8722
2024-10-11 06:45:00,1728647100000,186.94,187.13,186.93,187.07,7940.0,187.0322
2024-10-11 07:00:00,1728648000000,186.79,187.45,186.4,187.44,47578.0,187.0005
2024-10-11 07:15:00,1728648900000,187.27,187.321,187.0,187.0,12075.0,187.1786
2024-10-11 07:30:00,1728649800000,187.09,187.49,187.0,187.22,35941.0,187.279
2024-10-11 07:45:00,1728650700000,187.2,187.3425,186.69,186.81,27776.0,186.991
2024-10-11 08:00:00,1728651600000,186.93,187.22,186.89,186.955,10987.0,187.0859
2024-10-11 08:15:00,1728652500000,186.95,187.0,186.56,186.68,21554.0,186.7958
2024-10-11 08:30:00,1728653400000,186.63,188.23,186.3,188.11,2320683.0,187.2978
2024-10-11 08:45:00,1728654300000,188.105,188.21,187.68,188.09,1384967.0,187.9985
2024-10-11 09:00:00,1728655200000,188.08,189.02,187.88,188.961,1782450.0,188.4906
2024-10-11 09:15:00,1728656100000,188.96,189.5996,188.93,189.49,1180873.0,189.2159
2024-10-11 09:30:00,1728657000000,189.46,189.9284,189.25,189.27,1418263.0,189.6905
2024-10-11 09:45:00,1728657900000,189.28,189.63,188.7601,189.5417,1003278.0,189.2059
2024-10-11 10:00:00,1728658800000,189.55,189.7181,188.83,188.8401,944982.0,189.3934
2024-10-11 10:15:00,1728659700000,188.84,188.901,188.45,188.56,877621.0,188.619
2024-10-11 10:30:00,1728660600000,188.555,189.03,188.52,188.78,660970.0,188.7944
2024-10-11 10:45:00,1728661500000,188.77,189.1,188.59,189.1,501636.0,188.7899
2024-10-11 11:00:00,1728662400000,189.09,189.1499,188.65,188.71,439748.0,188.9049
2024-10-11 11:15:00,1728663300000,188.72,188.86,188.5601,188.845,403884.0,188.6961
2024-10-11 11:30:00,1728664200000,188.8499,189.06,188.7,188.79,373986.0,188.8591
2024-10-11 11:45:00,1728665100000,188.795,188.97,188.59,188.97,466663.0,188.7677
2024-10-11 12:00:00,1728666000000,188.98,189.165,188.89,188.995,435452.0,189.0638
2024-10-11 12:15:00,1728666900000,188.995,189.24,188.83,189.18,359590.0,189.047
2024-10-11 12:30:00,1728667800000,189.185,189.35,189.025,189.26,435679.0,189.2039
2024-10-11 12:45:00,1728668700000,189.25,189.2999,188.865,188.9701,333136.0,189.1127
2024-10-11 13:00:00,1728669600000,188.97,189.27,188.94,189.18,443447.0,189.1409
2024-10-11 13:15:00,1728670500000,189.1876,189.39,189.16,189.175,349846.0,189.2761
2024-10-11 13:30:00,1728671400000,189.18,189.25,188.944,189.19,370056.0,189.1571
2024-10-11 13:45:00,1728672300000,189.18,189.39,189.175,189.35,362822.0,189.2864
2024-10-11 14:00:00,1728673200000,189.35,189.63,189.24,189.53,636428.0,189.4338
2024-10-11 14:15:00,1728674100000,189.54,189.63,189.33,189.365,595799.0,189.4421
2024-10-11 14:30:00,1728675000000,189.365,189.4399,189.22,189.38,596586.0,189.3513
2024-10-11 14:45:00,1728675900000,189.39,189.63,188.73,188.81,2150460.0,189.1403
2024-10-11 15:00:00,1728676800000,188.82,188.99,188.52,188.52,399447.0,188.8139
2024-10-11 15:15:00,1728677700000,188.5102,188.82,188.5,188.7999,39567.0,188.6993
2024-10-11 15:30:00,1728678600000,188.8,188.88,188.62,188.7,116685.0,188.8138
2024-10-11 15:45:00,1728679500000,188.6999,188.74,188.63,188.74,6212.0,188.6824
2024-10-11 16:00:00,1728680400000,188.75,188.83,188.72,188.77,15767.0,188.731
2024-10-11 16:15:00,1728681300000,188.8186,188.8186,188.79,188.8185,1797.0,188.8038
2024-10-11 16:30:00,1728682200000,188.81,188.81,188.72,188.72,2060.0,188.7284
2024-10-11 16:45:00,1728683100000,188.65,188.71,188.65,188.71,866.0,188.6844
2024-10-11 17:00:00,1728684000000,188.66,188.68,188.66,188.68,1921.0,188.6771
2024-10-11 17:15:00,1728684900000,188.66,188.66,188.6,188.6,3730.0,188.6215
2024-10-11 17:30:00,1728685800000,188.6,188.61,188.6,188.605,607.0,188.609
2024-10-11 17:45:00,1728686700000,188.61,188.61,188.6,188.6,1074.0,188.6099
2024-10-11 18:00:00,1728687600000,188.6,188.6,188.596,188.596,1392.0,188.5982
2024-10-11 18:15:00,1728688500000,188.54,188.6,188.5,188.6,3343.0,188.5509
2024-10-11 18:30:00,1728689400000,188.5208,188.6,188.52,188.6,1273.0,188.5524
2024-10-11 18:45:00,1728690300000,188.59,188.6943,188.5602,188.58,4187.0,188.5989
2024-10-14 03:00:00,1728892800000,188.9,188.99,188.69,188.93,7086.0,188.7803
2024-10-14 03:15:00,1728893700000,188.9,189.22,188.9,189.2,11284.0,189.1266
2024-10-14 03:30:00,1728894600000,189.1,189.1,189.04,189.04,1186.0,189.0818
2024-10-14 03:45:00,1728895500000,189.1,189.1,188.96,188.96,895.0,189.0256
2024-10-14 04:00:00,1728896400000,189.03,189.1,188.96,189.1,4113.0,188.995
2024-10-14 04:15:00,1728897300000,188.99,188.99,188.96,188.96,311.0,188.9828
2024-10-14 04:30:00,1728898200000,189.02,189.3,189.02,189.23,2697.0,189.1897
2024-10-14 04:45:00,1728899100000,189.22,189.38,189.22,189.38,1416.0,189.3444
2024-10-14 05:00:00,1728900000000,189.37,189.56,189.37,189.56,1397.0,189.453
2024-10-14 05:15:00,1728900900000,189.59,189.69,189.56,189.56,2472.0,189.6378
2024-10-14 05:30:00,1728901800000,189.43,189.43,189.24,189.3,4563.0,189.3461
2024-10-14 05:45:00,1728902700000,189.37,189.45,189.33,189.4,1254.0,189.3629
2024-10-14 06:00:00,1728903600000,189.37,189.57,189.24,189.3,10026.0,189.3881
2024-10-14 06:15:00,1728904500000,189.32,189.4,189.32,189.4,5586.0,189.3413
2024-10-14 06:30:00,1728905400000,189.44,189.6,189.44,189.59,4810.0,189.4923
2024-10-14 06:45:00,1728906300000,189.64,189.67,189.42,189.42,12318.0,189.5298
2024-10-14 07:00:00,1728907200000,189.32,189.7,188.5,189.45,37945.0,189.3576
2024-10-14 07:15:00,1728908100000,189.41,189.55,189.3601,189.55,14380.0,189.4651
2024-10-14 07:30:00,1728909000000,189.54,189.7,189.5215,189.68,9473.0,189.6159
2024-10-14 07:45:00,1728909900000,189.7,190.08,189.7,189.93,53161.0,189.9262
2024-10-14 08:00:00,1728910800000,189.93,190.16,189.85,190.1,52602.0,190.0315
2024-10-14 08:15:00,1728911700000,190.1,190.19,189.6,190.0,63821.0,189.9734
2024-10-14 08:30:00,1728912600000,189.78,189.83,188.595,189.2123,1697433.0,189.213
2024-10-14 08:45:00,1728913500000,189.21,189.63,189.0,189.27,850925.0,189.3133
2024-10-14 09:00:00,1728914400000,189.29,189.7099,188.91,189.04,972620.0,189.3558
2024-10-14 09:15:00,1728915300000,189.02,189.18,188.65,189.05,823281.0,188.8688
2024-10-14 09:30:00,1728916200000,189.06,189.24,188.53,188.65,783528.0,188.8512
2024-10-14 09:45:00,1728917100000,188.655,188.97,188.08,188.2532,700969.0,188.5816
2024-10-14 10:00:00,1728918000000,188.24,188.71,187.93,188.6737,649309.0,188.2666
2024-10-14 10:15:00,1728918900000,188.67,188.71,188.115,188.295,499872.0,188.3861
2024-10-14 10:30:00,1728919800000,188.3,188.34,188.05,188.085,388200.0,188.19
2024-10-14 10:45:00,1728920700000,188.09,188.48,188.09,188.46,390807.0,188.3634
2024-10-14 11:00:00,1728921600000,188.44,188.52,188.28,188.33,398756.0,188.4183
2024-10-14 11:15:00,1728922500000,188.326,188.49,188.19,188.475,323402.0,188.3762
2024-10-14 11:30:00,1728923400000,188.48,188.67,188.205,188.3803,432850.0,188.4993
2024-10-14 11:45:00,1728924300000,188.37,188.38,188.0806,188.1099,370642.0,188.2445
2024-10-14 12:00:00,1728925200000,188.1,188.29,188.0119,188.2399,400540.0,188.1618
2024-10-14 12:15:00,1728926100000,188.24,188.2987,188.09,188.18,252429.0,188.1788
2024-10-14 12:30:00,1728927000000,188.17,188.18,187.95,187.975,412764.0,188.0457
2024-10-14 12:45:00,1728927900000,187.975,188.0,187.79,187.84,448148.0,187.8713
2024-10-14 13:00:00,1728928800000,187.84,187.85,187.572,187.745,556017.0,187.7083
2024-10-14 13:15:00,1728929700000,187.75,187.88,187.68,187.875,402299.0,187.8011
2024-10-14 13:30:00,1728930600000,187.87,188.099,187.75,188.07,476432.0,187.8979
2024-10-14 13:45:00,1728931500000,188.065,188.14,187.93,187.994,395148.0,188.0396
2024-10-14 14:00:00,1728932400000,187.99,188.08,187.7201,187.7201,476819.0,187.9041
2024-10-14 14:15:00,1728933300000,187.72,187.76,187.36,187.72,913464.0,187.5712
2024-10-14 14:30:00,1728934200000,187.72,188.08,187.53,188.06,715687.0,187.7946
2024-10-14 14:45:00,1728935100000,188.05,188.4158,187.49,187.61,2813058.0,187.8046
2024-10-14 15:00:00,1728936000000,187.54,187.75,187.49,187.5997,1027180.0,187.5431
2024-10-14 15:15:00,1728936900000,187.58,187.7,187.54,187.6,17611.0,187.5878
2024-10-14 15:30:00,1728937800000,187.56,187.7,187.53,187.66,21262.0,187.6367
2024-10-14 15:45:00,1728938700000,187.65,187.69,187.54,187.68,56204.0,187.5553
2024-10-14 16:00:00,1728939600000,187.6888,187.6888,187.56,187.6707,8332.0,187.3692
2024-10-14 16:15:00,1728940500000,187.66,187.68,187.57,187.62,3690.0,187.6338
2024-10-14 16:30:00,1728941400000,187.64,187.69,187.59,187.5928,7782.0,187.649
2024-10-14 16:45:00,1728942300000,187.69,187.69,187.59,187.59,7750.0,187.642
2024-10-14 17:00:00,1728943200000,187.64,187.6746,187.63,187.64,5128.0,187.6463
2024-10-14 17:15:00,1728944100000,187.64,187.69,187.64,187.69,3341.0,187.6797
2024-10-14 17:30:00,1728945000000,187.7,187.7,187.5525,187.6,8598.0,187.6061
2024-10-14 17:45:00,1728945900000,187.56,187.598,187.55,187.55,3043.0,187.5589
2024-10-14 18:00:00,1728946800000,187.57,187.6,187.5525,187.5801,6514.0,187.5894
2024-10-14 18:15:00,1728947700000,187.59,187.65,187.59,187.61,7773.0,187.6026
2024-10-14 18:30:00,1728948600000,187.64,187.65,187.6102,187.63,2795.0,187.6358
2024-10-14 18:45:00,1728949500000,187.62,187.67,187.6142,187.67,5194.0,187.6365
2024-10-15 03:00:00,1728979200000,188.0,188.0,187.74,187.75,5436.0,187.7987
2024-10-15 03:15:00,1728980100000,187.61,187.68,187.57,187.66,2974.0,187.6171
2024-10-15 03:30:00,1728981000000,187.54,187.54,187.34,187.43,4006.0,187.3969
2024-10-15 03:45:00,1728981900000,187.41,187.57,187.38,187.57,876.0,187.4929
2024-10-15 04:15:00,1728983700000,187.61,187.61,187.49,187.5,4874.0,187.5192
2024-10-15 04:30:00,1728984600000,187.58,187.63,187.45,187.45,1425.0,187.5026
2024-10-15 04:45:00,1728985500000,187.43,187.44,187.43,187.44,470.0,187.4332
2024-10-15 05:00:00,1728986400000,187.45,187.68,187.45,187.68,925.0,187.5371
2024-10-15 05:15:00,1728987300000,187.54,187.69,187.54,187.69,928.0,187.6305
2024-10-15 05:30:00,1728988200000,187.56,187.9,187.56,187.89,4839.0,187.7506
2024-10-15 05:45:00,1728989100000,187.99,188.23,187.98,188.04,3226.0,188.0496
2024-10-15 06:00:00,1728990000000,187.98,187.98,187.82,187.82,4357.0,187.8734
2024-10-15 06:15:00,1728990900000,187.81,187.81,187.72,187.8,960.0,187.7635
2024-10-15 06:30:00,1728991800000,187.84,187.85,187.79,187.79,4058.0,187.829
2024-10-15 06:45:00,1728992700000,187.75,187.88,187.7,187.7,4583.0,187.7852
2024-10-15 07:00:00,1728993600000,187.91,188.34,187.072,188.05,46237.0,187.9591
2024-10-15 07:15:00,1728994500000,188.1,188.395,188.0007,188.28,18818.0,188.2334
2024-10-15 07:30:00,1728995400000,188.25,188.55,187.54,188.15,73547.0,187.8588
2024-10-15 07:45:00,1728996300000,188.15,188.42,188.1201,188.2135,11140.0,188.2682
2024-10-15 08:00:00,1728997200000,188.2101,188.55,188.2101,188.51,24473.0,188.379
2024-10-15 08:15:00,1728998100000,188.55,188.6365,187.34,187.62,92552.0,188.0289
2024-10-15 08:30:00,1728999000000,187.63,187.86,186.78,187.785,2188490.0,187.3498
2024-10-15 08:45:00,1728999900000,187.715,188.41,187.545,188.0,1221502.0,188.0653
2024-10-15 09:00:00,1729000800000,188.02,188.13,187.455,187.58,1122101.0,187.8549
2024-10-15 09:15:00,1729001700000,187.567,187.57,186.4,186.48,1300156.0,187.0441
2024-10-15 09:30:00,1729002600000,186.45,186.47,184.58,185.29,2217449.0,185.4559
2024-10-15 09:45:00,1729003500000,185.28,185.6,184.9,185.18,1322580.0,185.2506
2024-10-15 10:00:00,1729004400000,185.17,185.81,184.88,185.8,968868.0,185.2157
2024-10-15 10:15:00,1729005300000,185.78,186.0,185.5175,185.5175,777320.0,185.7843
2024-10-15 10:30:00,1729006200000,185.51,186.1,185.47,185.715,641886.0,185.7969
2024-10-15 10:45:00,1729007100000,185.67,185.76,185.18,185.19,697910.0,185.4955
2024-10-15 11:00:00,1729008000000,185.21,185.905,185.21,185.85,584196.0,185.5401
2024-10-15 11:15:00,1729008900000,185.84,186.24,185.77,185.845,570922.0,185.9674
2024-10-15 11:30:00,1729009800000,185.85,186.1969,185.85,185.94,466210.0,186.037
2024-10-15 11:45:00,1729010700000,185.95,186.1,185.7201,186.0698,515931.0,185.9084
2024-10-15 12:00:00,1729011600000,186.05,186.175,185.795,185.98,641078.0,185.9925
2024-10-15 12:15:00,1729012500000,185.9873,186.075,185.7112,186.03,481577.0,185.9107
2024-10-15 12:30:00,1729013400000,186.03,186.62,185.95,186.5903,519419.0,186.2561
2024-10-15 12:45:00,1729014300000,186.58,186.995,186.55,186.6884,710306.0,186.7954
2024-10-15 13:00:00,1729015200000,186.7,186.9,186.32,186.43,433413.0,186.6138
2024-10-15 13:15:00,1729016100000,186.42,186.9761,186.41,186.8864,490286.0,186.7319
2024-10-15 13:30:00,1729017000000,186.88,187.16,186.88,187.1018,589091.0,187.0066
2024-10-15 13:45:00,1729017900000,187.09,187.12,186.85,186.93,531132.0,186.9691
2024-10-15 14:00:00,1729018800000,186.97,187.041,186.4,186.73,866693.0,186.7376
2024-10-15 14:15:00,1729019700000,186.735,187.45,186.63,187.24,897073.0,187.1415
2024-10-15 14:30:00,1729020600000,187.23,187.4699,186.82,187.33,914610.0,187.1644
2024-10-15 14:45:00,1729021500000,187.33,188.06,187.28,187.81,3484544.0,187.62
2024-10-15 15:00:00,1729022400000,187.69,188.0,187.61,187.75,1063466.0,187.6952
2024-10-15 15:15:00,1729023300000,187.74,187.758,187.602,187.69,22525.0,187.6761
2024-10-15 15:30:00,1729024200000,187.74,187.9,187.74,187.78,8541.0,187.8006
2024-10-15 15:45:00,1729025100000,187.8391,187.8391,187.69,187.8,9862.0,187.7954
2024-10-15 16:00:00,1729026000000,187.84,187.85,186.4045,187.83,10460.0,187.776
2024-10-15 16:15:00,1729026900000,187.8294,187.8294,187.75,187.75,1050.0,187.7815
2024-10-15 16:30:00,1729027800000,187.76,187.77,187.75,187.75,2984.0,187.764
2024-10-15 16:45:00,1729028700000,187.7235,187.7887,187.7235,187.7887,4186.0,187.7475
2024-10-15 17:00:00,1729029600000,187.78,187.78,187.65,187.65,6475.0,185.971
2024-10-15 17:15:00,1729030500000,187.65,187.7861,187.65,187.7861,2248.0,187.6765
2024-10-15 17:30:00,1729031400000,187.703,187.75,187.7002,187.7002,5934.0,187.7163
2024-10-15 17:45:00,1729032300000,187.7087,187.77,187.7087,187.76,1425.0,187.7373
2024-10-15 18:00:00,1729033200000,187.8,187.85,187.8,187.85,4842.0,187.8311
2024-10-15 18:15:00,1729034100000,187.82,187.9,187.82,187.82,1884.0,187.8369
2024-10-15 18:30:00,1729035000000,187.93,187.9701,187.92,187.96,2150.0,187.9551
2024-10-15 18:45:00,1729035900000,187.93,188.0,187.84,187.995,9273.0,187.9225
2024-10-16 03:00:00,1729065600000,188.0,188.0,187.6,187.69,8808.0,187.7676
2024-10-16 03:15:00,1729066500000,187.7,187.9,187.61,187.87,3747.0,187.7698
2024-10-16 03:30:00,1729067400000,187.97,188.1,187.96,187.98,3087.0,188.0266
2024-10-16 03:45:00,1729068300000,187.96,187.96,187.96,187.96,124.0,187.9734
2024-10-16 04:00:00,1729069200000,187.9,188.05,187.9,188.05,1726.0,188.0029
2024-10-16 04:15:00,1729070100000,187.98,188.1,187.98,188.0,832.0,188.0216
2024-10-16 04:30:00,1729071000000,188.04,188.11,188.03,188.1,1540.0,188.0576
2024-10-16 04:45:00,1729071900000,188.06,188.06,188.03,188.03,403.0,188.0571
2024-10-16 05:00:00,1729072800000,188.11,188.12,188.01,188.1,2776.0,188.0526
2024-10-16 05:15:00,1729073700000,188.11,188.11,187.71,188.07,6770.0,187.922
2024-10-16 05:30:00,1729074600000,188.07,188.07,188.07,188.07,735.0,188.0704
2024-10-16 05:45:00,1729075500000,188.03,188.05,188.03,188.05,613.0,188.0403
2024-10-16 06:00:00,1729076400000,188.07,188.35,188.05,188.35,11613.0,188.1554
2024-10-16 06:15:00,1729077300000,188.35,188.46,188.32,188.39,8138.0,188.3777
2024-10-16 06:30:00,1729078200000,188.32,188.36,188.26,188.26,5105.0,188.3013
2024-10-16 06:45:00,1729079100000,188.32,188.38,188.3,188.35,5396.0,188.3418
2024-10-16 07:00:00,1729080000000,188.15,188.48,187.85,188.24,50098.0,188.2802
2024-10-16 07:15:00,1729080900000,188.24,188.24,187.93,188.04,19483.0,188.0858
2024-10-16 07:30:00,1729081800000,188.09,188.11,187.83,187.89,12238.0,187.9203
2024-10-16 07:45:00,1729082700000,187.9,188.0,187.7701,187.85,24244.0,187.8755
2024-10-16 08:00:00,1729083600000,187.85,187.86,187.59,187.64,38805.0,187.736
2024-10-16 08:15:00,1729084500000,187.5807,187.7107,187.01,187.12,54711.0,187.3688
2024-10-16 08:30:00,1729085400000,187.05,187.756,186.13,187.19,2120367.0,186.9424
2024-10-16 08:45:00,1729086300000,187.18,187.4499,186.65,186.7775,899963.0,187.0182
2024-10-16 09:00:00,1729087200000,186.8,187.78,186.6795,187.515,970221.0,187.3365
2024-10-16 09:15:00,1729088100000,187.52,187.7279,186.99,187.565,684425.0,187.367
2024-10-16 09:30:00,1729089000000,187.565,187.66,186.315,186.39,742893.0,187.0327
2024-10-16 09:45:00,1729089900000,186.395,186.7179,186.08,186.11,932084.0,186.3398
2024-10-16 10:00:00,1729090800000,186.11,186.265,185.82,186.06,797237.0,186.0704
2024-10-16 10:15:00,1729091700000,186.0598,186.17,185.71,186.02,637956.0,185.9513
2024-10-16 10:30:00,1729092600000,186.01,186.4133,185.9125,186.08,601621.0,186.1205
2024-10-16 10:45:00,1729093500000,186.08,186.08,185.61,185.75,650332.0,185.7968
2024-10-16 11:00:00,1729094400000,185.75,186.2182,185.73,185.91,475551.0,185.9976
2024-10-16 11:15:00,1729095300000,185.9,186.27,185.7484,186.25,507051.0,186.0147
2024-10-16 11:30:00,1729096200000,186.26,186.38,186.0001,186.05,360913.0,186.1498
2024-10-16 11:45:00,1729097100000,186.04,186.32,185.91,186.32,484883.0,186.0687
2024-10-16 12:00:00,1729098000000,186.33,186.4098,186.07,186.13,381676.0,186.2338
2024-10-16 12:15:00,1729098900000,186.1299,186.24,185.915,185.9798,384453.0,186.0405
2024-10-16 12:30:00,1729099800000,185.974,186.07,185.89,186.06,553787.0,185.947
2024-10-16 12:45:00,1729100700000,186.06,186.27,185.9,186.255,445778.0,186.0449
2024-10-16 13:00:00,1729101600000,186.25,186.335,186.12,186.2759,347134.0,186.2509
2024-10-16 13:15:00,1729102500000,186.275,186.66,186.22,186.565,622447.0,186.4901
2024-10-16 13:30:00,1729103400000,186.56,186.65,186.4,186.64,385799.0,186.502
2024-10-16 13:45:00,1729104300000,186.645,186.95,186.63,186.82,545577.0,186.8038
2024-10-16 14:00:00,1729105200000,186.835,187.045,186.825,186.875,1196917.0,186.8958
2024-10-16 14:15:00,1729106100000,186.875,187.03,186.82,186.9,474518.0,186.9259
2024-10-16 14:30:00,1729107000000,186.89,187.21,186.77,187.14,1654552.0,186.9785
2024-10-16 14:45:00,1729107900000,187.135,187.1499,186.75,186.9,1478638.0,186.9163
2024-10-16 15:00:00,1729108800000,186.89,187.0,186.75,186.8,204461.0,186.8837
2024-10-16 15:15:00,1729109700000,186.75,186.76,186.7,186.75,8168.0,186.7331
2024-10-16 15:30:00,1729110600000,186.77,186.89,186.76,186.85,11793.0,186.8185
2024-10-16 15:45:00,1729111500000,186.85,186.85,186.7423,186.773,382161.0,186.8896
2024-10-16 16:00:00,1729112400000,186.77,186.8,186.77,186.78,1687.0,186.7774
2024-10-16 16:15:00,1729113300000,186.78,186.83,186.77,186.77,1280.0,186.799
2024-10-16 16:30:00,1729114200000,186.8191,186.85,186.78,186.78,2466.0,186.8038
2024-10-16 16:45:00,1729115100000,186.81,186.81,186.8,186.8,603.0,186.8172
2024-10-16 17:00:00,1729116000000,186.86,186.86,186.7745,186.7745,934.0,186.7958
2024-10-16 17:15:00,1729116900000,186.79,186.8,186.79,186.8,963.0,186.7866
2024-10-16 17:30:00,1729117800000,186.77,186.8497,186.77,186.8497,1794.0,186.7819
2024-10-16 17:45:00,1729118700000,186.8,186.84,186.73,186.7935,7050.0,186.7588
2024-10-16 18:00:00,1729119600000,186.7965,186.7965,186.7,186.7,2777.0,186.7342
2024-10-16 18:15:00,1729120500000,186.71,186.79,186.69,186.75,5693.0,186.7267
2024-10-16 18:30:00,1729121400000,186.7,186.7,186.56,186.7,1792.0,186.6417
2024-10-16 18:45:00,1729122300000,186.74,186.7401,186.51,186.5114,8428.0,186.591
2024-10-17 03:00:00,1729152000000,187.16,187.36,187.15,187.34,2383.0,187.2491
2024-10-17 03:15:00,1729152900000,187.41,187.48,187.38,187.44,3751.0,187.4208
2024-10-17 03:30:00,1729153800000,187.44,187.87,187.44,187.87,5075.0,187.6125
2024-10-17 03:45:00,1729154700000,187.84,187.88,187.74,187.88,6219.0,187.8469
2024-10-17 04:00:00,1729155600000,187.9,188.11,187.9,187.95,12051.0,188.0223
2024-10-17 04:15:00,1729156500000,187.89,188.15,187.87,188.1,4222.0,188.0113
2024-10-17 04:30:00,1729157400000,187.79,187.99,187.74,187.8,1201.0,187.8248
2024-10-17 04:45:00,1729158300000,188.0,188.01,187.92,187.97,2711.0,187.9649
2024-10-17 05:00:00,1729159200000,187.94,188.0,187.94,187.98,3897.0,187.967
2024-10-17 05:15:00,1729160100000,188.01,188.14,188.01,188.14,2719.0,188.1034
2024-10-17 05:30:00,1729161000000,188.1,188.1,188.0,188.02,2366.0,188.0411
2024-10-17 05:45:00,1729161900000,188.09,188.1,188.0,188.0,3344.0,188.0431
2024-10-17 06:00:00,1729162800000,187.97,188.0,187.6,187.8,27737.0,187.896
2024-10-17 06:15:00,1729163700000,187.79,187.84,187.69,187.83,7944.0,187.7733
2024-10-17 06:30:00,1729164600000,187.8,187.94,187.8,187.85,9024.0,187.867
2024-10-17 06:45:00,1729165500000,187.78,187.91,187.68,187.76,9985.0,187.7863
2024-10-17 07:00:00,1729166400000,187.97,188.0119,186.423,187.805,88329.0,187.7609
2024-10-17 07:15:00,1729167300000,187.88,187.9,187.75,187.7975,225991.0,186.9637
2024-10-17 07:30:00,1729168200000,187.78,187.9798,187.6515,187.7,51433.0,187.826
2024-10-17 07:45:00,1729169100000,187.65,188.01,187.538,188.01,25746.0,187.7523
2024-10-17 08:00:00,1729170000000,188.0,188.03,187.81,188.0,37307.0,187.9357
2024-10-17 08:15:00,1729170900000,188.0,188.45,187.81,188.0,46135.0,188.1122
2024-10-17 08:30:00,1729171800000,188.22,188.765,186.91,187.085,2666957.0,188.0522
2024-10-17 08:45:00,1729172700000,187.065,187.49,186.385,186.61,1110621.0,187.0743
2024-10-17 09:00:00,1729173600000,186.68,186.91,186.0,186.27,996505.0,186.2498
2024-10-17 09:15:00,1729174500000,186.25,187.07,186.19,186.82,793500.0,186.7704
2024-10-17 09:30:00,1729175400000,186.8,187.18,186.48,186.83,643988.0,186.8904
2024-10-17 09:45:00,1729176300000,186.84,186.935,186.51,186.7405,422832.0,186.7515
2024-10-17 10:00:00,1729177200000,186.75,187.12,186.57,187.02,529106.0,186.905
2024-10-17 10:15:00,1729178100000,187.025,187.28,186.88,187.275,461750.0,187.103
2024-10-17 10:30:00,1729179000000,187.28,188.24,187.13,188.165,755011.0,187.766
2024-10-17 10:45:00,1729179900000,188.17,188.7401,187.99,188.71,678880.0,188.3143
2024-10-17 11:00:00,1729180800000,188.71,188.94,188.33,188.4,815295.0,188.6695
2024-10-17 11:15:00,1729181700000,188.4,188.73,188.34,188.4,516248.0,188.4882
2024-10-17 11:30:00,1729182600000,188.39,188.39,188.0307,188.3184,415644.0,188.2311
2024-10-17 11:45:00,1729183500000,188.3198,188.32,187.8,187.91,347542.0,188.09
2024-10-17 12:00:00,1729184400000,187.91,188.52,187.88,188.37,574089.0,188.2727
2024-10-17 12:15:00,1729185300000,188.35,188.58,188.29,188.34,677872.0,188.4594
2024-10-17 12:30:00,1729186200000,188.345,188.87,188.3,188.8167,499534.0,188.6369
2024-10-17 12:45:00,1729187100000,188.8594,188.8617,188.491,188.6201,466808.0,188.6891
2024-10-17 13:00:00,1729188000000,188.6293,188.7,187.7,187.815,1222871.0,188.0534
2024-10-17 13:15:00,1729188900000,187.81,187.82,187.27,187.39,615189.0,187.5282
2024-10-17 13:30:00,1729189800000,187.36,187.5674,187.18,187.46,443068.0,187.365
2024-10-17 13:45:00,1729190700000,187.46,187.925,187.42,187.896,448912.0,187.7114
2024-10-17 14:00:00,1729191600000,187.91,187.93,187.56,187.7,456768.0,187.7473
2024-10-17 14:15:00,1729192500000,187.695,187.7099,187.23,187.334,478727.0,187.4537
2024-10-17 14:30:00,1729193400000,187.34,187.68,187.225,187.64,606232.0,187.4784
2024-10-17 14:45:00,1729194300000,187.635,187.78,187.47,187.53,1729885.0,187.5885
2024-10-17 15:00:00,1729195200000,187.53,188.4,187.33,188.0,355699.0,187.5803
2024-10-17 15:15:00,1729196100000,187.99,188.15,187.53,188.0,296683.0,187.5779
2024-10-17 15:30:00,1729197000000,187.98,187.98,187.53,187.63,368676.0,187.5396
2024-10-17 15:45:00,1729197900000,187.63,187.75,187.53,187.6513,364228.0,187.536
2024-10-17 16:00:00,1729198800000,187.63,187.79,187.63,187.7,8820.0,187.695
2024-10-17 16:15:00,1729199700000,187.73,187.81,187.73,187.79,6582.0,187.892
2024-10-17 16:30:00,1729200600000,187.7701,187.82,187.7518,187.7614,4806.0,187.7937
2024-10-17 16:45:00,1729201500000,187.78,187.8,187.71,187.71,3268.0,187.7599
2024-10-17 17:00:00,1729202400000,187.65,187.75,187.5622,187.65,12126.0,187.6716
2024-10-17 17:15:00,1729203300000,187.745,187.75,187.6516,187.75,1807.0,187.7328
2024-10-17 17:30:00,1729204200000,187.7,187.8847,187.7,187.8,590.0,187.7927
2024-10-17 17:45:00,1729205100000,187.85,187.97,187.817,187.88,2098.0,187.8968
2024-10-17 18:00:00,1729206000000,187.71,188.0,187.71,188.0,5163.0,187.9511
2024-10-17 18:15:00,1729206900000,188.01,188.03,188.01,188.03,651.0,188.0189
2024-10-17 18:30:00,1729207800000,187.95,187.95,187.82,187.82,1416.0,187.8653
2024-10-17 18:45:00,1729208700000,187.82,187.98,187.82,187.98,7411.0,187.9088
2024-10-18 03:00:00,1729238400000,188.06,188.35,188.06,188.32,5440.0,188.2321
2024-10-18 03:15:00,1729239300000,188.41,188.5,188.01,188.01,5979.0,188.3277
2024-10-18 03:30:00,1729240200000,187.99,187.99,187.99,187.99,818.0,187.977
2024-10-18 03:45:00,1729241100000,188.1,188.1,187.86,187.9,1039.0,187.9293
2024-10-18 04:00:00,1729242000000,187.88,188.0,187.88,187.98,806.0,187.9346
2024-10-18 04:15:00,1729242900000,187.9,188.14,187.9,188.14,2052.0,187.9768
2024-10-18 04:30:00,1729243800000,187.97,188.0,187.97,188.0,832.0,187.9831
2024-10-18 04:45:00,1729244700000,187.72,187.72,187.72,187.72,273.0,187.7308
2024-10-18 05:00:00,1729245600000,187.83,187.83,187.83,187.83,150.0,187.8329
2024-10-18 05:15:00,1729246500000,187.88,187.92,187.88,187.92,971.0,187.8791
2024-10-18 05:30:00,1729247400000,188.0,188.11,188.0,188.08,1672.0,188.0853
2024-10-18 05:45:00,1729248300000,188.06,188.15,188.03,188.03,3545.0,188.1294
2024-10-18 06:00:00,1729249200000,188.0,188.09,187.85,187.97,8267.0,187.9693
2024-10-18 06:15:00,1729250100000,188.09,188.18,188.0,188.18,4285.0,188.0593
2024-10-18 06:30:00,1729251000000,188.17,188.23,187.99,188.12,11384.0,188.0868
2024-10-18 06:45:00,1729251900000,187.97,188.05,187.97,188.05,7264.0,188.0044
2024-10-18 07:00:00,1729252800000,187.98,188.24,187.5,188.04,29000.0,187.9442
2024-10-18 07:15:00,1729253700000,188.02,188.03,187.85,187.85,11256.0,187.9335
2024-10-18 07:30:00,1729254600000,187.85,188.01,187.8,188.0,15831.0,187.891
2024-10-18 07:45:00,1729255500000,187.99,188.1,187.97,188.01,11690.0,188.0411
2024-10-18 08:00:00,1729256400000,188.02,188.36,188.02,188.21,23430.0,188.2069
2024-10-18 08:15:00,1729257300000,188.25,188.349,186.88,186.94,219420.0,187.3753
2024-10-18 08:30:00,1729258200000,187.15,188.27,186.28,188.095,4416906.0,187.2339
2024-10-18 08:45:00,1729259100000,188.095,188.28,187.29,187.62,1120343.0,187.7479
2024-10-18 09:00:00,1729260000000,187.63,188.86,187.61,188.49,1234465.0,188.4088
2024-10-18 09:15:00,1729260900000,188.505,188.7299,188.17,188.6737,758678.0,188.3937
2024-10-18 09:30:00,1729261800000,188.69,188.7399,188.185,188.6507,632210.0,188.4826
2024-10-18 09:45:00,1729262700000,188.65,188.73,188.13,188.35,1043431.0,188.3796
2024-10-18 10:00:00,1729263600000,188.38,189.46,188.355,189.42,2569131.0,189.233
2024-10-18 10:15:00,1729264500000,189.422,189.57,189.0501,189.43,1048145.0,189.363
2024-10-18 10:30:00,1729265400000,189.42,189.93,189.36,189.47,1228469.0,189.6099
2024-10-18 10:45:00,1729266300000,189.47,189.58,189.06,189.16,856891.0,189.3335
2024-10-18 11:00:00,1729267200000,189.17,189.47,188.9176,188.93,603755.0,189.1947
2024-10-18 11:15:00,1729268100000,188.935,189.5,188.88,189.4126,576432.0,189.302
2024-10-18 11:30:00,1729269000000,189.4162,190.59,189.4162,190.59,1703649.0,190.046
2024-10-18 11:45:00,1729269900000,190.58,190.73,190.42,190.49,1401006.0,190.6065
2024-10-18 12:00:00,1729270800000,190.495,190.74,190.25,190.365,811324.0,190.4317
2024-10-18 12:15:00,1729271700000,190.3527,190.395,189.77,189.8052,1815460.0,190.2759
2024-10-18 12:30:00,1729272600000,189.805,189.97,189.65,189.76,636681.0,189.7983
2024-10-18 12:45:00,1729273500000,189.75,189.86,189.6,189.685,723587.0,189.721
2024-10-18 13:00:00,1729274400000,189.68,189.9199,189.28,189.9,570222.0,189.6778
2024-10-18 13:15:00,1729275300000,189.8999,190.38,189.8,190.38,959967.0,190.0148
2024-10-18 13:30:00,1729276200000,190.39,190.63,190.1801,190.455,974619.0,190.4023
2024-10-18 13:45:00,1729277100000,190.46,190.5393,190.145,190.19,630505.0,190.3782
2024-10-18 14:00:00,1729278000000,190.2,190.29,189.83,190.14,702270.0,190.0557
2024-10-18 14:15:00,1729278900000,190.14,190.2786,189.65,189.78,786692.0,189.9664
2024-10-18 14:30:00,1729279800000,189.77,189.8,189.38,189.55,891906.0,189.576
2024-10-18 14:45:00,1729280700000,189.55,189.5699,188.78,188.95,2192473.0,189.0346
2024-10-18 15:00:00,1729281600000,188.99,189.2,188.9491,189.05,880710.0,188.9903
2024-10-18 15:15:00,1729282500000,189.05,189.05,188.99,189.05,15533.0,188.9957
2024-10-18 15:30:00,1729283400000,189.0408,189.17,188.98,188.98,125327.0,188.9991
2024-10-18 15:45:00,1729284300000,189.0,189.0,188.97,188.981,353115.0,188.9899
2024-10-18 16:00:00,1729285200000,188.99,189.0,188.89,188.89,8751.0,188.9668
2024-10-18 16:15:00,1729286100000,188.91,188.93,188.8,188.9,3283.0,188.854
2024-10-18 16:30:00,1729287000000,188.92,189.07,188.92,189.07,7493.0,189.0056
2024-10-18 16:45:00,1729287900000,189.067,189.0687,189.01,189.05,1915.0,189.0442
2024-10-18 17:00:00,1729288800000,189.04,189.0891,189.01,189.03,1593.0,189.0397
2024-10-18 17:15:00,1729289700000,189.02,189.03,188.98,188.98,1883.0,189.0122
2024-10-18 17:30:00,1729290600000,188.93,188.93,188.9298,188.9298,1501.0,188.9305
2024-10-18 17:45:00,1729291500000,188.92,188.92,188.77,188.8,11072.0,188.8312
2024-10-18 18:00:00,1729292400000,188.79,188.85,188.78,188.79,5742.0,188.804
2024-10-18 18:15:00,1729293300000,188.79,188.79,188.74,188.74,587.0,188.7677
2024-10-18 18:30:00,1729294200000,188.79,188.82,188.75,188.82,4450.0,188.7778
2024-10-18 18:45:00,1729295100000,188.8,188.85,188.8,188.83,5767.0,188.8235
2024-10-21 03:00:00,1729497600000,188.6,188.6,188.3,188.44,5454.0,188.4584
2024-10-21 03:15:00,1729498500000,188.3,188.35,188.3,188.35,411.0,188.3031
2024-10-21 03:30:00,1729499400000,188.44,188.44,188.44,188.44,153.0,188.44
2024-10-21 03:45:00,1729500300000,188.47,188.5,188.45,188.45,2621.0,188.4744
2024-10-21 04:00:00,1729501200000,188.44,188.47,188.41,188.47,3947.0,188.4415
2024-10-21 04:15:00,1729502100000,188.47,188.5,188.33,188.33,6818.0,188.4099
2024-10-21 04:30:00,1729503000000,188.35,188.5,188.32,188.5,3988.0,188.3904
2024-10-21 04:45:00,1729503900000,188.5,188.5,188.38,188.4,2932.0,188.4596
2024-10-21 05:15:00,1729505700000,188.46,188.5,188.46,188.5,678.0,188.483
2024-10-21 05:30:00,1729506600000,188.5,188.5,188.28,188.28,3484.0,188.386
2024-10-21 05:45:00,1729507500000,188.08,188.08,187.7,187.75,14230.0,187.859
2024-10-21 06:00:00,1729508400000,187.79,188.06,187.67,188.06,14447.0,187.9163
2024-10-21 06:15:00,1729509300000,188.1,188.12,187.98,188.0,12039.0,188.0285
2024-10-21 06:30:00,1729510200000,187.98,188.13,187.98,188.13,4948.0,188.0267
2024-10-21 06:45:00,1729511100000,188.08,188.2,187.98,188.2,7705.0,188.0407
2024-10-21 07:00:00,1729512000000,188.01,188.9,187.7433,187.99,51434.0,188.116
2024-10-21 07:15:00,1729512900000,188.0,188.19,187.9998,188.19,6286.0,188.0643
2024-10-21 07:30:00,1729513800000,188.13,188.51,188.04,188.39,18946.0,188.2715
2024-10-21 07:45:00,1729514700000,188.46,188.55,188.39,188.53,11284.0,188.4938
2024-10-21 08:00:00,1729515600000,188.55,188.76,188.53,188.73,15458.0,188.6234
2024-10-21 08:15:00,1729516500000,188.73,188.81,187.8,188.05,44292.0,188.2417
2024-10-21 08:30:00,1729517400000,188.05,188.45,186.4,187.21,2857550.0,187.1719
2024-10-21 08:45:00,1729518300000,187.19,187.71,186.88,187.6699,1466193.0,187.2673
2024-10-21 09:00:00,1729519200000,187.66,188.38,187.37,188.3701,1090936.0,187.8315
2024-10-21 09:15:00,1729520100000,188.36,188.91,188.33,188.832,982484.0,188.591
2024-10-21 09:30:00,1729521000000,188.8416,188.98,187.66,187.6899,902758.0,188.3102
2024-10-21 09:45:00,1729521900000,187.68,187.7999,187.06,187.46,770458.0,187.5175
2024-10-21 10:00:00,1729522800000,187.458,187.55,186.81,187.315,997741.0,187.209
2024-10-21 10:15:00,1729523700000,187.3,187.365,186.8301,187.15,460158.0,187.1254
2024-10-21 10:30:00,1729524600000,187.13,187.96,187.069,187.6476,555168.0,187.5375
2024-10-21 10:45:00,1729525500000,187.64,188.155,187.64,188.06,520391.0,187.9309
2024-10-21 11:00:00,1729526400000,188.05,188.37,188.05,188.2101,565817.0,188.2065
2024-10-21 11:15:00,1729527300000,188.23,188.32,188.035,188.19,312250.0,188.1864
2024-10-21 11:30:00,1729528200000,188.19,188.495,188.18,188.431,326557.0,188.3848
2024-10-21 11:45:00,1729529100000,188.4399,188.825,188.38,188.71,415286.0,188.6083
2024-10-21 12:00:00,1729530000000,188.7,188.91,188.56,188.9,546550.0,188.729
2024-10-21 12:15:00,1729530900000,188.88,188.905,188.43,188.76,358875.0,188.6808
2024-10-21 12:30:00,1729531800000,188.7605,189.02,188.75,188.8714,429548.0,188.9386
2024-10-21 12:45:00,1729532700000,188.8712,188.985,188.7401,188.7869,324852.0,188.8657
2024-10-21 13:00:00,1729533600000,188.7938,188.85,188.44,188.73,386264.0,188.6631
2024-10-21 13:15:00,1729534500000,188.73,188.9099,188.42,188.616,349115.0,188.7287
2024-10-21 13:30:00,1729535400000,188.61,188.7704,188.46,188.49,273431.0,188.6155
2024-10-21 13:45:00,1729536300000,188.48,188.605,188.36,188.43,313016.0,188.4812
2024-10-21 14:00:00,1729537200000,188.43,189.2782,188.38,189.1813,695965.0,188.8772
2024-10-21 14:15:00,1729538100000,189.1748,189.46,188.9601,188.98,788205.0,189.2183
2024-10-21 14:30:00,1729539000000,188.97,189.04,188.79,188.905,594669.0,188.9167
2024-10-21 14:45:00,1729539900000,188.91,189.195,188.86,189.09,1839811.0,189.0087
2024-10-21 15:00:00,1729540800000,189.07,189.15,189.0118,189.15,605172.0,189.0708
2024-10-21 15:15:00,1729541700000,189.15,189.34,189.14,189.34,12553.0,189.1858
2024-10-21 15:30:00,1729542600000,189.28,189.45,189.22,189.33,23406.0,189.3588
2024-10-21 15:45:00,1729543500000,189.32,189.33,189.28,189.3,7525.0,189.3126
2024-10-21 16:00:00,1729544400000,189.34,189.36,189.28,189.28,8164.0,189.322
2024-10-21 16:15:00,1729545300000,189.3,189.33,189.2803,189.3,1417.0,189.3055
2024-10-21 16:30:00,1729546200000,189.3008,189.31,189.25,189.2725,4598.0,189.2855
2024-10-21 16:45:00,1729547100000,189.31,189.31,189.22,189.3097,1086.0,189.2802
2024-10-21 17:00:00,1729548000000,189.31,189.31,189.2227,189.2227,1631.0,189.2591
2024-10-21 17:15:00,1729548900000,189.23,189.29,189.23,189.29,981.0,189.2503
2024-10-21 17:30:00,1729549800000,189.2993,189.3,189.22,189.3,3283.0,189.2536
2024-10-21 17:45:00,1729550700000,189.16,189.29,189.16,189.29,2166.0,189.2058
2024-10-21 18:00:00,1729551600000,189.19,189.19,189.1615,189.1615,739.0,189.1816
2024-10-21 18:15:00,1729552500000,189.15,189.19,189.14,189.14,2200.0,189.1491
2024-10-21 18:30:00,1729553400000,189.14,189.17,189.1,189.14,6505.0,189.1335
2024-10-21 18:45:00,1729554300000,189.09,189.09,189.0,189.0004,5494.0,189.0365
2024-10-22 03:00:00,1729584000000,188.55,188.6,188.19,188.6,4387.0,188.4924
2024-10-22 03:15:00,1729584900000,188.56,188.56,188.56,188.56,102.0,188.559
2024-10-22 03:30:00,1729585800000,188.37,188.42,188.37,188.42,201.0,188.3951
2024-10-22 03:45:00,1729586700000,188.43,188.43,188.39,188.39,656.0,188.4084
2024-10-22 04:00:00,1729587600000,188.3,188.3,188.22,188.29,1810.0,188.2804
2024-10-22 04:15:00,1729588500000,188.07,188.17,187.83,187.83,7293.0,187.9531
2024-10-22 04:30:00,1729589400000,187.98,188.08,187.79,187.79,4938.0,187.9263
2024-10-22 04:45:00,1729590300000,187.67,187.86,187.62,187.86,2921.0,187.7403
2024-10-22 05:00:00,1729591200000,187.88,188.01,187.84,188.0,805.0,187.9236
2024-10-22 05:15:00,1729592100000,188.02,188.14,187.92,187.92,1136.0,188.0795
2024-10-22 05:30:00,1729593000000,188.1,188.1,187.99,187.99,311.0,188.0253
2024-10-22 05:45:00,1729593900000,187.98,187.98,187.82,187.94,1143.0,187.8865
2024-10-22 06:00:00,1729594800000,187.97,188.11,187.96,188.09,6993.0,188.0113
2024-10-22 06:15:00,1729595700000,188.1,188.2,188.1,188.13,6138.0,188.153
2024-10-22 06:30:00,1729596600000,188.27,188.4,188.1,188.13,12873.0,188.2369
2024-10-22 06:45:00,1729597500000,188.07,188.24,188.05,188.1,4649.0,188.0977
2024-10-22 07:00:00,1729598400000,188.1,188.6995,187.9522,188.3507,57765.0,188.3012
2024-10-22 07:15:00,1729599300000,188.5,188.7,188.35,188.5161,25836.0,188.6039
2024-10-22 07:30:00,1729600200000,188.35,188.45,187.83,188.05,36294.0,188.1872
2024-10-22 07:45:00,1729601100000,188.02,188.1,187.81,188.05,31677.0,187.9436
2024-10-22 08:00:00,1729602000000,188.11,188.8,187.78,188.1,66944.0,188.2703
2024-10-22 08:15:00,1729602900000,188.2,188.32,187.8,188.3,29033.0,188.1197
2024-10-22 08:30:00,1729603800000,188.35,188.75,186.975,187.92,2132637.0,187.6931
2024-10-22 08:45:00,1729604700000,187.91,189.04,187.9,188.81,1172663.0,188.6056
2024-10-22 09:00:00,1729605600000,188.78,190.46,188.601,190.438,1897264.0,189.6424
2024-10-22 09:15:00,1729606500000,190.44,190.615,189.66,190.01,1434134.0,190.2273
2024-10-22 09:30:00,1729607400000,190.01,190.46,189.68,189.6958,745244.0,190.097
2024-10-22 09:45:00,1729608300000,189.69,190.1601,189.4055,190.05,732685.0,189.8016
2024-10-22 10:00:00,1729609200000,190.04,190.3,189.61,189.69,609286.0,190.0197
2024-10-22 10:15:00,1729610100000,189.671,189.875,189.39,189.57,446001.0,189.62
2024-10-22 10:30:00,1729611000000,189.565,189.85,189.47,189.85,409997.0,189.684
2024-10-22 10:45:00,1729611900000,189.85,190.08,189.8,189.835,348182.0,189.93
2024-10-22 11:00:00,1729612800000,189.835,189.85,189.47,189.555,301554.0,189.643
2024-10-22 11:15:00,1729613700000,189.56,189.77,189.33,189.36,417206.0,189.5198
2024-10-22 11:30:00,1729614600000,189.37,189.69,189.31,189.508,867912.0,189.509
2024-10-22 11:45:00,1729615500000,189.5,190.15,189.4901,190.04,631333.0,189.8511
2024-10-22 12:00:00,1729616400000,190.03,190.09,189.56,189.8,399924.0,189.8064
2024-10-22 12:15:00,1729617300000,189.83,190.12,189.67,189.75,439853.0,189.9014
2024-10-22 12:30:00,1729618200000,189.76,190.7,189.75,190.64,826869.0,190.3692
2024-10-22 12:45:00,1729619100000,190.6399,191.15,190.5182,191.1499,1017580.0,190.8995
2024-10-22 13:00:00,1729620000000,191.14,191.5201,190.65,190.6601,1144049.0,191.2022
2024-10-22 13:15:00,1729620900000,190.6685,190.86,190.58,190.6483,582506.0,190.7023
2024-10-22 13:30:00,1729621800000,190.6496,190.66,190.26,190.408,572081.0,190.4903
2024-10-22 13:45:00,1729622700000,190.41,190.4631,189.62,189.71,723395.0,190.038
2024-10-22 14:00:00,1729623600000,189.7,189.8,189.36,189.64,813898.0,189.6069
2024-10-22 14:15:00,1729624500000,189.64,189.7884,189.52,189.62,553108.0,189.6422
2024-10-22 14:30:00,1729625400000,189.62,190.0,189.58,189.685,810317.0,189.7776
2024-10-22 14:45:00,1729626300000,189.69,189.97,189.47,189.72,1675143.0,189.7667
2024-10-22 15:00:00,1729627200000,189.7,189.7,189.54,189.54,468866.0,189.6941
2024-10-22 15:15:00,1729628100000,189.55,189.7,189.55,189.5906,79016.0,189.6867
2024-10-22 15:30:00,1729629000000,189.59,189.66,189.58,189.65,10769.0,189.6258
2024-10-22 15:45:00,1729629900000,189.61,189.65,189.58,189.59,5965.0,189.6116
2024-10-22 16:00:00,1729630800000,189.6,189.6,189.3,189.47,38352.0,189.6433
2024-10-22 16:15:00,1729631700000,189.7,189.7,189.47,189.47,5322.0,189.5346
2024-10-22 16:30:00,1729632600000,189.47,189.7,189.3,189.3,661346.0,189.6953
2024-10-22 16:45:00,1729633500000,189.32,189.45,189.3,189.41,7136.0,189.4191
2024-10-22 17:00:00,1729634400000,189.528,189.55,189.32,189.5,5961.0,189.4957
2024-10-22 17:15:00,1729635300000,189.36,189.486,189.31,189.35,2683.0,189.3844
2024-10-22 17:30:00,1729636200000,189.35,189.4494,189.35,189.4494,680.0,189.3846
2024-10-22 17:45:00,1729637100000,189.38,189.4499,189.32,189.34,2305.0,189.3549
2024-10-22 18:00:00,1729638000000,189.34,189.4492,189.325,189.4,5388.0,189.3605
2024-10-22 18:15:00,1729638900000,189.35,189.35,189.25,189.25,4427.0,189.3252
2024-10-22 18:30:00,1729639800000,189.49,189.5,189.4,189.5,5814.0,189.4436
2024-10-22 18:45:00,1729640700000,189.5,189.533,189.47,189.47,1864.0,189.493
2024-10-23 03:00:00,1729670400000,189.7,189.94,189.63,189.69,4912.0,189.8139
2024-10-23 03:15:00,1729671300000,189.63,189.63,189.5,189.5,1174.0,189.5475
2024-10-23 03:30:00,1729672200000,189.47,189.47,189.42,189.42,1140.0,189.4345
2024-10-23 03:45:00,1729673100000,189.41,189.41,189.3,189.3,1561.0,189.3701
2024-10-23 04:00:00,1729674000000,189.33,189.33,189.32,189.32,428.0,189.3258
2024-10-23 04:15:00,1729674900000,189.37,189.4,189.37,189.4,3009.0,189.398
2024-10-23 04:30:00,1729675800000,189.46,189.46,189.4,189.4,392.0,189.4207
2024-10-23 04:45:00,1729676700000,189.49,189.6,189.48,189.58,2158.0,189.5085
2024-10-23 05:00:00,1729677600000,189.43,189.49,189.43,189.44,937.0,189.4526
2024-10-23 05:15:00,1729678500000,189.53,189.79,189.48,189.56,5167.0,189.584
2024-10-23 05:30:00,1729679400000,189.49,189.49,188.61,188.75,15592.0,189.0243
2024-10-23 05:45:00,1729680300000,188.8,188.85,188.61,188.61,4114.0,188.6627
2024-10-23 06:00:00,1729681200000,188.74,189.24,188.68,189.04,8546.0,188.9096
2024-10-23 06:15:00,1729682100000,189.23,189.23,189.05,189.05,1189.0,189.167
2024-10-23 06:30:00,1729683000000,189.06,189.15,189.05,189.06,2807.0,189.0864
2024-10-23 06:45:00,1729683900000,189.05,189.19,189.0,189.09,6073.0,189.0867
2024-10-23 07:00:00,1729684800000,188.88,189.48,188.8,189.0601,43906.0,189.1111
2024-10-23 07:15:00,1729685700000,189.13,189.35,189.13,189.3,9120.0,189.2855
2024-10-23 07:30:00,1729686600000,189.3,189.3,189.0,189.08,22605.0,189.1051
2024-10-23 07:45:00,1729687500000,189.06,189.41,189.06,189.35,27542.0,189.2877
2024-10-23 08:00:00,1729688400000,189.46,189.47,188.9,189.0,72817.0,189.0607
2024-10-23 08:15:00,1729689300000,189.0885,189.1,188.6,188.9,42920.0,188.8275
2024-10-23 08:30:00,1729690200000,188.85,189.16,187.7,187.7199,2141953.0,188.4475
2024-10-23 08:45:00,1729691100000,187.71,188.595,187.61,188.31,952427.0,188.2243
2024-10-23 09:00:00,1729692000000,188.31,188.38,187.05,187.7529,1247406.0,187.5413
2024-10-23 09:15:00,1729692900000,187.74,187.96,187.2,187.585,727152.0,187.6097
2024-10-23 09:30:00,1729693800000,187.58,187.955,187.53,187.855,489749.0,187.7847
2024-10-23 09:45:00,1729694700000,187.86,188.16,187.52,187.535,769108.0,187.8436
2024-10-23 10:00:00,1729695600000,187.525,187.88,186.82,186.97,993996.0,187.282
2024-10-23 10:15:00,1729696500000,186.98,187.13,186.45,186.45,795220.0,186.8319
2024-10-23 10:30:00,1729697400000,186.45,186.57,186.17,186.4524,809218.0,186.3759
2024-10-23 10:45:00,1729698300000,186.445,186.95,186.24,186.91,1120453.0,186.5279
2024-10-23 11:00:00,1729699200000,186.9,186.9,185.76,186.02,917793.0,186.12
2024-10-23 11:15:00,1729700100000,186.01,186.01,185.44,185.53,872194.0,185.691
2024-10-23 11:30:00,1729701000000,185.51,185.85,185.12,185.7,784351.0,185.49
2024-10-23 11:45:00,1729701900000,185.695,185.8799,185.35,185.42,507288.0,185.5931
2024-10-23 12:00:00,1729702800000,185.41,185.41,184.45,184.48,1176925.0,184.9322
2024-10-23 12:15:00,1729703700000,184.47,184.9703,184.43,184.9599,1262802.0,184.6525
2024-10-23 12:30:00,1729704600000,184.94,185.02,184.35,184.44,1310702.0,184.5905
2024-10-23 12:45:00,1729705500000,184.44,184.488,184.02,184.135,896228.0,184.242
2024-10-23 13:00:00,1729706400000,184.135,184.19,183.825,183.905,1160535.0,183.9931
2024-10-23 13:15:00,1729707300000,183.905,184.3598,183.69,184.14,835586.0,184.0251
2024-10-23 13:30:00,1729708200000,184.13,184.694,184.1038,184.615,707785.0,184.4871
2024-10-23 13:45:00,1729709100000,184.615,184.87,184.48,184.8601,612777.0,184.669
2024-10-23 14:00:00,1729710000000,184.86,184.895,184.5,184.695,535883.0,184.6984
2024-10-23 14:15:00,1729710900000,184.7,184.887,184.6,184.61,700581.0,184.7343
2024-10-23 14:30:00,1729711800000,184.6,184.985,184.46,184.98,864544.0,184.7157
2024-10-23 14:45:00,1729712700000,184.98,185.04,184.4,184.73,2085088.0,184.6998
2024-10-23 15:00:00,1729713600000,184.71,184.97,184.62,184.85,1058378.0,184.7138
2024-10-23 15:15:00,1729714500000,184.85,185.0,184.82,185.0,109708.0,184.941
2024-10-23 15:30:00,1729715400000,184.99,185.13,184.97,185.08,517449.0,184.7345
2024-10-23 15:45:00,1729716300000,185.09,185.2,185.04,185.11,29513.0,185.0964
2024-10-23 16:00:00,1729717200000,185.1,185.18,184.71,185.08,47762.0,184.8414
2024-10-23 16:15:00,1729718100000,185.081,185.19,185.081,185.19,9158.0,185.1767
2024-10-23 16:30:00,1729719000000,185.2,185.25,185.11,185.15,15780.0,185.1687
2024-10-23 16:45:00,1729719900000,185.2,185.2,185.11,185.18,14994.0,185.1493
2024-10-23 17:00:00,1729720800000,185.17,185.28,185.12,185.28,14643.0,185.1817
2024-10-23 17:15:00,1729721700000,185.21,185.25,185.12,185.21,7365.0,185.1797
2024-10-23 17:30:00,1729722600000,185.14,185.28,185.12,185.28,6421.0,185.186
2024-10-23 17:45:00,1729723500000,185.24,185.24,185.15,185.16,7453.0,185.2073
2024-10-23 18:00:00,1729724400000,185.2,185.25,185.16,185.25,4516.0,185.1976
2024-10-23 18:15:00,1729725300000,185.18,185.25,185.12,185.1409,12041.0,185.1606
2024-10-23 18:30:00,1729726200000,185.16,185.18,185.14,185.18,8536.0,185.1604
2024-10-23 18:45:00,1729727100000,185.16,185.25,185.16,185.25,7852.0,185.1948
2024-10-24 03:00:00,1729756800000,185.73,186.39,185.73,186.39,19606.0,186.1344
2024-10-24 03:15:00,1729757700000,186.24,186.29,186.09,186.17,7856.0,186.2141
2024-10-24 03:30:00,1729758600000,186.17,186.17,186.06,186.06,2193.0,186.1126
2024-10-24 03:45:00,1729759500000,186.0,186.02,185.92,185.92,7402.0,185.9899
2024-10-24 04:00:00,1729760400000,186.06,186.18,186.06,186.18,1966.0,186.1474
2024-10-24 04:15:00,1729761300000,186.28,186.33,186.18,186.28,5830.0,186.2645
2024-10-24 04:30:00,1729762200000,186.15,186.21,185.98,186.18,4630.0,186.0866
2024-10-24 04:45:00,1729763100000,186.16,186.16,186.15,186.15,1008.0,186.1574
2024-10-24 05:00:00,1729764000000,186.39,186.5,186.24,186.45,8225.0,186.4221
2024-10-24 05:15:00,1729764900000,186.49,186.51,186.41,186.46,1248.0,186.4576
2024-10-24 05:30:00,1729765800000,186.4,186.54,186.38,186.38,4583.0,186.4452
2024-10-24 05:45:00,1729766700000,186.35,186.35,186.25,186.28,1981.0,186.3126
2024-10-24 06:00:00,1729767600000,186.3,186.3,185.53,185.87,26629.0,185.847
2024-10-24 06:15:00,1729768500000,185.85,186.23,185.77,185.92,19506.0,185.9153
2024-10-24 06:30:00,1729769400000,185.98,186.2,185.9,186.2,9523.0,186.0642
2024-10-24 06:45:00,1729770300000,186.2,186.21,186.05,186.06,8268.0,186.158
2024-10-24 07:00:00,1729771200000,185.8,186.25,185.54,185.92,93521.0,185.9445
2024-10-24 07:15:00,1729772100000,185.95,186.1,185.9,185.9,23662.0,186.025
2024-10-24 07:30:00,1729773000000,185.9,186.09,185.79,185.94,37610.0,185.9302
2024-10-24 07:45:00,1729773900000,185.95,185.95,185.58,185.64,28336.0,185.7155
2024-10-24 08:00:00,1729774800000,185.68,185.95,185.5,185.91,35094.0,185.6886
2024-10-24 08:15:00,1729775700000,185.93,185.93,185.15,185.29,56064.0,185.4461
2024-10-24 08:30:00,1729776600000,185.25,185.71,183.86,185.6506,2163482.0,185.0489
2024-10-24 08:45:00,1729777500000,185.65,185.75,184.64,185.355,1109257.0,185.1409
2024-10-24 09:00:00,1729778400000,185.37,186.07,185.11,186.064,910359.0,185.5447
2024-10-24 09:15:00,1729779300000,186.06,186.44,185.6801,186.005,940197.0,186.0716
2024-10-24 09:30:00,1729780200000,186.02,186.444,186.0,186.21,670677.0,186.2588
2024-10-24 09:45:00,1729781100000,186.2,186.27,185.77,185.87,562431.0,186.0028
2024-10-24 10:00:00,1729782000000,185.88,186.38,185.72,186.369,516859.0,186.0028
2024-10-24 10:15:00,1729782900000,186.36,186.6299,186.11,186.244,641921.0,186.3866
2024-10-24 10:30:00,1729783800000,186.25,186.44,185.95,186.18,366392.0,186.2311
2024-10-24 10:45:00,1729784700000,186.17,186.39,185.73,186.275,485402.0,186.0592
2024-10-24 11:00:00,1729785600000,186.28,186.49,185.65,185.7072,594124.0,185.9973
2024-10-24 11:15:00,1729786500000,185.71,186.7,185.607,186.69,798161.0,186.2467
2024-10-24 11:30:00,1729787400000,186.695,187.11,186.57,186.62,724480.0,186.8803
2024-10-24 11:45:00,1729788300000,186.615,187.02,186.615,186.7346,472265.0,186.8275
2024-10-24 12:00:00,1729789200000,186.715,187.1,186.68,186.88,421454.0,186.9456
2024-10-24 12:15:00,1729790100000,186.875,186.92,186.34,186.54,389864.0,186.5822
2024-10-24 12:30:00,1729791000000,186.54,186.77,186.42,186.74,299060.0,186.5754
2024-10-24 12:45:00,1729791900000,186.745,186.75,186.31,186.34,292829.0,186.5156
2024-10-24 13:00:00,1729792800000,186.355,186.75,186.1325,186.7299,323016.0,186.509
2024-10-24 13:15:00,1729793700000,186.72,186.95,186.47,186.63,381238.0,186.7365
2024-10-24 13:30:00,1729794600000,186.63,186.67,186.25,186.421,412101.0,186.4721
2024-10-24 13:45:00,1729795500000,186.425,186.56,186.3,186.48,325399.0,186.4553
2024-10-24 14:00:00,1729796400000,186.47,186.74,186.1021,186.6101,473345.0,186.3536
2024-10-24 14:15:00,1729797300000,186.61,186.89,186.44,186.47,425759.0,186.6384
2024-10-24 14:30:00,1729798200000,186.48,186.595,186.02,186.27,533038.0,186.328
2024-10-24 14:45:00,1729799100000,186.26,186.75,186.19,186.38,1227253.0,186.4354
2024-10-24 15:00:00,1729800000000,186.38,186.54,186.3,186.4301,521565.0,186.3804
2024-10-24 15:15:00,1729800900000,186.43,186.62,186.22,186.42,80212.0,186.3723
2024-10-24 15:30:00,1729801800000,186.4,186.4,186.33,186.35,5839.0,186.3672
2024-10-24 15:45:00,1729802700000,186.3,186.38,186.25,186.38,197861.0,186.3771
2024-10-24 16:00:00,1729803600000,186.32,186.35,186.32,186.35,1258.0,186.3333
2024-10-24 16:15:00,1729804500000,186.2401,186.34,186.24,186.24,1280.0,185.6671
2024-10-24 16:30:00,1729805400000,186.0521,186.12,186.0132,186.12,7580.0,186.0793
2024-10-24 16:45:00,1729806300000,186.12,186.15,186.02,186.02,10077.0,186.0436
2024-10-24 17:00:00,1729807200000,186.19,186.25,186.0,186.02,2640.0,186.185
2024-10-24 17:15:00,1729808100000,186.12,186.2533,186.12,186.2533,2356.0,186.2008
2024-10-24 17:30:00,1729809000000,186.2436,186.28,186.1038,186.1038,1165.0,186.1993
2024-10-24 17:45:00,1729809900000,186.24,186.24,186.11,186.23,1045.0,186.1756
2024-10-24 18:00:00,1729810800000,186.13,186.13,186.1,186.1,1600.0,186.114
2024-10-24 18:15:00,1729811700000,186.16,186.16,186.1007,186.1007,1002.0,186.1318
2024-10-24 18:30:00,1729812600000,186.12,186.21,186.015,186.1589,4727.0,186.1098
2024-10-24 18:45:00,1729813500000,186.1,186.18,186.01,186.18,8397.0,186.0591
2024-10-25 03:00:00,1729843200000,186.71,187.26,186.71,186.92,9928.0,187.0146
2024-10-25 03:15:00,1729844100000,186.92,186.95,186.85,186.85,2882.0,186.9088
2024-10-25 03:30:00,1729845000000,186.97,186.97,186.96,186.96,412.0,186.9557
2024-10-25 03:45:00,1729845900000,187.0,187.3,187.0,187.3,6399.0,187.0835
2024-10-25 04:00:00,1729846800000,187.39,187.59,187.37,187.59,7236.0,187.4724
2024-10-25 04:15:00,1729847700000,187.5,187.96,187.5,187.77,7154.0,187.7719
2024-10-25 04:30:00,1729848600000,187.77,187.95,187.77,187.95,1387.0,187.8922
2024-10-25 04:45:00,1729849500000,187.69,187.69,187.69,187.69,359.0,187.6905
2024-10-25 05:00:00,1729850400000,187.71,187.95,187.71,187.9,5968.0,187.901
2024-10-25 05:15:00,1729851300000,187.93,187.97,187.71,187.82,2774.0,187.8545
2024-10-25 05:30:00,1729852200000,187.78,187.86,187.65,187.65,2266.0,187.7512
2024-10-25 05:45:00,1729853100000,187.71,187.76,187.69,187.69,1673.0,187.7174
2024-10-25 06:00:00,1729854000000,187.69,187.69,186.83,187.5,25429.0,187.2338
2024-10-25 06:15:00,1729854900000,187.36,187.99,187.03,187.6,39370.0,187.5767
2024-10-25 06:30:00,1729855800000,187.57,187.66,187.55,187.59,2316.0,187.5861
2024-10-25 06:45:00,1729856700000,187.62,187.73,187.56,187.65,14557.0,187.6644
2024-10-25 07:00:00,1729857600000,187.18,187.87,185.915,187.8,77441.0,187.4685
2024-10-25 07:15:00,1729858500000,187.79,187.82,187.55,187.78,22017.0,187.7159
2024-10-25 07:30:00,1729859400000,187.75,188.0,187.6,187.91,35086.0,187.8947
2024-10-25 07:45:00,1729860300000,187.91,188.2001,187.865,188.1,65756.0,188.0396
2024-10-25 08:00:00,1729861200000,188.13,188.15,187.77,188.1,43338.0,187.9662
2024-10-25 08:15:00,1729862100000,188.08,188.17,187.5,187.6192,51379.0,187.9097
2024-10-25 08:30:00,1729863000000,187.85,189.235,187.64,189.044,2546336.0,188.3731
2024-10-25 08:45:00,1729863900000,189.04,189.64,188.95,189.52,1430653.0,189.3297
2024-10-25 09:00:00,1729864800000,189.54,190.4318,189.45,189.81,1706816.0,189.9451
2024-10-25 09:15:00,1729865700000,189.8008,190.45,189.41,190.275,1437110.0,189.9533
2024-10-25 09:30:00,1729866600000,190.26,190.35,189.47,189.55,846475.0,189.9272
2024-10-25 09:45:00,1729867500000,189.56,189.785,189.08,189.68,757009.0,189.4629
2024-10-25 10:00:00,1729868400000,189.67,189.93,189.45,189.8818,592864.0,189.7181
2024-10-25 10:15:00,1729869300000,189.88,190.21,189.57,189.6699,901764.0,189.9739
2024-10-25 10:30:00,1729870200000,189.655,189.86,189.27,189.3988,575172.0,189.5534
2024-10-25 10:45:00,1729871100000,189.3999,189.6499,188.88,189.08,661262.0,189.2528
2024-10-25 11:00:00,1729872000000,189.08,189.52,188.92,189.39,561002.0,189.246
2024-10-25 11:15:00,1729872900000,189.37,190.0,189.34,189.96,796815.0,189.7641
2024-10-25 11:30:00,1729873800000,189.96,190.04,189.76,189.995,486106.0,189.9235
2024-10-25 11:45:00,1729874700000,190.0,190.04,189.665,189.725,477949.0,189.8974
2024-10-25 12:00:00,1729875600000,189.72,189.75,189.32,189.42,380711.0,189.5663
2024-10-25 12:15:00,1729876500000,189.4,189.4,188.76,188.855,574307.0,189.0352
2024-10-25 12:30:00,1729877400000,188.85,188.9,188.0,188.06,672674.0,188.4743
2024-10-25 12:45:00,1729878300000,188.05,188.79,188.03,188.15,663937.0,188.4205
2024-10-25 13:00:00,1729879200000,188.16,188.35,187.74,188.08,627526.0,187.9901
2024-10-25 13:15:00,1729880100000,188.06,188.53,187.98,188.414,457796.0,188.202
2024-10-25 13:30:00,1729881000000,188.42,188.4499,188.23,188.4218,400861.0,188.3724
2024-10-25 13:45:00,1729881900000,188.423,188.6999,188.29,188.405,448938.0,188.4921
2024-10-25 14:00:00,1729882800000,188.41,188.41,187.76,187.84,479418.0,188.1423
2024-10-25 14:15:00,1729883700000,187.825,188.06,187.762,187.94,606672.0,187.9104
2024-10-25 14:30:00,1729884600000,187.93,188.19,187.82,187.9,757625.0,188.0376
2024-10-25 14:45:00,1729885500000,187.9,188.28,187.53,187.82,1695464.0,187.8632
2024-10-25 15:00:00,1729886400000,187.83,187.87,187.7187,187.78,503035.0,187.8294
2024-10-25 15:15:00,1729887300000,187.7791,187.8,187.7,187.7,13411.0,187.7306
2024-10-25 15:30:00,1729888200000,187.6979,187.87,187.6979,187.7701,106902.0,187.827
2024-10-25 15:45:00,1729889100000,187.77,187.85,187.77,187.78,19851.0,187.8031
2024-10-25 16:00:00,1729890000000,187.7999,187.88,187.7708,187.87,13554.0,187.8188
2024-10-25 16:15:00,1729890900000,187.83,187.9,187.8,187.9,272576.0,187.8298
2024-10-25 16:30:00,1729891800000,187.9,187.94,187.85,187.9,5936.0,187.8978
2024-10-25 16:45:00,1729892700000,187.89,187.9057,187.85,187.86,3782.0,187.8753
2024-10-25 17:00:00,1729893600000,187.86,187.9,187.8,187.8499,2266.0,187.8488
2024-10-25 17:15:00,1729894500000,187.8001,187.85,187.8,187.82,3685.0,187.8313
2024-10-25 17:30:00,1729895400000,187.83,187.9,187.83,187.8948,3902.0,187.8817
2024-10-25 17:45:00,1729896300000,187.8879,187.91,187.83,187.9,6180.0,187.891
2024-10-25 18:00:00,1729897200000,187.85,187.9099,187.81,187.84,5199.0,187.8438
2024-10-25 18:15:00,1729898100000,187.88,187.907,187.54,187.54,7304.0,187.6856
2024-10-25 18:30:00,1729899000000,187.6,187.6,187.5,187.5,8902.0,187.5189
2024-10-25 18:45:00,1729899900000,187.5,187.5502,187.273,187.55,13435.0,187.4979
2024-10-28 03:00:00,1730102400000,189.2,189.43,189.0,189.01,14209.0,189.1
2024-10-28 03:15:00,1730103300000,189.13,189.42,189.13,189.42,5440.0,189.2959
2024-10-28 03:30:00,1730104200000,189.42,189.92,189.42,189.9,8456.0,189.6952
2024-10-28 03:45:00,1730105100000,189.94,189.94,189.6,189.8,6403.0,189.8062
2024-10-28 04:00:00,1730106000000,189.8,189.8,189.6,189.61,2672.0,189.6907
2024-10-28 04:15:00,1730106900000,189.7,189.7,189.61,189.68,3586.0,189.6492
2024-10-28 04:30:00,1730107800000,189.59,189.61,189.59,189.61,2590.0,189.6084
2024-10-28 04:45:00,1730108700000,189.61,189.61,189.55,189.55,3214.0,189.5695
2024-10-28 05:00:00,1730109600000,189.54,189.75,189.54,189.67,13130.0,189.6585
2024-10-28 05:15:00,1730110500000,189.67,189.7,189.27,189.27,10859.0,189.4712
2024-10-28 05:30:00,1730111400000,189.28,189.4,189.14,189.39,10146.0,189.2676
2024-10-28 05:45:00,1730112300000,189.32,189.32,189.12,189.13,5685.0,189.1966
2024-10-28 06:00:00,1730113200000,189.14,189.15,188.96,189.1,39941.0,189.0618
2024-10-28 06:15:00,1730114100000,189.1,189.44,189.1,189.44,7195.0,189.2629
2024-10-28 06:30:00,1730115000000,189.44,189.49,189.31,189.4,18336.0,189.3945
2024-10-28 06:45:00,1730115900000,189.4,189.52,189.33,189.51,10161.0,189.4339
2024-10-28 07:00:00,1730116800000,189.15,189.6029,188.91,189.4891,903986.0,187.9867
2024-10-28 07:15:00,1730117700000,189.45,189.45,189.36,189.36,17600.0,189.4179
2024-10-28 07:30:00,1730118600000,189.41,189.85,189.41,189.85,24978.0,189.659
2024-10-28 07:45:00,1730119500000,189.8465,189.86,189.68,189.68,37489.0,189.7995
2024-10-28 08:00:00,1730120400000,189.8,189.8,189.5011,189.6,28557.0,189.6743
2024-10-28 08:15:00,1730121300000,189.59,189.6,189.2,189.49,36300.0,189.445
2024-10-28 08:30:00,1730122200000,189.565,190.21,188.98,189.735,2662300.0,189.597
2024-10-28 08:45:00,1730123100000,189.74,189.96,189.12,189.26,905157.0,189.5223
2024-10-28 09:00:00,1730124000000,189.235,189.79,189.16,189.74,748829.0,189.4805
2024-10-28 09:15:00,1730124900000,189.74,189.8,189.3,189.49,651875.0,189.4744
2024-10-28 09:30:00,1730125800000,189.475,189.92,189.31,189.75,762131.0,189.6189
2024-10-28 09:45:00,1730126700000,189.77,189.82,189.31,189.34,514779.0,189.5855
2024-10-28 10:00:00,1730127600000,189.35,189.36,188.83,189.1499,697045.0,189.059
2024-10-28 10:15:00,1730128500000,189.135,189.51,189.06,189.44,606368.0,189.319
2024-10-28 10:30:00,1730129400000,189.44,189.5899,189.21,189.49,639868.0,189.4323
2024-10-28 10:45:00,1730130300000,189.5,189.75,189.3,189.3676,627524.0,189.5638
2024-10-28 11:00:00,1730131200000,189.37,189.385,189.02,189.295,493290.0,189.2324
2024-10-28 11:15:00,1730132100000,189.28,189.65,189.28,189.59,442154.0,189.4719
2024-10-28 11:30:00,1730133000000,189.57,189.62,189.14,189.565,469655.0,189.4024
2024-10-28 11:45:00,1730133900000,189.565,189.5899,189.29,189.294,446442.0,189.427
2024-10-28 12:00:00,1730134800000,189.29,189.36,188.9,188.93,489771.0,189.1755
2024-10-28 12:15:00,1730135700000,188.9299,189.42,188.9,189.1621,554174.0,189.2201
2024-10-28 12:30:00,1730136600000,189.17,189.4,189.03,189.1917,407701.0,189.1981
2024-10-28 12:45:00,1730137500000,189.195,189.47,189.164,189.36,286925.0,189.3106
2024-10-28 13:00:00,1730138400000,189.35,189.35,189.13,189.15,562783.0,189.255
2024-10-28 13:15:00,1730139300000,189.15,189.3999,188.96,189.21,532385.0,189.1457
2024-10-28 13:30:00,1730140200000,189.21,189.32,189.1,189.13,544736.0,189.0354
2024-10-28 13:45:00,1730141100000,189.1137,189.25,188.94,189.06,500511.0,189.1185
2024-10-28 14:00:00,1730142000000,189.06,189.2,188.89,188.96,420168.0,189.0042
2024-10-28 14:15:00,1730142900000,188.965,189.2,188.9109,189.165,481925.0,189.0476
2024-10-28 14:30:00,1730143800000,189.16,189.16,188.845,188.905,906749.0,188.8521
2024-10-28 14:45:00,1730144700000,188.905,188.9277,188.21,188.5,2163843.0,188.4817
2024-10-28 15:00:00,1730145600000,188.39,188.44,188.38,188.39,242611.0,188.3925
2024-10-28 15:15:00,1730146500000,188.4,188.52,188.3768,188.52,48721.0,188.3996
2024-10-28 15:30:00,1730147400000,188.5001,188.6,188.42,188.5199,46789.0,188.4167
2024-10-28 15:45:00,1730148300000,188.48,188.52,188.42,188.43,5140.0,183.8483
2024-10-28 16:00:00,1730149200000,188.4098,188.48,188.4098,188.45,8439.0,183.3357
2024-10-28 16:15:00,1730150100000,188.45,188.45,188.35,188.38,7324.0,188.4032
2024-10-28 16:30:00,1730151000000,188.38,188.52,188.38,188.52,4133.0,188.0235
2024-10-28 16:45:00,1730151900000,188.52,188.5597,188.52,188.5391,5261.0,188.5365
2024-10-28 17:00:00,1730152800000,188.52,188.52,188.36,188.3879,9296.0,188.4459
2024-10-28 17:15:00,1730153700000,188.35,188.4,188.25,188.3087,19160.0,188.3284
2024-10-28 17:30:00,1730154600000,188.3,188.4,188.3,188.4,957.0,188.33
2024-10-28 17:45:00,1730155500000,188.34,188.34,188.15,188.25,8545.0,188.2204
2024-10-28 18:00:00,1730156400000,188.25,188.37,188.22,188.37,4418.0,188.3168
2024-10-28 18:15:00,1730157300000,188.33,188.33,188.29,188.29,1728.0,188.3121
2024-10-28 18:30:00,1730158200000,188.2919,188.33,188.22,188.25,4609.0,188.2706
2024-10-28 18:45:00,1730159100000,188.25,188.3501,188.25,188.35,7218.0,188.3105
2024-10-29 03:00:00,1730188800000,188.67,188.84,188.64,188.75,9624.0,188.7375
2024-10-29 03:15:00,1730189700000,188.77,188.86,188.5,188.6,8036.0,188.6491
2024-10-29 03:30:00,1730190600000,188.64,188.8,188.64,188.7,3612.0,188.7416
2024-10-29 03:45:00,1730191500000,188.82,188.82,188.61,188.61,1712.0,188.7311
2024-10-29 04:00:00,1730192400000,188.61,188.78,188.58,188.64,3044.0,188.6404
2024-10-29 04:15:00,1730193300000,188.75,188.75,188.75,188.75,286.0,188.7453
2024-10-29 04:30:00,1730194200000,188.79,188.79,188.64,188.72,2366.0,188.6934
2024-10-29 04:45:00,1730195100000,188.58,188.58,188.58,188.58,1418.0,188.5805
2024-10-29 05:00:00,1730196000000,188.67,188.67,188.67,188.67,113.0,188.6712
2024-10-29 05:15:00,1730196900000,188.51,188.51,188.47,188.47,750.0,188.4971
2024-10-29 05:30:00,1730197800000,188.79,188.79,188.59,188.62,1437.0,188.6594
2024-10-29 05:45:00,1730198700000,188.75,188.75,188.75,188.75,315.0,188.7475
2024-10-29 06:00:00,1730199600000,188.7,188.7,188.23,188.39,12006.0,188.4217
2024-10-29 06:15:00,1730200500000,188.36,188.48,187.96,187.96,10544.0,188.1432
2024-10-29 06:30:00,1730201400000,187.99,188.32,187.99,188.32,5032.0,188.075
2024-10-29 06:45:00,1730202300000,188.3,188.33,188.13,188.19,2245.0,188.2493
2024-10-29 07:00:00,1730203200000,188.33,189.16,187.92,188.1601,45115.0,188.2802
2024-10-29 07:15:00,1730204100000,188.32,188.4127,188.19,188.28,11341.0,188.297
2024-10-29 07:30:00,1730205000000,188.2106,188.4,188.18,188.35,12384.0,188.2947
2024-10-29 07:45:00,1730205900000,188.3322,188.38,188.14,188.31,14587.0,188.277
2024-10-29 08:00:00,1730206800000,188.3486,188.75,188.23,188.5018,29317.0,188.4903
2024-10-29 08:15:00,1730207700000,188.499,188.74,188.14,188.7,43189.0,188.4505
2024-10-29 08:30:00,1730208600000,188.58,188.88,187.815,188.5501,1869253.0,188.3438
2024-10-29 08:45:00,1730209500000,188.56,188.78,187.84,188.61,944859.0,188.3323
2024-10-29 09:00:00,1730210400000,188.61,188.8262,188.3201,188.695,814916.0,188.5914
2024-10-29 09:15:00,1730211300000,188.695,189.225,188.415,188.46,1012641.0,188.8072
2024-10-29 09:30:00,1730212200000,188.48,189.1,188.48,189.06,582660.0,188.8504
2024-10-29 09:45:00,1730213100000,189.07,189.35,188.695,189.35,599096.0,189.0178
2024-10-29 10:00:00,1730214000000,189.35,189.69,189.05,189.66,717549.0,189.3869
2024-10-29 10:15:00,1730214900000,189.65,189.77,189.43,189.49,684395.0,189.6187
2024-10-29 10:30:00,1730215800000,189.495,189.77,189.47,189.67,474690.0,189.6604
2024-10-29 10:45:00,1730216700000,189.68,189.78,189.45,189.64,496944.0,189.6651
2024-10-29 11:00:00,1730217600000,189.64,189.9468,189.21,189.4092,1263491.0,189.6449
2024-10-29 11:15:00,1730218500000,189.42,189.85,189.355,189.45,649797.0,189.6191
2024-10-29 11:30:00,1730219400000,189.47,189.785,189.24,189.7601,520514.0,189.5333
2024-10-29 11:45:00,1730220300000,189.755,190.4,189.7133,190.03,997265.0,190.0914
2024-10-29 12:00:00,1730221200000,190.0498,190.58,190.02,190.56,558041.0,190.3757
2024-10-29 12:15:00,1730222100000,190.555,190.67,190.26,190.49,546543.0,190.4839
2024-10-29 12:30:00,1730223000000,190.5,190.88,190.3786,190.63,601815.0,190.6829
2024-10-29 12:45:00,1730223900000,190.62,190.7398,190.5801,190.71,387647.0,190.6438
2024-10-29 13:00:00,1730224800000,190.71,190.8403,190.58,190.82,470707.0,190.7289
2024-10-29 13:15:00,1730225700000,190.83,191.06,190.77,190.925,743826.0,190.9163
2024-10-29 13:30:00,1730226600000,190.93,191.08,190.73,190.96,631004.0,190.8917
2024-10-29 13:45:00,1730227500000,190.965,191.3,190.895,191.275,827030.0,191.1353
2024-10-29 14:00:00,1730228400000,191.285,191.3099,191.045,191.23,721331.0,191.2276
2024-10-29 14:15:00,1730229300000,191.23,191.4599,191.01,191.415,788187.0,191.2342
2024-10-29 14:30:00,1730230200000,191.4,191.45,191.0,191.13,1662191.0,191.0149
2024-10-29 14:45:00,1730231100000,191.135,191.27,190.66,190.81,2785512.0,190.9553
2024-10-29 15:00:00,1730232000000,190.83,192.8,190.7,192.8,1279002.0,191.0213
2024-10-29 15:15:00,1730232900000,192.8,192.93,192.16,192.5,148851.0,192.5804
2024-10-29 15:30:00,1730233800000,192.5,193.25,192.5,193.0,143094.0,192.9633
2024-10-29 15:45:00,1730234700000,193.06,193.4,192.91,193.3,94448.0,193.2121
2024-10-29 16:00:00,1730235600000,193.27,193.69,190.83,193.5,794800.0,191.1624
2024-10-29 16:15:00,1730236500000,193.4501,193.6,193.27,193.53,57048.0,193.4362
2024-10-29 16:30:00,1730237400000,193.53,193.75,190.83,193.6966,28619.0,193.2827
2024-10-29 16:45:00,1730238300000,193.61,193.7,193.6,193.65,21104.0,193.6392
2024-10-29 17:00:00,1730239200000,193.65,193.68,193.6034,193.65,18847.0,193.6471
2024-10-29 17:15:00,1730240100000,193.6315,193.7,193.4,193.5,19782.0,193.5997
2024-10-29 17:30:00,1730241000000,193.46,193.6,193.4073,193.58,9060.0,193.5381
2024-10-29 17:45:00,1730241900000,193.52,193.6471,193.4,193.6446,14511.0,193.5222
2024-10-29 18:00:00,1730242800000,193.63,193.65,193.45,193.48,16403.0,193.5858
2024-10-29 18:15:00,1730243700000,193.48,193.59,193.46,193.52,13028.0,193.5176
2024-10-29 18:30:00,1730244600000,193.55,193.69,193.52,193.6104,25848.0,193.6153
2024-10-29 18:45:00,1730245500000,193.6781,193.9,193.62,193.7915,51777.0,193.7584
2024-10-30 03:00:00,1730275200000,194.0,194.5,193.52,193.71,37323.0,193.972
2024-10-30 03:15:00,1730276100000,193.72,194.29,193.72,194.06,18207.0,194.069
2024-10-30 03:30:00,1730277000000,194.1,194.13,193.75,193.98,17150.0,193.9624
2024-10-30 03:45:00,1730277900000,193.99,194.17,193.89,194.17,8596.0,194.0273
2024-10-30 04:00:00,1730278800000,194.17,194.49,194.1,194.41,10539.0,194.2236
2024-10-30 04:15:00,1730279700000,194.46,194.68,194.38,194.5,7005.0,194.5461
2024-10-30 04:30:00,1730280600000,194.5,194.67,194.49,194.67,12099.0,194.5704
2024-10-30 04:45:00,1730281500000,194.66,194.8,194.45,194.45,14147.0,194.6491
2024-10-30 05:00:00,1730282400000,194.5,194.68,194.43,194.68,7108.0,194.5352
2024-10-30 05:15:00,1730283300000,194.69,194.89,194.62,194.88,19373.0,194.8025
2024-10-30 05:30:00,1730284200000,194.89,194.9,194.52,194.6,14897.0,194.7134
2024-10-30 05:45:00,1730285100000,194.61,194.79,194.39,194.69,9354.0,194.6273
2024-10-30 06:00:00,1730286000000,194.6,194.89,194.34,194.87,40096.0,194.6266
2024-10-30 06:15:00,1730286900000,194.9,195.15,194.71,194.81,69134.0,194.9717
2024-10-30 06:30:00,1730287800000,194.74,195.05,194.65,195.0,38289.0,194.8891
2024-10-30 06:45:00,1730288700000,194.94,194.98,194.55,194.77,34196.0,194.7184
2024-10-30 07:00:00,1730289600000,194.49,195.25,193.31,195.24,206698.0,194.7992
2024-10-30 07:15:00,1730290500000,195.2,195.3539,194.82,194.9,77013.0,194.9879
2024-10-30 07:30:00,1730291400000,194.86,194.95,194.7,194.9,118113.0,194.829
2024-10-30 07:45:00,1730292300000,194.9,194.92,194.6,194.75,80668.0,194.7659
2024-10-30 08:00:00,1730293200000,194.62,194.97,194.5,194.97,137483.0,194.6956
2024-10-30 08:15:00,1730294100000,194.98,195.0,194.35,194.73,149599.0,194.6645
2024-10-30 08:30:00,1730295000000,194.695,195.61,192.91,193.34,5324471.0,194.5838
2024-10-30 08:45:00,1730295900000,193.33,193.74,192.88,193.15,1742372.0,193.3343
2024-10-30 09:00:00,1730296800000,193.09,193.47,192.67,193.17,1406369.0,193.1147
2024-10-30 09:15:00,1730297700000,193.1432,193.9124,193.135,193.9124,1040994.0,193.6163
2024-10-30 09:30:00,1730298600000,193.9,194.2,193.745,194.04,1177968.0,194.0064
2024-10-30 09:45:00,1730299500000,194.035,194.1365,192.92,193.52,1099517.0,193.4569
2024-10-30 10:00:00,1730300400000,193.4775,193.49,193.06,193.16,616034.0,193.2732
2024-10-30 10:15:00,1730301300000,193.16,193.98,193.1448,193.87,753547.0,193.6396
2024-10-30 10:30:00,1730302200000,193.865,193.96,193.55,193.825,573503.0,193.7902
2024-10-30 10:45:00,1730303100000,193.835,194.35,193.77,194.19,710496.0,194.1259
2024-10-30 11:00:00,1730304000000,194.19,194.3,193.88,193.9,621750.0,194.0695
2024-10-30 11:15:00,1730304900000,193.8842,194.285,193.77,194.22,573586.0,194.013
2024-10-30 11:30:00,1730305800000,194.2225,194.365,193.9,193.95,609979.0,194.1454
2024-10-30 11:45:00,1730306700000,193.95,194.0399,193.85,193.855,509584.0,193.9589
2024-10-30 12:00:00,1730307600000,193.85,194.2732,193.8,194.1599,495095.0,194.0821
2024-10-30 12:15:00,1730308500000,194.15,194.27,193.84,193.89,531165.0,194.1182
2024-10-30 12:30:00,1730309400000,193.88,194.1,193.5201,193.7,789266.0,193.8044
2024-10-30 12:45:00,1730310300000,193.7,194.04,193.21,193.27,1061465.0,193.5793
2024-10-30 13:00:00,1730311200000,193.26,193.87,193.25,193.5731,665096.0,193.596
2024-10-30 13:15:00,1730312100000,193.58,193.705,193.36,193.49,675091.0,193.5015
2024-10-30 13:30:00,1730313000000,193.485,193.75,193.41,193.7263,620575.0,193.5809
2024-10-30 13:45:00,1730313900000,193.725,193.79,193.52,193.62,569526.0,193.6821
2024-10-30 14:00:00,1730314800000,193.615,193.67,193.15,193.65,812933.0,193.4489
2024-10-30 14:15:00,1730315700000,193.66,193.78,193.43,193.66,682624.0,193.6053
2024-10-30 14:30:00,1730316600000,193.65,193.77,193.34,193.375,794934.0,193.596
2024-10-30 14:45:00,1730317500000,193.37,193.47,192.42,192.82,3607491.0,192.8291
2024-10-30 15:00:00,1730318400000,192.73,194.15,191.72,192.7,2241525.0,192.7509
2024-10-30 15:15:00,1730319300000,192.74,193.25,192.2025,193.25,82299.0,192.5394
2024-10-30 15:30:00,1730320200000,193.2495,193.45,192.6301,192.6518,94033.0,193.0609
2024-10-30 15:45:00,1730321100000,192.76,192.9499,192.6,192.8,30946.0,192.1016
2024-10-30 16:00:00,1730322000000,192.66,192.98,192.66,192.98,320692.0,192.7367
2024-10-30 16:15:00,1730322900000,192.99,193.09,192.66,192.8,22882.0,192.8808
2024-10-30 16:30:00,1730323800000,192.76,192.8,192.18,192.25,37666.0,192.4133
2024-10-30 16:45:00,1730324700000,192.25,192.4364,192.02,192.051,32230.0,192.2372
2024-10-30 17:00:00,1730325600000,192.02,192.2,188.55,190.99,246401.0,190.2042
2024-10-30 17:15:00,1730326500000,190.8,190.8,189.67,190.4,88001.0,190.2235
2024-10-30 17:30:00,1730327400000,190.15,190.6839,190.07,190.6839,38386.0,190.3384
2024-10-30 17:45:00,1730328300000,190.68,191.13,190.3864,191.13,56090.0,190.8103
2024-10-30 18:00:00,1730329200000,191.0004,191.65,190.98,191.2,38258.0,191.3394
2024-10-30 18:15:00,1730330100000,191.27,191.2993,191.1,191.2799,18077.0,191.183
2024-10-30 18:30:00,1730331000000,191.1767,191.66,191.15,191.63,31642.0,191.4506
2024-10-30 18:45:00,1730331900000,191.63,191.6955,191.5,191.5101,37496.0,191.5554
2024-10-31 03:00:00,1730361600000,189.79,190.5,189.79,190.12,34767.0,190.1425
2024-10-31 03:15:00,1730362500000,190.2,190.46,190.17,190.34,5037.0,190.3345
2024-10-31 03:30:00,1730363400000,190.26,190.31,190.04,190.04,10221.0,190.1207
2024-10-31 03:45:00,1730364300000,190.04,190.93,190.01,190.49,11144.0,190.2452
2024-10-31 04:00:00,1730365200000,190.31,190.37,190.14,190.37,2062.0,190.2886
2024-10-31 04:15:00,1730366100000,190.27,190.64,190.27,190.58,3479.0,190.5532
2024-10-31 04:30:00,1730367000000,190.6,190.74,190.57,190.69,5461.0,190.7008
2024-10-31 04:45:00,1730367900000,190.61,190.61,190.39,190.55,1573.0,190.5028
2024-10-31 05:00:00,1730368800000,190.46,190.47,190.25,190.25,4460.0,190.3519
2024-10-31 05:15:00,1730369700000,190.34,190.48,190.3,190.48,2804.0,190.4218
2024-10-31 05:30:00,1730370600000,190.48,190.48,190.28,190.34,3721.0,190.3989
2024-10-31 05:45:00,1730371500000,190.41,190.69,190.35,190.56,6452.0,190.5771
2024-10-31 06:00:00,1730372400000,190.43,191.04,190.42,191.0,31439.0,190.6976
2024-10-31 06:15:00,1730373300000,190.68,190.84,190.5,190.71,16710.0,190.6782
2024-10-31 06:30:00,1730374200000,190.65,190.73,190.51,190.72,10652.0,190.6274
2024-10-31 06:45:00,1730375100000,190.7,191.24,190.7,191.24,15492.0,190.9406
2024-10-31 07:00:00,1730376000000,190.5,191.7,189.75,191.0,108394.0,190.9133
2024-10-31 07:15:00,1730376900000,190.95,191.2,190.65,191.1199,53522.0,190.8479
2024-10-31 07:30:00,1730377800000,191.01,191.16,190.38,190.65,89927.0,190.6236
2024-10-31 07:45:00,1730378700000,190.68,190.85,190.1,190.29,58822.0,190.4232
2024-10-31 08:00:00,1730379600000,190.26,190.4,190.05,190.249,574481.0,192.5294
2024-10-31 08:15:00,1730380500000,190.15,191.01,190.14,190.5,121414.0,190.5169
2024-10-31 08:30:00,1730381400000,190.51,190.6,189.15,190.0299,3692062.0,190.0136
2024-10-31 08:45:00,1730382300000,189.95,189.95,188.02,188.29,2418542.0,188.6954
2024-10-31 09:00:00,1730383200000,188.29,188.73,187.76,188.08,1842755.0,188.1647
2024-10-31 09:15:00,1730384100000,188.1009,188.45,187.25,187.3018,1953269.0,188.0098
2024-10-31 09:30:00,1730385000000,187.295,187.7199,187.02,187.3,1399010.0,187.352
2024-10-31 09:45:00,1730385900000,187.275,187.3488,186.7705,187.13,1475878.0,187.0637
2024-10-31 10:00:00,1730386800000,187.13,187.5,186.42,186.4851,1540918.0,186.8957
2024-10-31 10:15:00,1730387700000,186.5,187.26,186.34,187.11,1256062.0,186.7986
2024-10-31 10:30:00,1730388600000,187.1,187.2,186.48,186.54,1055038.0,186.8159
2024-10-31 10:45:00,1730389500000,186.54,186.59,186.03,186.18,1356116.0,186.2351
2024-10-31 11:00:00,1730390400000,186.19,186.34,185.5687,186.33,1921360.0,185.9194
2024-10-31 11:15:00,1730391300000,186.32,186.85,186.1401,186.455,1832053.0,186.5322
2024-10-31 11:30:00,1730392200000,186.45,186.8,186.295,186.4281,1143998.0,186.5235
2024-10-31 11:45:00,1730393100000,186.43,186.68,186.205,186.38,911815.0,186.4289
2024-10-31 12:00:00,1730394000000,186.38,186.82,186.275,186.76,934449.0,186.6215
2024-10-31 12:15:00,1730394900000,186.765,186.87,186.2,186.2081,803290.0,186.593
2024-10-31 12:30:00,1730395800000,186.2,186.29,185.56,185.91,1475605.0,185.8711
2024-10-31 12:45:00,1730396700000,185.92,186.25,185.735,185.86,999180.0,185.9819
2024-10-31 13:00:00,1730397600000,185.8699,186.083,185.57,185.73,1016750.0,185.8123
2024-10-31 13:15:00,1730398500000,185.73,185.79,185.23,185.63,1514189.0,185.4612
2024-10-31 13:30:00,1730399400000,185.63,185.74,185.23,185.615,1149677.0,185.4667
2024-10-31 13:45:00,1730400300000,185.615,185.9,185.33,185.705,1066315.0,185.5793
2024-10-31 14:00:00,1730401200000,185.705,186.68,185.69,186.655,1742017.0,186.2304
2024-10-31 14:15:00,1730402100000,186.64,186.92,186.14,186.29,2056747.0,186.5587
2024-10-31 14:30:00,1730403000000,186.3,186.502,185.7,186.28,2287892.0,186.0809
2024-10-31 14:45:00,1730403900000,186.275,186.75,185.94,186.125,5393377.0,186.3419
2024-10-31 15:00:00,1730404800000,186.4,198.88,184.2,194.91,9611262.0,194.2228
2024-10-31 15:15:00,1730405700000,194.91,196.49,186.4,194.2001,2857363.0,195.1967
2024-10-31 15:30:00,1730406600000,194.2,194.99,193.4,194.3,1023018.0,194.0924
2024-10-31 15:45:00,1730407500000,194.43,194.43,186.4,192.75,1133329.0,192.5754
2024-10-31 16:00:00,1730408400000,192.96,195.37,192.77,195.16,1699807.0,190.7273
2024-10-31 16:15:00,1730409300000,195.1,195.28,192.58,194.18,716149.0,194.1124
2024-10-31 16:30:00,1730410200000,194.31,195.2,194.17,195.0,309796.0,194.8109
2024-10-31 16:45:00,1730411100000,194.96,196.95,194.6,196.92,797381.0,196.0537
2024-10-31 17:00:00,1730412000000,196.97,197.77,196.7525,197.0,685682.0,197.2811
2024-10-31 17:15:00,1730412900000,197.05,197.17,196.55,196.9,182823.0,196.9665
2024-10-31 17:30:00,1730413800000,196.9792,197.2,196.85,197.15,100080.0,196.9907
2024-10-31 17:45:00,1730414700000,197.13,197.18,195.6,196.1,144178.0,196.1215
2024-10-31 18:00:00,1730415600000,196.15,196.6,196.1,196.59,71790.0,196.3872
2024-10-31 18:15:00,1730416500000,196.58,197.27,196.56,197.23,103661.0,197.0833
2024-10-31 18:30:00,1730417400000,197.2,197.29,197.2,197.2,84901.0,197.2121
2024-10-31 18:45:00,1730418300000,197.2001,197.53,197.11,197.5001,172877.0,197.2387
2024-11-01 03:00:00,1730448000000,197.3,197.84,196.99,197.0,88074.0,197.352
2024-11-01 03:15:00,1730448900000,197.01,197.34,196.52,197.27,41343.0,196.8685
2024-11-01 03:30:00,1730449800000,197.05,197.1,196.72,196.8,24500.0,196.9264
2024-11-01 03:45:00,1730450700000,196.81,196.9,196.71,196.71,11008.0,196.7547
2024-11-01 04:00:00,1730451600000,196.73,197.6,196.73,197.52,30597.0,197.2085
2024-11-01 04:15:00,1730452500000,197.55,198.09,197.55,198.04,45450.0,197.8409
2024-11-01 04:30:00,1730453400000,198.05,198.2,197.75,197.91,27442.0,197.9069
2024-11-01 04:45:00,1730454300000,197.91,197.97,197.77,197.88,16187.0,197.8717
2024-11-01 05:00:00,1730455200000,197.85,198.0,197.75,197.91,12994.0,197.8592
2024-11-01 05:15:00,1730456100000,197.81,198.0,197.77,197.77,8946.0,197.9012
2024-11-01 05:30:00,1730457000000,197.83,199.0,197.83,198.85,118937.0,198.523
2024-11-01 05:45:00,1730457900000,198.85,199.25,198.77,198.86,93192.0,199.0043
2024-11-01 06:00:00,1730458800000,198.77,199.22,198.2,199.22,183101.0,198.7481
2024-11-01 06:15:00,1730459700000,199.22,199.25,198.82,199.2,111780.0,199.1197
2024-11-01 06:30:00,1730460600000,199.18,200.1,199.18,199.78,416968.0,199.8031
2024-11-01 06:45:00,1730461500000,199.76,200.2,199.45,199.92,237411.0,199.914
2024-11-01 07:00:00,1730462400000,198.42,200.2,197.1,199.95,707737.0,198.7672
2024-11-01 07:15:00,1730463300000,200.0095,200.1,199.7,199.82,192021.0,199.9098
2024-11-01 07:30:00,1730464200000,199.8,200.0,199.05,199.29,370865.0,199.4725
2024-11-01 07:45:00,1730465100000,199.31,199.52,199.0,199.03,300143.0,199.1994
2024-11-01 08:00:00,1730466000000,199.05,199.49,198.61,199.31,803354.0,191.0101
2024-11-01 08:15:00,1730466900000,199.28,199.47,198.6,198.91,781478.0,199.1635
2024-11-01 08:30:00,1730467800000,199.0,200.0,197.02,198.74,17662437.0,198.9275
2024-11-01 08:45:00,1730468700000,198.75,199.9,198.45,199.35,6522710.0,199.35
2024-11-01 09:00:00,1730469600000,199.35,199.47,197.61,198.78,5151817.0,198.4107
2024-11-01 09:15:00,1730470500000,198.785,199.9,198.0,199.88,4010398.0,199.0404
2024-11-01 09:30:00,1730471400000,199.88,200.5,198.81,199.39,9327245.0,199.8192
2024-11-01 09:45:00,1730472300000,199.37,200.11,198.9,199.92,3287946.0,199.6422
2024-11-01 10:00:00,1730473200000,199.95,200.02,199.31,199.66,2643819.0,199.6744
2024-11-01 10:15:00,1730474100000,199.67,200.03,199.45,199.9269,3158935.0,199.8661
2024-11-01 10:30:00,1730475000000,199.93,200.25,199.55,199.784,2755881.0,199.8602
2024-11-01 10:45:00,1730475900000,199.78,199.96,199.0,199.315,2444294.0,199.4503
2024-11-01 11:00:00,1730476800000,199.315,199.86,199.13,199.46,2146498.0,199.519
2024-11-01 11:15:00,1730477700000,199.465,199.66,198.28,198.7708,2255838.0,199.0157
2024-11-01 11:30:00,1730478600000,198.7801,199.05,198.27,198.495,1374142.0,198.7679
2024-11-01 11:45:00,1730479500000,198.499,198.8447,198.29,198.4,1169881.0,198.6187
2024-11-01 12:00:00,1730480400000,198.39,198.5,197.43,198.2,2068784.0,198.0043
2024-11-01 12:15:00,1730481300000,198.2,198.85,198.03,198.6278,1114373.0,198.4521
2024-11-01 12:30:00,1730482200000,198.63,198.63,197.67,197.7403,1470442.0,198.0907
2024-11-01 12:45:00,1730483100000,197.76,198.17,197.52,197.69,1226683.0,197.7926
2024-11-01 13:00:00,1730484000000,197.7,198.31,197.59,197.9594,1220327.0,197.9649
2024-11-01 13:15:00,1730484900000,197.94,198.51,197.885,198.42,1212251.0,198.2391
2024-11-01 13:30:00,1730485800000,198.42,198.45,197.81,198.0499,1076989.0,198.1388
2024-11-01 13:45:00,1730486700000,198.05,198.37,197.88,198.3543,1119472.0,198.1415
2024-11-01 14:00:00,1730487600000,198.34,198.75,198.12,198.71,1385109.0,198.4483
2024-11-01 14:15:00,1730488500000,198.7,198.71,197.805,197.82,1696160.0,198.4651
2024-11-01 14:30:00,1730489400000,197.82,198.3801,197.69,198.2,1759268.0,198.0408
2024-11-01 14:45:00,1730490300000,198.19,198.39,197.34,197.87,5007564.0,197.9053
2024-11-01 15:00:00,1730491200000,197.93,197.95,197.45,197.93,512207.0,197.8909
2024-11-01 15:15:00,1730492100000,197.69,197.69,197.47,197.55,39261.0,197.5631
2024-11-01 15:30:00,1730493000000,197.58,197.68,197.5508,197.67,37516.0,197.6111
2024-11-01 15:45:00,1730493900000,197.66,197.93,197.64,197.72,22711.0,197.7063
2024-11-01 16:00:00,1730494800000,197.7,197.74,197.53,197.6091,31805.0,197.6476
2024-11-01 16:15:00,1730495700000,197.58,197.93,197.46,197.4601,660287.0,197.9162
2024-11-01 16:30:00,1730496600000,197.6,197.93,197.28,197.31,28307.0,197.432
2024-11-01 16:45:00,1730497500000,197.32,197.4,197.02,197.21,30032.0,197.2403
2024-11-01 17:00:00,1730498400000,197.2742,197.4,197.1,197.25,13725.0,197.2832
2024-11-01 17:15:00,1730499300000,197.25,197.35,197.21,197.34,12930.0,197.2936
2024-11-01 17:30:00,1730500200000,197.34,197.41,197.3,197.3,13982.0,197.3726
2024-11-01 17:45:00,1730501100000,197.3015,197.34,197.0801,197.1091,13424.0,197.2082
2024-11-01 18:00:00,1730502000000,197.11,197.3,197.11,197.3,8600.0,197.2085
2024-11-01 18:15:00,1730502900000,197.2866,197.3,197.14,197.25,13492.0,197.2194
2024-11-01 18:30:00,1730503800000,197.13,197.25,197.02,197.02,19152.0,197.1335
2024-11-01 18:45:00,1730504700000,197.03,197.1897,197.0,197.01,30761.0,197.0619
2024-11-04 04:00:00,1730710800000,197.29,197.49,196.35,196.4,27163.0,196.6827
2024-11-04 04:15:00,1730711700000,196.58,196.7,196.58,196.63,5768.0,196.6385
2024-11-04 04:30:00,1730712600000,196.81,196.81,195.99,196.45,54163.0,196.1786
2024-11-04 04:45:00,1730713500000,196.45,196.49,196.38,196.38,3697.0,196.4407
2024-11-04 05:00:00,1730714400000,196.33,196.65,196.3,196.65,8278.0,196.4952
2024-11-04 05:15:00,1730715300000,196.65,196.65,196.35,196.48,5140.0,196.5311
2024-11-04 05:30:00,1730716200000,196.48,196.67,196.48,196.59,4847.0,196.5796
2024-11-04 05:45:00,1730717100000,196.58,196.75,196.53,196.7,13173.0,196.6665
2024-11-04 06:00:00,1730718000000,196.74,196.74,196.5,196.5,2645.0,196.6383
2024-11-04 06:15:00,1730718900000,196.46,196.7,196.46,196.57,6520.0,196.5737
2024-11-04 06:30:00,1730719800000,196.56,196.6,196.45,196.5,11141.0,196.5239
2024-11-04 06:45:00,1730720700000,196.46,196.49,196.35,196.38,3402.0,196.4175
2024-11-04 07:00:00,1730721600000,196.37,196.68,196.25,196.56,50247.0,196.4831
2024-11-04 07:15:00,1730722500000,196.55,196.75,196.25,196.25,32619.0,196.5416
2024-11-04 07:30:00,1730723400000,196.26,196.28,195.8,196.15,39885.0,196.0777
2024-11-04 07:45:00,1730724300000,196.16,196.42,196.15,196.4,29197.0,196.3168
2024-11-04 08:00:00,1730725200000,196.6,197.69,195.8001,196.16,281267.0,197.2288
2024-11-04 08:15:00,1730726100000,196.2,196.4,196.01,196.08,41400.0,196.2038
2024-11-04 08:30:00,1730727000000,196.11,196.4,196.0252,196.14,32016.0,196.2421
2024-11-04 08:45:00,1730727900000,196.12,196.27,195.8843,196.26,76477.0,196.073
2024-11-04 09:00:00,1730728800000,196.25,196.55,196.25,196.4148,70695.0,196.3637
2024-11-04 09:15:00,1730729700000,196.36,197.0,195.542,196.54,129478.0,196.1041
2024-11-04 09:30:00,1730730600000,196.45,197.0,195.4,196.75,4324070.0,196.2205
2024-11-04 09:45:00,1730731500000,196.7575,197.33,195.99,196.125,1940197.0,196.588
2024-11-04 10:00:00,1730732400000,196.1,196.77,195.95,196.2973,1605428.0,196.4518
2024-11-04 10:15:00,1730733300000,196.295,196.91,196.14,196.45,1518415.0,196.5239
2024-11-04 10:30:00,1730734200000,196.4482,197.17,196.29,197.075,1289797.0,196.9191
2024-11-04 10:45:00,1730735100000,197.0766,197.28,196.88,197.04,1137803.0,197.0999
2024-11-04 11:00:00,1730736000000,197.0301,197.13,196.4,196.81,2191958.0,196.9117
2024-11-04 11:15:00,1730736900000,196.82,196.96,196.05,196.13,1732845.0,196.3466
2024-11-04 11:30:00,1730737800000,196.1335,196.31,195.272,195.42,1278671.0,195.8279
2024-11-04 11:45:00,1730738700000,195.41,195.47,194.4,194.83,1476232.0,194.911
2024-11-04 12:00:00,1730739600000,194.83,195.12,194.3101,194.6599,1060570.0,194.7301
2024-11-04 12:15:00,1730740500000,194.66,195.225,194.61,195.225,935125.0,194.8845
2024-11-04 12:30:00,1730741400000,195.23,195.5,195.04,195.27,783854.0,195.2804
2024-11-04 12:45:00,1730742300000,195.27,195.67,195.2601,195.42,639933.0,195.487
2024-11-04 13:00:00,1730743200000,195.41,195.77,194.96,195.68,1017337.0,195.3578
2024-11-04 13:15:00,1730744100000,195.66,196.02,195.595,195.81,655107.0,195.8303
2024-11-04 13:30:00,1730745000000,195.815,196.005,195.68,195.96,534774.0,195.882
2024-11-04 13:45:00,1730745900000,195.965,196.025,195.77,195.8001,646416.0,195.9242
2024-11-04 14:00:00,1730746800000,195.81,196.08,195.64,196.07,617300.0,195.8478
2024-11-04 14:15:00,1730747700000,196.08,196.09,195.79,195.84,519067.0,195.9573
2024-11-04 14:30:00,1730748600000,195.83,196.2,195.75,195.9362,542013.0,196.0458
2024-11-04 14:45:00,1730749500000,195.9301,196.07,195.72,195.825,574163.0,195.8916
2024-11-04 15:00:00,1730750400000,195.82,195.88,195.53,195.565,779380.0,195.7025
2024-11-04 15:15:00,1730751300000,195.565,195.85,195.53,195.6501,743740.0,195.6814
2024-11-04 15:30:00,1730752200000,195.655,195.77,195.25,195.58,994260.0,195.5151
2024-11-04 15:45:00,1730753100000,195.59,195.99,195.53,195.79,2922245.0,195.7462
2024-11-04 16:00:00,1730754000000,195.78,195.99,195.71,195.9,655825.0,195.7838
2024-11-04 16:15:00,1730754900000,195.9,195.98,195.7,195.71,28339.0,195.8483
2024-11-04 16:30:00,1730755800000,195.7115,195.8999,195.6,195.64,40388.0,195.7407
2024-11-04 16:45:00,1730756700000,195.6403,195.829,195.64,195.8,10807.0,195.7347
2024-11-04 17:00:00,1730757600000,195.76,195.87,195.6,195.6,11171.0,195.7052
2024-11-04 17:15:00,1730758500000,195.6,195.6,195.51,195.6,7373.0,195.5475
2024-11-04 17:30:00,1730759400000,195.5,195.64,195.5,195.55,3727.0,195.5192
2024-11-04 17:45:00,1730760300000,195.5,195.5,195.35,195.43,17042.0,195.4222
2024-11-04 18:00:00,1730761200000,195.53,195.84,195.5154,195.61,13192.0,195.7043
2024-11-04 18:15:00,1730762100000,195.52,195.6,195.5,195.5001,3473.0,195.5294
2024-11-04 18:30:00,1730763000000,195.55,195.5997,195.5,195.5,3793.0,195.5443
2024-11-04 18:45:00,1730763900000,195.5,195.59,195.41,195.5379,5626.0,195.4818
2024-11-04 19:00:00,1730764800000,195.38,195.5488,195.02,195.05,19726.0,195.1015
2024-11-04 19:15:00,1730765700000,195.0499,195.3902,195.02,195.3,19216.0,195.1208
2024-11-04 19:30:00,1730766600000,195.2989,195.3492,195.25,195.3492,4455.0,195.3098
2024-11-04 19:45:00,1730767500000,195.3,195.3,195.02,195.11,10071.0,195.1476
2024-11-05 04:00:00,1730797200000,195.33,196.11,195.33,196.11,4977.0,195.9654
2024-11-05 04:15:00,1730798100000,196.08,196.21,196.08,196.21,3293.0,196.1717
2024-11-05 04:30:00,1730799000000,196.24,196.29,196.24,196.29,1916.0,196.2784
2024-11-05 04:45:00,1730799900000,196.3,196.3,195.98,195.98,4669.0,196.0724
2024-11-05 05:00:00,1730800800000,195.9,195.99,195.82,195.9,3094.0,195.9114
2024-11-05 05:15:00,1730801700000,195.78,196.0,195.78,196.0,3962.0,195.9154
2024-11-05 05:30:00,1730802600000,195.96,195.96,195.91,195.91,2406.0,195.9121
2024-11-05 06:00:00,1730804400000,195.88,196.0,195.88,195.98,757.0,195.9521
2024-11-05 06:15:00,1730805300000,196.0,196.03,196.0,196.02,987.0,196.0312
2024-11-05 06:30:00,1730806200000,196.0,196.49,196.0,196.46,8121.0,196.3349
2024-11-05 06:45:00,1730807100000,196.42,196.42,196.3,196.41,1760.0,196.3879
2024-11-05 07:00:00,1730808000000,196.32,196.44,196.09,196.1,8639.0,196.2106
2024-11-05 07:15:00,1730808900000,196.1,196.11,195.75,195.89,12925.0,195.8781
2024-11-05 07:30:00,1730809800000,195.9,196.01,195.82,196.0,3698.0,195.8671
2024-11-05 07:45:00,1730810700000,195.98,195.98,195.91,195.91,1357.0,195.9266
2024-11-05 08:00:00,1730811600000,196.12,196.44,195.38,195.9767,54851.0,196.0233
2024-11-05 08:15:00,1730812500000,195.96,196.17,195.93,196.13,17603.0,196.0863
2024-11-05 08:30:00,1730813400000,196.18,196.2,195.85,196.05,31750.0,196.0494
2024-11-05 08:45:00,1730814300000,196.04,196.1699,195.96,196.0,29207.0,196.0771
2024-11-05 09:00:00,1730815200000,196.05,196.35,195.99,196.3499,38108.0,196.1212
2024-11-05 09:15:00,1730816100000,196.34,196.46,195.42,196.0,76343.0,195.9605
2024-11-05 09:30:00,1730817000000,196.04,197.43,195.99,196.14,2594224.0,196.5193
2024-11-05 09:45:00,1730817900000,196.115,197.25,196.03,197.04,1415716.0,196.8134
2024-11-05 10:00:00,1730818800000,197.05,197.3,196.57,196.66,1045848.0,196.9163
2024-11-05 10:15:00,1730819700000,196.66,197.17,196.6,196.7,820677.0,196.899
2024-11-05 10:30:00,1730820600000,196.71,197.18,196.45,197.135,904016.0,196.9209
2024-11-05 10:45:00,1730821500000,197.1421,197.42,196.92,197.18,747372.0,197.1836
2024-11-05 11:00:00,1730822400000,197.1799,197.92,196.95,197.75,884736.0,197.5968
2024-11-05 11:15:00,1730823300000,197.755,198.16,197.64,198.065,1100997.0,197.9204
2024-11-05 11:30:00,1730824200000,198.07,198.71,198.07,198.47,1039363.0,198.472
2024-11-05 11:45:00,1730825100000,198.48,198.65,198.3,198.57,817462.0,198.5305
2024-11-05 12:00:00,1730826000000,198.5938,199.1,198.51,199.035,1036655.0,198.8672
2024-11-05 12:15:00,1730826900000,199.045,199.29,198.91,199.16,911999.0,199.0988
2024-11-05 12:30:00,1730827800000,199.17,199.5,199.1,199.4615,909485.0,199.3198
2024-11-05 12:45:00,1730828700000,199.465,199.79,199.445,199.7471,1115371.0,199.6227
2024-11-05 13:00:00,1730829600000,199.75,199.82,199.05,199.1201,1114204.0,199.5765
2024-11-05 13:15:00,1730830500000,199.09,199.3521,198.88,198.88,874432.0,199.0982
2024-11-05 13:30:00,1730831400000,198.8501,199.13,198.62,198.82,844037.0,198.8764
2024-11-05 13:45:00,1730832300000,198.82,199.2,198.74,199.1506,686951.0,198.9791
2024-11-05 14:00:00,1730833200000,199.14,199.34,198.99,199.28,590123.0,199.1491
2024-11-05 14:15:00,1730834100000,199.265,199.45,198.78,199.0,768631.0,199.1458
2024-11-05 14:30:00,1730835000000,199.02,199.355,198.87,199.3508,671068.0,199.0727
2024-11-05 14:45:00,1730835900000,199.36,199.39,198.875,198.94,659427.0,199.164
2024-11-05 15:00:00,1730836800000,198.925,199.24,198.87,199.15,579436.0,199.1019
2024-11-05 15:15:00,1730837700000,199.15,199.18,198.95,199.12,623116.0,199.0878
2024-11-05 15:30:00,1730838600000,199.12,199.33,198.96,199.03,937346.0,199.1526
2024-11-05 15:45:00,1730839500000,199.01,199.52,198.91,199.51,2265103.0,199.2116
2024-11-05 16:00:00,1730840400000,199.5,199.74,199.4,199.6196,412211.0,199.5091
2024-11-05 16:15:00,1730841300000,199.6,199.62,199.36,199.51,17999.0,199.498
2024-11-05 16:30:00,1730842200000,199.5,199.6,199.1,199.11,35534.0,199.3963
2024-11-05 16:45:00,1730843100000,199.19,199.4,199.0555,199.4,28810.0,199.0309
2024-11-05 17:00:00,1730844000000,199.39,199.4,199.05,199.1,22168.0,199.2025
2024-11-05 17:15:00,1730844900000,199.5,199.5,199.01,199.08,75092.0,199.4498
2024-11-05 17:30:00,1730845800000,199.05,199.15,198.9001,198.93,17238.0,199.0518
2024-11-05 17:45:00,1730846700000,198.89,199.08,198.8208,198.99,19485.0,198.9272
2024-11-05 18:00:00,1730847600000,198.91,198.9984,198.5,198.99,17468.0,198.7301
2024-11-05 18:15:00,1730848500000,198.75,198.84,198.75,198.84,4492.0,198.7934
2024-11-05 18:30:00,1730849400000,198.7983,198.84,198.6219,198.6219,7544.0,198.7622
2024-11-05 18:45:00,1730850300000,198.62,198.85,198.62,198.72,9709.0,198.7623
2024-11-05 19:00:00,1730851200000,198.72,198.76,198.41,198.41,21801.0,198.6245
2024-11-05 19:15:00,1730852100000,198.43,198.85,198.43,198.47,31556.0,198.6351
2024-11-05 19:30:00,1730853000000,198.47,198.85,198.47,198.85,16557.0,198.7593
2024-11-05 19:45:00,1730853900000,198.8473,199.1,198.8473,199.1,17585.0,198.995
2024-11-06 04:00:00,1730883600000,201.17,202.0,200.42,200.9,55564.0,201.1467
2024-11-06 04:15:00,1730884500000,200.75,200.99,200.64,200.85,15902.0,200.8722
2024-11-06 04:30:00,1730885400000,200.95,201.91,200.95,201.4,32368.0,201.3376
2024-11-06 04:45:00,1730886300000,201.17,201.2,200.78,201.08,16448.0,200.9442
2024-11-06 05:00:00,1730887200000,201.08,201.27,200.7,200.71,38098.0,200.965
2024-11-06 05:15:00,1730888100000,200.71,200.98,200.69,200.74,18305.0,200.7829
2024-11-06 05:30:00,1730889000000,200.82,200.91,200.46,200.46,14740.0,200.7581
2024-11-06 05:45:00,1730889900000,200.65,200.66,199.6,199.85,32624.0,200.0283
2024-11-06 06:00:00,1730890800000,199.94,200.04,199.6,199.89,16540.0,199.9146
2024-11-06 06:15:00,1730891700000,199.89,200.19,199.83,200.0,24092.0,199.9548
2024-11-06 06:30:00,1730892600000,199.93,199.93,199.07,199.07,40820.0,199.4668
2024-11-06 06:45:00,1730893500000,199.15,199.15,197.59,198.25,84111.0,198.2527
2024-11-06 07:00:00,1730894400000,198.23,199.37,198.2,199.37,175951.0,198.6787
2024-11-06 07:15:00,1730895300000,199.37,199.65,199.15,199.51,144918.0,199.4822
2024-11-06 07:30:00,1730896200000,199.52,199.7,199.33,199.5,114191.0,199.5214
2024-11-06 07:45:00,1730897100000,199.5,199.9,199.35,199.84,101619.0,199.729
2024-11-06 08:00:00,1730898000000,198.4,202.91,198.32,199.8001,274699.0,199.979
2024-11-06 08:15:00,1730898900000,199.82,200.5,199.82,200.35,211199.0,200.1676
2024-11-06 08:30:00,1730899800000,200.31,200.5,200.28,200.4001,127541.0,200.4122
2024-11-06 08:45:00,1730900700000,200.43,200.69,200.4,200.5,166868.0,200.462
2024-11-06 09:00:00,1730901600000,200.54,200.65,200.4,200.49,233845.0,200.4696
2024-11-06 09:15:00,1730902500000,200.49,200.61,199.06,199.94,422237.0,200.0481
2024-11-06 09:30:00,1730903400000,200.01,201.45,199.14,201.04,7904963.0,200.3987
2024-11-06 09:45:00,1730904300000,201.03,201.36,199.8,200.9372,3485230.0,200.4003
2024-11-06 10:00:00,1730905200000,200.975,202.66,200.52,202.52,4168478.0,201.7876
2024-11-06 10:15:00,1730906100000,202.48,205.26,202.45,204.92,5751729.0,204.2529
2024-11-06 10:30:00,1730907000000,204.96,206.08,204.3702,204.56,4399407.0,205.3202
2024-11-06 10:45:00,1730907900000,204.555,204.83,203.76,203.86,2205092.0,204.3215
2024-11-06 11:00:00,1730908800000,203.865,204.215,203.48,204.215,2043057.0,203.7786
2024-11-06 11:15:00,1730909700000,204.2101,204.52,203.33,204.4,1678461.0,203.9911
2024-11-06 11:30:00,1730910600000,204.41,205.6,204.38,205.155,2161211.0,205.1574
2024-11-06 11:45:00,1730911500000,205.13,205.75,204.99,205.57,1291626.0,205.4407
2024-11-06 12:00:00,1730912400000,205.57,206.2625,205.48,206.13,1737477.0,205.93
2024-11-06 12:15:00,1730913300000,206.13,206.17,205.59,205.99,1274690.0,205.9702
2024-11-06 12:30:00,1730914200000,206.0,206.22,205.05,205.155,1453033.0,205.5488
2024-11-06 12:45:00,1730915100000,205.185,206.1,205.18,205.945,1250006.0,205.7503
2024-11-06 13:00:00,1730916000000,205.935,206.07,205.51,205.68,925206.0,205.7672
2024-11-06 13:15:00,1730916900000,205.69,206.04,205.22,205.67,979983.0,205.6477
2024-11-06 13:30:00,1730917800000,205.68,205.7366,205.1701,205.49,768414.0,205.4247
2024-11-06 13:45:00,1730918700000,205.49,205.675,205.22,205.3776,821945.0,205.4786
2024-11-06 14:00:00,1730919600000,205.37,205.85,205.08,205.694,1886384.0,205.4609
2024-11-06 14:15:00,1730920500000,205.7,205.71,205.2,205.335,820920.0,205.4355
2024-11-06 14:30:00,1730921400000,205.33,205.39,204.45,204.74,1324910.0,205.0207
2024-11-06 14:45:00,1730922300000,204.74,205.1799,204.71,205.1033,916787.0,204.9246
2024-11-06 15:00:00,1730923200000,205.11,205.64,205.05,205.54,1076537.0,205.4116
2024-11-06 15:15:00,1730924100000,205.535,205.59,204.9,205.06,1007784.0,205.2408
2024-11-06 15:30:00,1730925000000,205.055,205.58,205.01,205.485,1302561.0,205.3397
2024-11-06 15:45:00,1730925900000,205.48,207.55,205.15,207.1,6488251.0,206.5991
2024-11-06 16:00:00,1730926800000,207.11,207.11,206.5,206.5,554674.0,207.0128
2024-11-06 16:15:00,1730927700000,206.676,207.09,206.47,206.51,146318.0,206.9229
2024-11-06 16:30:00,1730928600000,206.56,206.6,206.33,206.35,44237.0,206.4405
2024-11-06 16:45:00,1730929500000,206.33,207.0,206.15,206.91,66481.0,206.5049
2024-11-06 17:00:00,1730930400000,206.9102,206.9102,206.6,206.66,14756.0,206.8021
2024-11-06 17:15:00,1730931300000,206.66,207.09,206.56,206.7999,239294.0,207.0086
2024-11-06 17:30:00,1730932200000,206.7916,206.7916,206.55,206.57,11149.0,206.5522
2024-11-06 17:45:00,1730933100000,206.57,206.68,206.55,206.56,10591.0,206.6105
2024-11-06 18:00:00,1730934000000,206.65,206.65,206.56,206.56,5922.0,206.5866
2024-11-06 18:15:00,1730934900000,206.55,206.5501,206.5,206.55,11644.0,206.5134
2024-11-06 18:30:00,1730935800000,206.5,206.5,206.26,206.35,8346.0,206.3824
2024-11-06 18:45:00,1730936700000,206.36,206.4,206.1,206.15,10796.0,206.2089
2024-11-06 19:00:00,1730937600000,206.11,206.25,206.0,206.01,12563.0,206.0691
2024-11-06 19:15:00,1730938500000,206.01,206.22,206.0,206.0,16163.0,206.0679
2024-11-06 19:30:00,1730939400000,206.0,206.05,205.71,205.8,7610.0,205.8716
2024-11-06 19:45:00,1730940300000,205.84,206.0,205.84,206.0,13968.0,205.9312
2024-11-07 04:00:00,1730970000000,206.0,206.11,205.59,206.02,26933.0,205.8855
2024-11-07 04:15:00,1730970900000,206.12,206.2,206.02,206.19,15982.0,206.1284
2024-11-07 04:30:00,1730971800000,206.2,206.2,205.74,205.96,7407.0,205.942
2024-11-07 04:45:00,1730972700000,205.91,205.94,205.86,205.94,3234.0,205.8967
2024-11-07 05:00:00,1730973600000,205.96,205.98,205.94,205.96,4390.0,205.959
2024-11-07 05:15:00,1730974500000,205.98,206.05,205.98,206.0,4087.0,206.0068
2024-11-07 05:30:00,1730975400000,206.03,206.19,206.03,206.19,1296.0,206.1468
2024-11-07 05:45:00,1730976300000,206.2,206.33,206.01,206.07,9112.0,206.1538
2024-11-07 06:00:00,1730977200000,206.01,206.04,206.0,206.0,1510.0,206.0125
2024-11-07 06:15:00,1730978100000,206.13,206.33,206.13,206.33,6137.0,206.2212
2024-11-07 06:30:00,1730979000000,206.16,206.21,206.16,206.21,2540.0,206.1851
2024-11-07 06:45:00,1730979900000,206.11,206.2,206.09,206.12,2581.0,206.1302
2024-11-07 07:00:00,1730980800000,206.15,206.89,206.15,206.79,38393.0,206.5609
2024-11-07 07:15:00,1730981700000,206.89,207.6,206.89,207.6,46148.0,207.1277
2024-11-07 07:30:00,1730982600000,207.54,207.55,207.19,207.2,24124.0,207.3153
2024-11-07 07:45:00,1730983500000,207.22,207.5,207.16,207.49,17214.0,207.3098
2024-11-07 08:00:00,1730984400000,206.165,208.0,205.92,207.99,146457.0,207.2957
2024-11-07 08:15:00,1730985300000,207.91,207.99,207.5,207.71,57721.0,207.7425
2024-11-07 08:30:00,1730986200000,207.52,207.61,207.2906,207.58,34870.0,207.5173
2024-11-07 08:45:00,1730987100000,207.5653,208.34,207.5653,207.85,90200.0,208.0373
2024-11-07 09:00:00,1730988000000,207.89,208.19,207.0,207.85,55417.0,207.9138
2024-11-07 09:15:00,1730988900000,207.83,208.1,207.09,207.31,123794.0,207.5292
2024-11-07 09:30:00,1730989800000,207.44,209.79,207.19,209.65,4839569.0,208.4618
2024-11-07 09:45:00,1730990700000,209.645,210.73,209.38,210.722,4456941.0,210.0616
2024-11-07 10:00:00,1730991600000,210.73,212.25,210.675,211.77,3607720.0,211.4212
2024-11-07 10:15:00,1730992500000,211.7766,211.9599,210.51,210.68,3066195.0,211.1728
2024-11-07 10:30:00,1730993400000,210.69,211.39,210.25,211.25,3118677.0,210.6791
2024-11-07 10:45:00,1730994300000,211.25,211.82,210.93,211.22,1883793.0,211.3149
2024-11-07 11:00:00,1730995200000,211.26,211.37,210.52,210.73,1110240.0,210.8426
2024-11-07 11:15:00,1730996100000,210.72,211.03,210.62,210.97,1108156.0,210.8069
2024-11-07 11:30:00,1730997000000,210.97,211.07,210.815,211.0101,797455.0,210.9618
2024-11-07 11:45:00,1730997900000,211.03,211.2,210.64,211.04,930287.0,210.9367
2024-11-07 12:00:00,1730998800000,211.02,211.02,210.12,210.55,1089507.0,210.4701
2024-11-07 12:15:00,1730999700000,210.545,210.66,209.57,209.69,1044205.0,210.0136
2024-11-07 12:30:00,1731000600000,209.69,210.2,209.43,210.1499,936205.0,209.771
2024-11-07 12:45:00,1731001500000,210.14,210.3,210.03,210.15,691677.0,210.1565
2024-11-07 13:00:00,1731002400000,210.17,210.26,209.78,209.8,778169.0,210.0221
2024-11-07 13:15:00,1731003300000,209.8,210.07,209.74,209.8129,594507.0,209.8945
2024-11-07 13:30:00,1731004200000,209.8,209.88,209.41,209.43,654967.0,209.6924
2024-11-07 13:45:00,1731005100000,209.45,209.81,209.31,209.76,932541.0,209.5675
2024-11-07 14:00:00,1731006000000,209.7809,210.04,209.5,209.725,951508.0,209.7843
2024-11-07 14:15:00,1731006900000,209.73,209.8,209.5,209.5458,688370.0,209.6372
2024-11-07 14:30:00,1731007800000,209.54,210.06,209.212,209.49,1384253.0,209.6517
2024-11-07 14:45:00,1731008700000,209.47,209.99,209.21,209.98,1116362.0,209.5853
2024-11-07 15:00:00,1731009600000,209.97,210.33,209.8,210.26,1190166.0,210.017
2024-11-07 15:15:00,1731010500000,210.25,210.35,209.94,210.01,1108102.0,210.1417
2024-11-07 15:30:00,1731011400000,210.01,210.1572,209.81,210.125,1211234.0,209.9481
2024-11-07 15:45:00,1731012300000,210.13,210.49,209.66,210.22,3516817.0,210.0519
2024-11-07 16:00:00,1731013200000,210.05,210.4999,209.9613,210.3,1595544.0,210.0568
2024-11-07 16:15:00,1731014100000,210.31,210.35,210.0795,210.0795,9112.0,210.1933
2024-11-07 16:30:00,1731015000000,210.0801,210.15,210.05,210.06,22670.0,210.0893
2024-11-07 16:45:00,1731015900000,210.05,210.2,210.04,210.2,11515.0,210.0889
2024-11-07 17:00:00,1731016800000,210.18,210.2,210.0136,210.0136,6763.0,210.1019
2024-11-07 17:15:00,1731017700000,210.0999,210.1,210.0,210.0,258354.0,210.0497
2024-11-07 17:30:00,1731018600000,210.0799,210.1,210.0137,210.08,9498.0,210.0632
2024-11-07 17:45:00,1731019500000,210.0963,210.26,210.06,210.2,14551.0,210.1197
2024-11-07 18:00:00,1731020400000,210.2568,210.26,210.08,210.1969,7874.0,210.1636
2024-11-07 18:15:00,1731021300000,210.1,210.19,210.1,210.11,2842.0,210.132
2024-11-07 18:30:00,1731022200000,210.18,210.18,210.1,210.1,4236.0,210.1417
2024-11-07 18:45:00,1731023100000,210.1099,210.15,210.0944,210.15,5430.0,210.1203
2024-11-07 19:00:00,1731024000000,210.1,210.2249,210.09,210.2,4415.0,210.1661
2024-11-07 19:15:00,1731024900000,210.19,210.26,210.1498,210.26,9718.0,210.2075
2024-11-07 19:30:00,1731025800000,210.2598,210.26,210.13,210.26,8083.0,210.2265
2024-11-07 19:45:00,1731026700000,210.2699,210.27,210.2,210.27,6958.0,210.2396
2024-11-08 04:00:00,1731056400000,210.55,210.55,210.27,210.4,3604.0,210.4113
2024-11-08 04:15:00,1731057300000,210.66,210.66,210.62,210.62,1201.0,210.6444
2024-11-08 04:30:00,1731058200000,210.62,210.63,210.5,210.63,5421.0,210.5677
2024-11-08 04:45:00,1731059100000,210.61,210.61,210.4,210.4,2718.0,210.4658
2024-11-08 05:00:00,1731060000000,210.39,210.39,210.1,210.1,4780.0,210.2231
2024-11-08 05:15:00,1731060900000,210.04,210.21,209.9,210.2,12841.0,210.0725
2024-11-08 05:30:00,1731061800000,209.93,209.93,208.75,208.8,12626.0,209.143
2024-11-08 05:45:00,1731062700000,208.78,209.14,208.78,208.97,5475.0,208.9608
2024-11-08 06:00:00,1731063600000,209.2,209.23,208.71,208.71,23519.0,208.9991
2024-11-08 06:15:00,1731064500000,208.8,208.85,208.72,208.77,4541.0,208.7889
2024-11-08 06:30:00,1731065400000,208.76,209.24,208.76,209.2,3829.0,209.0751
2024-11-08 06:45:00,1731066300000,209.24,209.32,209.1,209.14,5129.0,209.2135
2024-11-08 07:00:00,1731067200000,209.18,209.56,209.15,209.56,21903.0,209.3613
2024-11-08 07:15:00,1731068100000,209.64,209.64,209.31,209.42,11532.0,209.4967
2024-11-08 07:30:00,1731069000000,209.5,209.6,209.31,209.57,5787.0,209.4839
2024-11-08 07:45:00,1731069900000,209.63,209.67,209.51,209.63,6134.0,209.6133
2024-11-08 08:00:00,1731070800000,209.16,210.97,209.13,209.62,77776.0,209.7494
2024-11-08 08:15:00,1731071700000,209.64,209.7,209.4,209.5201,20547.0,209.5438
2024-11-08 08:30:00,1731072600000,209.52,209.52,208.5,208.98,66493.0,208.8707
2024-11-08 08:45:00,1731073500000,208.97,209.01,208.9,209.01,23572.0,208.9824
2024-11-08 09:00:00,1731074400000,209.01,209.02,208.9,209.0,42465.0,208.9762
2024-11-08 09:15:00,1731075300000,208.9995,210.23,208.79,209.6601,97206.0,209.2285
2024-11-08 09:30:00,1731076200000,209.72,209.9633,208.501,209.14,2848781.0,209.3612
2024-11-08 09:45:00,1731077100000,209.13,209.77,208.89,209.49,1440984.0,209.3944
2024-11-08 10:00:00,1731078000000,209.48,209.78,208.56,208.79,1364070.0,209.2386
2024-11-08 10:15:00,1731078900000,208.8,209.328,208.4,208.41,1259753.0,208.9205
2024-11-08 10:30:00,1731079800000,208.41,208.63,208.02,208.28,1212771.0,208.3338
2024-11-08 10:45:00,1731080700000,208.2721,208.73,208.2,208.6276,1022666.0,208.5198
2024-11-08 11:00:00,1731081600000,208.64,208.97,208.2,208.89,898996.0,208.584
2024-11-08 11:15:00,1731082500000,208.88,209.43,208.85,209.335,798396.0,209.0629
2024-11-08 11:30:00,1731083400000,209.34,209.5399,209.145,209.235,750008.0,209.3432
2024-11-08 11:45:00,1731084300000,209.235,209.275,208.915,209.1634,603140.0,209.123
2024-11-08 12:00:00,1731085200000,209.17,209.4,208.885,208.925,562978.0,209.1052
2024-11-08 12:15:00,1731086100000,208.92,209.31,208.9,208.945,536755.0,209.0933
2024-11-08 12:30:00,1731087000000,208.945,209.19,208.9,208.985,566284.0,209.041
2024-11-08 12:45:00,1731087900000,208.99,209.43,208.96,209.18,649875.0,209.2157
2024-11-08 13:00:00,1731088800000,209.19,209.3,208.98,209.075,761982.0,209.1464
2024-11-08 13:15:00,1731089700000,209.06,209.17,208.9,208.9901,464380.0,209.0201
2024-11-08 13:30:00,1731090600000,208.99,209.31,208.88,209.21,647959.0,209.149
2024-11-08 13:45:00,1731091500000,209.2,209.21,208.675,208.92,659981.0,208.9427
2024-11-08 14:00:00,1731092400000,208.9,209.03,208.54,208.57,600835.0,208.777
2024-11-08 14:15:00,1731093300000,208.57,208.8,208.38,208.775,618121.0,208.6088
2024-11-08 14:30:00,1731094200000,208.775,209.14,208.67,208.868,643113.0,208.8488
2024-11-08 14:45:00,1731095100000,208.88,209.05,208.55,208.56,652940.0,208.827
2024-11-08 15:00:00,1731096000000,208.57,208.64,208.22,208.5958,891087.0,208.3979
2024-11-08 15:15:00,1731096900000,208.59,208.76,208.07,208.26,936615.0,208.4561
2024-11-08 15:30:00,1731097800000,208.27,208.35,207.9,208.225,1387948.0,208.1787
2024-11-08 15:45:00,1731098700000,208.23,208.54,207.44,208.29,3943020.0,208.0125
2024-11-08 16:00:00,1731099600000,208.18,208.4214,208.1,208.25,1546977.0,208.1827
2024-11-08 16:15:00,1731100500000,208.2004,208.25,208.18,208.21,20823.0,208.2097
2024-11-08 16:30:00,1731101400000,208.22,208.49,208.1,208.49,19145.0,208.2723
2024-11-08 16:45:00,1731102300000,208.45,208.58,208.32,208.4,27429.0,208.4414
2024-11-08 17:00:00,1731103200000,208.4,208.47,208.22,208.36,20397.0,208.3107
2024-11-08 17:15:00,1731104100000,208.42,208.42,208.18,208.3,264910.0,208.1851
2024-11-08 17:30:00,1731105000000,208.31,208.37,208.3,208.37,1986.0,208.3336
2024-11-08 17:45:00,1731105900000,208.307,208.3906,208.3,208.35,2394.0,208.3409
2024-11-08 18:00:00,1731106800000,208.3,208.3,208.19,208.21,3681.0,208.258
2024-11-08 18:15:00,1731107700000,208.28,208.3434,208.25,208.25,3330.0,208.2831
2024-11-08 18:30:00,1731108600000,208.23,208.3197,208.23,208.25,1547.0,208.2754
2024-11-08 18:45:00,1731109500000,208.295,208.3412,208.27,208.27,2717.0,208.3014
2024-11-08 19:00:00,1731110400000,208.27,208.27,208.2531,208.26,898.0,208.2592
2024-11-08 19:15:00,1731111300000,208.21,208.25,208.13,208.15,5568.0,208.1666
2024-11-08 19:30:00,1731112200000,208.21,208.24,208.17,208.2,9294.0,208.1964
2024-11-08 19:45:00,1731113100000,208.2,208.2885,208.15,208.2868,7003.0,208.2202
2024-11-11 04:00:00,1731315600000,208.76,209.11,208.66,208.93,17724.0,208.882
2024-11-11 04:15:00,1731316500000,208.99,209.02,208.88,208.9,6595.0,208.9687
2024-11-11 04:30:00,1731317400000,208.95,208.95,208.76,208.76,6779.0,208.8559
2024-11-11 04:45:00,1731318300000,208.79,208.9,208.78,208.84,5160.0,208.8434
2024-11-11 05:00:00,1731319200000,208.82,208.9,208.7,208.7,5206.0,208.8136
2024-11-11 05:15:00,1731320100000,208.77,208.77,208.61,208.66,1130.0,208.7007
2024-11-11 05:30:00,1731321000000,208.62,208.63,208.5,208.56,3448.0,208.5762
2024-11-11 05:45:00,1731321900000,208.55,208.55,208.4,208.4,3059.0,208.4354
2024-11-11 06:00:00,1731322800000,208.52,208.61,208.47,208.58,2836.0,208.5719
2024-11-11 06:15:00,1731323700000,208.54,208.67,208.54,208.67,3113.0,208.5938
2024-11-11 06:30:00,1731324600000,208.68,208.68,208.68,208.68,214.0,208.7011
2024-11-11 06:45:00,1731325500000,208.74,208.74,208.57,208.58,3753.0,208.6545
2024-11-11 07:00:00,1731326400000,208.57,209.45,208.55,209.42,32699.0,209.0517
2024-11-11 07:15:00,1731327300000,209.44,209.9,209.41,209.85,31300.0,209.6496
2024-11-11 07:30:00,1731328200000,209.99,210.25,209.8,210.25,44926.0,210.0333
2024-11-11 07:45:00,1731329100000,210.28,210.72,210.25,210.41,41771.0,210.4181
2024-11-11 08:00:00,1731330000000,209.3,210.75,208.6699,210.5,704320.0,208.5715
2024-11-11 08:15:00,1731330900000,210.5,210.5,210.4,210.4007,57304.0,210.4102
2024-11-11 08:30:00,1731331800000,210.41,210.43,209.5313,209.7692,54151.0,210.002
2024-11-11 08:45:00,1731332700000,209.75,209.83,209.14,209.535,55131.0,209.3967
2024-11-11 09:00:00,1731333600000,209.47,209.53,209.3,209.4,38135.0,209.3703
2024-11-11 09:15:00,1731334500000,209.37,209.41,208.5,208.54,81088.0,209.0137
2024-11-11 09:30:00,1731335400000,208.5,209.65,207.7,208.2,3199688.0,208.5414
2024-11-11 09:45:00,1731336300000,208.2,208.33,206.21,206.68,2369672.0,207.0356
2024-11-11 10:00:00,1731337200000,206.69,207.3,205.91,206.97,1915379.0,206.5862
2024-11-11 10:15:00,1731338100000,206.955,207.06,206.2502,206.7,974291.0,206.6641
2024-11-11 10:30:00,1731339000000,206.7,207.25,206.67,206.88,965726.0,206.9827
2024-11-11 10:45:00,1731339900000,206.89,207.04,206.67,206.755,825538.0,206.8838
2024-11-11 11:00:00,1731340800000,206.745,207.23,206.51,207.0,720494.0,206.8561
2024-11-11 11:15:00,1731341700000,206.99,207.09,206.46,206.465,689846.0,206.8044
2024-11-11 11:30:00,1731342600000,206.47,206.79,206.38,206.66,627266.0,206.5945
2024-11-11 11:45:00,1731343500000,206.6667,206.675,206.08,206.08,765683.0,206.4124
2024-11-11 12:00:00,1731344400000,206.08,206.52,206.01,206.31,568905.0,206.2311
2024-11-11 12:15:00,1731345300000,206.34,206.34,205.8,206.26,658978.0,206.0759
2024-11-11 12:30:00,1731346200000,206.25,206.5399,206.13,206.28,457155.0,206.2982
2024-11-11 12:45:00,1731347100000,206.285,206.39,205.9,206.13,647927.0,206.1404
2024-11-11 13:00:00,1731348000000,206.11,206.11,205.59,206.0167,594068.0,205.8901
2024-11-11 13:15:00,1731348900000,206.02,206.0958,205.6692,206.07,643958.0,205.8949
2024-11-11 13:30:00,1731349800000,206.08,206.64,205.98,206.48,610108.0,206.3135
2024-11-11 13:45:00,1731350700000,206.49,206.69,206.3524,206.44,488153.0,206.545
2024-11-11 14:00:00,1731351600000,206.42,206.46,206.005,206.18,499849.0,206.2553
2024-11-11 14:15:00,1731352500000,206.18,206.36,206.0801,206.12,405347.0,206.2188
2024-11-11 14:30:00,1731353400000,206.1324,206.39,206.055,206.11,421347.0,206.2342
2024-11-11 14:45:00,1731354300000,206.12,206.37,206.02,206.33,512003.0,206.2467
2024-11-11 15:00:00,1731355200000,206.32,206.53,206.17,206.415,568492.0,206.3174
2024-11-11 15:15:00,1731356100000,206.42,206.42,206.125,206.135,764924.0,206.187
2024-11-11 15:30:00,1731357000000,206.14,206.8173,206.1,206.69,788270.0,206.4883
2024-11-11 15:45:00,1731357900000,206.69,207.06,206.2444,206.89,2148631.0,206.647
2024-11-11 16:00:00,1731358800000,206.84,206.93,206.54,206.76,659586.0,206.8373
2024-11-11 16:15:00,1731359700000,206.76,206.9,206.59,206.6912,14971.0,206.4917
2024-11-11 16:30:00,1731360600000,206.7893,206.7893,206.6,206.67,12049.0,206.6589
2024-11-11 16:45:00,1731361500000,206.7386,206.7386,206.65,206.65,6796.0,206.6965
2024-11-11 17:00:00,1731362400000,206.64,206.64,206.5014,206.57,5961.0,206.6046
2024-11-11 17:15:00,1731363300000,206.62,206.62,206.5495,206.58,1742.0,206.5955
2024-11-11 17:30:00,1731364200000,206.59,206.7304,206.4499,206.51,7320.0,206.5464
2024-11-11 17:45:00,1731365100000,206.43,206.55,206.4,206.41,9154.0,206.4539
2024-11-11 18:00:00,1731366000000,206.37,206.45,206.37,206.37,4228.0,206.4087
2024-11-11 18:15:00,1731366900000,206.45,206.47,206.2,206.2235,5096.0,206.3039
2024-11-11 18:30:00,1731367800000,206.4699,206.4699,206.25,206.32,4931.0,206.3052
2024-11-11 18:45:00,1731368700000,206.32,206.53,206.3,206.3914,7818.0,206.4572
2024-11-11 19:00:00,1731369600000,206.5884,206.59,206.5005,206.59,4454.0,206.5655
2024-11-11 19:15:00,1731370500000,206.59,206.59,206.5,206.53,6459.0,206.57
2024-11-11 19:30:00,1731371400000,206.5,206.54,206.26,206.3181,12294.0,206.362
2024-11-11 19:45:00,1731372300000,206.29,206.4548,206.26,206.26,3157.0,206.3357
2024-11-12 04:00:00,1731402000000,206.28,206.6,206.03,206.32,7749.0,206.4117
2024-11-12 04:15:00,1731402900000,206.28,206.42,206.26,206.35,4846.0,206.3328
2024-11-12 04:30:00,1731403800000,206.34,206.57,206.33,206.57,7687.0,206.4531
2024-11-12 04:45:00,1731404700000,206.53,206.56,206.41,206.41,5240.0,206.4802
2024-11-12 05:00:00,1731405600000,206.41,206.41,206.15,206.31,14314.0,206.3196
2024-11-12 05:15:00,1731406500000,206.31,206.51,205.94,206.03,15565.0,206.2468
2024-11-12 05:30:00,1731407400000,206.26,206.49,206.01,206.49,6557.0,206.1815
2024-11-12 05:45:00,1731408300000,206.61,206.65,206.55,206.65,3759.0,206.6133
2024-11-12 06:00:00,1731409200000,206.68,206.68,206.47,206.53,2941.0,206.5903
2024-11-12 06:15:00,1731410100000,206.49,206.6,206.49,206.53,2011.0,206.5359
2024-11-12 06:30:00,1731411000000,206.5,206.54,206.5,206.54,766.0,206.5215
2024-11-12 06:45:00,1731411900000,206.54,206.8,206.54,206.8,7186.0,206.6962
2024-11-12 07:00:00,1731412800000,206.69,207.51,206.6,207.38,45082.0,207.1082
2024-11-12 07:15:00,1731413700000,207.11,207.26,206.6,206.85,16768.0,206.9882
2024-11-12 07:30:00,1731414600000,206.95,207.11,206.84,207.07,4951.0,206.9828
2024-11-12 07:45:00,1731415500000,207.11,207.6,207.1,207.14,13187.0,207.3334
2024-11-12 08:00:00,1731416400000,207.3,207.6199,206.2,207.4,67390.0,207.1762
2024-11-12 08:15:00,1731417300000,207.49,208.13,207.49,207.91,85043.0,207.8355
2024-11-12 08:30:00,1731418200000,207.95,208.24,207.9015,208.01,51030.0,208.0659
2024-11-12 08:45:00,1731419100000,208.02,208.17,207.93,207.93,36467.0,208.0403
2024-11-12 09:00:00,1731420000000,207.97,209.4,207.96,208.72,117340.0,208.7519
2024-11-12 09:15:00,1731420900000,208.74,208.96,208.3,208.34,77767.0,208.6283
2024-11-12 09:30:00,1731421800000,208.37,208.37,206.98,207.6143,2779450.0,207.6313
2024-11-12 09:45:00,1731422700000,207.6199,208.25,207.1301,207.87,1633071.0,207.8379
2024-11-12 10:00:00,1731423600000,207.9,207.9978,206.65,206.97,1498490.0,207.0431
2024-11-12 10:15:00,1731424500000,206.97,207.08,206.24,206.4298,1201882.0,206.5514
2024-11-12 10:30:00,1731425400000,206.42,206.741,206.17,206.19,907970.0,206.3978
2024-11-12 10:45:00,1731426300000,206.19,206.69,206.17,206.38,838473.0,206.4041
2024-11-12 11:00:00,1731427200000,206.375,206.65,206.2,206.32,787696.0,206.3648
2024-11-12 11:15:00,1731428100000,206.34,206.7,206.16,206.64,840126.0,206.3755
2024-11-12 11:30:00,1731429000000,206.64,206.78,206.01,206.22,812936.0,206.417
2024-11-12 11:45:00,1731429900000,206.2,206.62,206.04,206.52,746696.0,206.4065
2024-11-12 12:00:00,1731430800000,206.505,207.26,206.46,207.2101,1261250.0,206.8884
2024-11-12 12:15:00,1731431700000,207.2162,208.23,207.2162,208.18,1460338.0,207.8027
2024-11-12 12:30:00,1731432600000,208.165,208.705,207.96,208.6,1100188.0,208.3733
2024-11-12 12:45:00,1731433500000,208.6,208.91,207.57,207.58,1293707.0,208.4737
2024-11-12 13:00:00,1731434400000,207.58,208.07,207.25,208.04,901338.0,207.6328
2024-11-12 13:15:00,1731435300000,208.038,208.38,207.9059,208.1597,652617.0,208.0816
2024-11-12 13:30:00,1731436200000,208.125,208.74,208.075,208.605,690116.0,208.5173
2024-11-12 13:45:00,1731437100000,208.61,209.01,208.32,208.7,713951.0,208.6694
2024-11-12 14:00:00,1731438000000,208.67,209.04,208.39,209.04,645307.0,208.6858
2024-11-12 14:15:00,1731438900000,209.0399,209.47,209.02,209.13,786785.0,209.2249
2024-11-12 14:30:00,1731439800000,209.13,209.54,208.96,208.97,725082.0,209.2327
2024-11-12 14:45:00,1731440700000,208.98,209.17,208.57,208.675,755156.0,208.9307
2024-11-12 15:00:00,1731441600000,208.67,208.78,208.4599,208.66,598707.0,208.6593
2024-11-12 15:15:00,1731442500000,208.66,208.91,208.64,208.83,784861.0,208.743
2024-11-12 15:30:00,1731443400000,208.83,208.88,208.55,208.81,936917.0,208.7391
2024-11-12 15:45:00,1731444300000,208.805,209.05,208.22,208.93,2848034.0,208.6851
2024-11-12 16:00:00,1731445200000,208.91,209.1989,208.9,209.09,1843126.0,208.9127
2024-11-12 16:15:00,1731446100000,208.96,209.16,208.6,209.1,22703.0,208.9149
2024-11-12 16:30:00,1731447000000,209.1101,210.723,209.05,209.93,133356.0,210.0219
2024-11-12 16:45:00,1731447900000,209.8602,210.14,209.8,210.05,73069.0,209.9436
2024-11-12 17:00:00,1731448800000,209.96,210.37,209.96,210.09,56370.0,210.1251
2024-11-12 17:15:00,1731449700000,210.1,210.1,209.83,209.97,32275.0,210.0187
2024-11-12 17:30:00,1731450600000,209.9,210.0503,209.83,209.83,7309.0,209.9056
2024-11-12 17:45:00,1731451500000,209.9,209.99,209.8664,209.91,5003.0,209.9482
2024-11-12 18:00:00,1731452400000,209.85,209.85,208.91,209.73,37129.0,209.2204
2024-11-12 18:15:00,1731453300000,209.67,209.98,209.16,209.16,18857.0,209.5321
2024-11-12 18:30:00,1731454200000,209.1628,209.4829,209.1628,209.3386,3041.0,209.3583
2024-11-12 18:45:00,1731455100000,209.41,209.41,209.35,209.41,1856.0,209.4062
2024-11-12 19:00:00,1731456000000,209.42,209.44,209.15,209.3004,11863.0,209.3628
2024-11-12 19:15:00,1731456900000,209.15,209.3143,208.7,208.82,31550.0,208.926
2024-11-12 19:30:00,1731457800000,209.0455,209.0455,208.76,208.91,6217.0,208.8849
2024-11-12 19:45:00,1731458700000,208.85,209.0,208.85,209.0,5609.0,208.9695
2024-11-13 04:00:00,1731488400000,208.8,208.95,208.6,208.73,9599.0,208.8071
2024-11-13 04:15:00,1731489300000,208.75,208.86,208.75,208.86,4166.0,208.7949
2024-11-13 04:30:00,1731490200000,208.95,208.96,208.91,208.96,4998.0,208.9515
2024-11-13 04:45:00,1731491100000,208.93,208.96,208.93,208.96,1696.0,208.9484
2024-11-13 05:00:00,1731492000000,208.95,208.95,208.82,208.82,1856.0,208.9055
2024-11-13 05:15:00,1731492900000,208.69,208.69,208.69,208.69,284.0,208.6915
2024-11-13 05:30:00,1731493800000,208.67,208.67,208.67,208.67,401.0,208.6786
2024-11-13 05:45:00,1731494700000,208.7,208.74,208.65,208.74,1850.0,208.7062
2024-11-13 06:00:00,1731495600000,208.7,208.7,208.44,208.44,2650.0,208.5463
2024-11-13 06:15:00,1731496500000,208.5,208.69,208.5,208.69,2628.0,208.5537
2024-11-13 06:30:00,1731497400000,208.6,208.6,208.4,208.42,3312.0,208.4862
2024-11-13 06:45:00,1731498300000,208.45,209.0,208.45,208.98,10910.0,208.8058
2024-11-13 07:00:00,1731499200000,208.84,209.0,208.72,208.89,14088.0,208.8789
2024-11-13 07:15:00,1731500100000,209.0,209.3,208.95,209.3,12649.0,209.1014
2024-11-13 07:30:00,1731501000000,209.29,209.29,208.85,209.0,5440.0,209.0487
2024-11-13 07:45:00,1731501900000,209.04,209.3,208.72,209.2,17016.0,209.0632
2024-11-13 08:00:00,1731502800000,208.98,209.34,208.28,209.3,58048.0,208.994
2024-11-13 08:15:00,1731503700000,209.2,209.89,209.2,209.8836,1320518.0,208.9211
2024-11-13 08:30:00,1731504600000,209.8843,210.66,209.5022,210.21,142324.0,210.2226
2024-11-13 08:45:00,1731505500000,210.2001,210.3,209.61,209.85,92255.0,209.8833
2024-11-13 09:00:00,1731506400000,209.73,209.88,209.02,209.3033,55830.0,209.499
2024-11-13 09:15:00,1731507300000,209.3916,209.9,209.13,209.49,86292.0,209.5038
2024-11-13 09:30:00,1731508200000,209.4,211.61,209.14,211.03,3835271.0,210.3764
2024-11-13 09:45:00,1731509100000,211.035,211.57,210.38,211.1416,2116657.0,211.0159
2024-11-13 10:00:00,1731510000000,211.17,211.18,209.66,210.17,1567961.0,210.2381
2024-11-13 10:15:00,1731510900000,210.19,211.11,210.09,210.94,960167.0,210.6958
2024-11-13 10:30:00,1731511800000,210.94,211.585,210.6,211.3367,1000948.0,211.2162
2024-11-13 10:45:00,1731512700000,211.32,211.99,210.75,211.97,1210210.0,211.368
2024-11-13 11:00:00,1731513600000,211.98,212.46,211.7283,212.23,1410133.0,212.0954
2024-11-13 11:15:00,1731514500000,212.22,212.69,212.09,212.38,1090143.0,212.4029
2024-11-13 11:30:00,1731515400000,212.38,213.071,211.96,212.01,1242360.0,212.6805
2024-11-13 11:45:00,1731516300000,212.02,213.105,212.02,212.6632,886645.0,212.7551
2024-11-13 12:00:00,1731517200000,212.66,213.65,212.465,213.46,1171863.0,213.1925
2024-11-13 12:15:00,1731518100000,213.47,214.13,213.32,213.7381,1220828.0,213.7375
2024-11-13 12:30:00,1731519000000,213.735,214.25,213.51,213.6599,1943082.0,213.8152
2024-11-13 12:45:00,1731519900000,213.66,214.5,213.65,214.489,1123321.0,214.1625
2024-11-13 13:00:00,1731520800000,214.48,214.7,214.08,214.34,921018.0,214.4111
2024-11-13 13:15:00,1731521700000,214.35,214.4,213.9,214.06,734545.0,214.1825
2024-11-13 13:30:00,1731522600000,214.04,214.5852,214.0,214.4143,768333.0,214.3357
2024-11-13 13:45:00,1731523500000,214.42,215.09,214.33,214.6321,1277936.0,214.8179
2024-11-13 14:00:00,1731524400000,214.65,214.7,213.57,214.1632,1049993.0,214.069
2024-11-13 14:15:00,1731525300000,214.16,214.2,213.57,213.7799,1010637.0,213.8976
2024-11-13 14:30:00,1731526200000,213.7608,213.775,212.88,213.0701,1246431.0,213.3044
2024-11-13 14:45:00,1731527100000,213.07,213.74,213.06,213.65,1258419.0,213.4634
2024-11-13 15:00:00,1731528000000,213.65,213.88,213.14,213.63,1138911.0,213.4968
2024-11-13 15:15:00,1731528900000,213.63,214.06,213.18,213.19,1471010.0,213.7247
2024-11-13 15:30:00,1731529800000,213.2,214.23,213.1701,214.17,1293968.0,213.9293
2024-11-13 15:45:00,1731530700000,214.165,214.31,213.54,214.11,3463516.0,213.9862
2024-11-13 16:00:00,1731531600000,214.1,214.4,214.1,214.4,692936.0,214.1055
2024-11-13 16:15:00,1731532500000,214.4,214.5,214.1,214.4888,25042.0,214.3626
2024-11-13 16:30:00,1731533400000,214.43,214.57,214.3201,214.36,151054.0,214.1468
2024-11-13 16:45:00,1731534300000,214.36,214.5082,214.23,214.34,12941.0,214.3209
2024-11-13 17:00:00,1731535200000,214.3,214.32,214.15,214.22,9422.0,214.233
2024-11-13 17:15:00,1731536100000,214.19,214.45,214.1824,214.45,2523.0,214.2515
2024-11-13 17:30:00,1731537000000,214.3269,214.45,214.2215,214.44,7214.0,214.3872
2024-11-13 17:45:00,1731537900000,214.46,214.47,214.44,214.44,3150.0,214.4517
2024-11-13 18:00:00,1731538800000,214.44,214.5,214.44,214.46,7404.0,214.4614
2024-11-13 18:15:00,1731539700000,214.46,214.51,214.44,214.51,6403.0,214.4666
2024-11-13 18:30:00,1731540600000,214.5,214.53,214.3054,214.47,8453.0,214.4043
2024-11-13 18:45:00,1731541500000,214.41,214.5069,214.26,214.3328,5439.0,214.3714
2024-11-13 19:00:00,1731542400000,214.38,214.4,214.29,214.29,4245.0,214.3329
2024-11-13 19:15:00,1731543300000,214.21,214.3,214.0383,214.3,5656.0,214.1655
2024-11-13 19:30:00,1731544200000,214.35,214.4,214.1305,214.25,2690.0,214.3097
2024-11-13 19:45:00,1731545100000,214.27,214.4,214.2126,214.3,7186.0,214.2898
2024-11-14 04:00:00,1731574800000,214.13,215.26,214.1,215.02,15400.0,214.8445
2024-11-14 04:15:00,1731575700000,214.8,214.89,214.77,214.8,7307.0,214.8324
2024-11-14 04:30:00,1731576600000,214.79,214.87,214.79,214.87,2734.0,214.8444
2024-11-14 04:45:00,1731577500000,214.85,214.99,214.77,214.94,5656.0,214.8536
2024-11-14 05:00:00,1731578400000,214.93,214.93,214.51,214.66,5833.0,214.671
2024-11-14 05:15:00,1731579300000,214.7,214.94,214.7,214.94,2000.0,214.8653
2024-11-14 05:30:00,1731580200000,214.94,215.46,214.94,215.3,16958.0,215.2364
2024-11-14 05:45:00,1731581100000,215.3,215.46,215.15,215.15,14132.0,215.2652
2024-11-14 06:00:00,1731582000000,215.16,215.29,215.16,215.2,3119.0,215.2221
2024-11-14 06:15:00,1731582900000,215.36,215.53,215.36,215.45,7766.0,215.451
2024-11-14 06:30:00,1731583800000,215.4,215.7,215.33,215.66,6587.0,215.5052
2024-11-14 06:45:00,1731584700000,215.63,215.99,215.6,215.76,15312.0,215.8166
2024-11-14 07:00:00,1731585600000,215.61,215.64,215.32,215.35,20294.0,215.5167
2024-11-14 07:15:00,1731586500000,215.37,215.52,215.15,215.25,15447.0,215.2923
2024-11-14 07:30:00,1731587400000,215.29,215.43,215.25,215.37,14735.0,215.3419
2024-11-14 07:45:00,1731588300000,215.4,215.4,215.02,215.02,19084.0,215.1673
2024-11-14 08:00:00,1731589200000,215.5,215.6999,213.66,214.94,328762.0,214.393
2024-11-14 08:15:00,1731590100000,214.92,215.1,214.71,215.1,28004.0,214.88
2024-11-14 08:30:00,1731591000000,215.0,215.25,214.2323,215.18,70918.0,214.7894
2024-11-14 08:45:00,1731591900000,215.18,215.3,214.52,214.6599,64608.0,214.8848
2024-11-14 09:00:00,1731592800000,214.69,214.77,214.5,214.63,41381.0,214.6441
2024-11-14 09:15:00,1731593700000,214.7,214.73,214.0025,214.14,87723.0,214.3645
2024-11-14 09:30:00,1731594600000,214.16,215.9,213.13,213.22,4055245.0,214.7662
2024-11-14 09:45:00,1731595500000,213.25,213.4799,212.28,212.49,2363961.0,212.8634
2024-11-14 10:00:00,1731596400000,212.4995,213.2,211.9,213.04,2053555.0,212.5837
2024-11-14 10:15:00,1731597300000,213.04,213.23,211.96,212.41,1403654.0,212.4507
2024-11-14 10:30:00,1731598200000,212.4,212.68,211.91,212.415,1368091.0,212.3167
2024-11-14 10:45:00,1731599100000,212.4,213.09,211.93,212.23,1279054.0,212.4952
2024-11-14 11:00:00,1731600000000,212.22,212.79,212.09,212.11,809697.0,212.3891
2024-11-14 11:15:00,1731600900000,212.11,212.44,211.68,212.4098,1013745.0,212.0581
2024-11-14 11:30:00,1731601800000,212.42,212.84,212.04,212.741,919457.0,212.4489
2024-11-14 11:45:00,1731602700000,212.73,212.87,212.22,212.305,573628.0,212.5453
2024-11-14 12:00:00,1731603600000,212.29,212.6,211.94,212.34,838502.0,212.2718
2024-11-14 12:15:00,1731604500000,212.32,213.0056,212.17,212.86,809467.0,212.631
2024-11-14 12:30:00,1731605400000,212.88,213.21,212.41,212.775,837424.0,212.7831
2024-11-14 12:45:00,1731606300000,212.8,212.8899,212.2093,212.535,1127484.0,212.5345
2024-11-14 13:00:00,1731607200000,212.515,213.13,212.49,213.076,844856.0,212.8391
2024-11-14 13:15:00,1731608100000,213.0832,213.35,212.9,212.955,660226.0,213.197
2024-11-14 13:30:00,1731609000000,212.95,213.13,212.44,212.4854,589072.0,212.737
2024-11-14 13:45:00,1731609900000,212.48,212.51,211.6105,211.85,794664.0,212.0861
2024-11-14 14:00:00,1731610800000,211.8528,212.5067,211.8,212.172,694065.0,212.2492
2024-11-14 14:15:00,1731611700000,212.17,212.36,212.07,212.32,562743.0,212.2061
2024-11-14 14:30:00,1731612600000,212.2699,212.53,212.21,212.245,639859.0,212.345
2024-11-14 14:45:00,1731613500000,212.25,212.69,211.93,212.17,864224.0,212.2833
2024-11-14 15:00:00,1731614400000,212.19,212.19,211.07,211.17,1317148.0,211.5619
2024-11-14 15:15:00,1731615300000,211.19,212.07,210.88,211.8316,3217498.0,211.2973
2024-11-14 15:30:00,1731616200000,211.84,211.99,211.07,211.2,1106413.0,211.4346
2024-11-14 15:45:00,1731617100000,211.19,211.7,211.03,211.47,2552714.0,211.4422
2024-11-14 16:00:00,1731618000000,211.48,211.81,210.83,210.85,795485.0,211.4753
2024-11-14 16:15:00,1731618900000,210.8501,211.36,210.85,211.36,25187.0,211.0951
2024-11-14 16:30:00,1731619800000,211.3106,211.48,211.19,211.4,236312.0,211.4757
2024-11-14 16:45:00,1731620700000,211.27,211.3675,211.16,211.22,6119.0,211.2588
2024-11-14 17:00:00,1731621600000,211.2,211.48,211.0,211.2922,70464.0,211.3226
2024-11-14 17:15:00,1731622500000,211.0419,211.2499,211.0419,211.15,9004.0,210.6873
2024-11-14 17:30:00,1731623400000,211.25,211.48,210.9597,211.13,25507.0,211.2728
2024-11-14 17:45:00,1731624300000,211.15,211.15,210.9,210.9,11312.0,210.8751
2024-11-14 18:00:00,1731625200000,211.0,211.02,210.75,210.75,8424.0,210.8683
2024-11-14 18:15:00,1731626100000,210.8,210.8376,210.6,210.71,6342.0,210.7007
2024-11-14 18:30:00,1731627000000,210.7,210.75,210.61,210.67,11333.0,210.6504
2024-11-14 18:45:00,1731627900000,210.74,210.75,210.6,210.65,12750.0,210.6652
2024-11-14 19:00:00,1731628800000,210.7,210.8478,210.7,210.82,2605.0,210.7932
2024-11-14 19:15:00,1731629700000,210.81,210.84,210.7,210.8,5959.0,210.7627
2024-11-14 19:30:00,1731630600000,210.62,210.7258,210.52,210.52,5502.0,210.6344
2024-11-14 19:45:00,1731631500000,210.58,210.7478,210.2562,210.2562,12450.0,210.5058
2024-11-15 04:00:00,1731661200000,210.8,210.8,209.8,209.94,11285.0,210.0462
2024-11-15 04:15:00,1731662100000,209.85,209.99,209.78,209.99,6408.0,209.8393
2024-11-15 04:30:00,1731663000000,209.9,210.0,209.89,210.0,7163.0,209.9468
2024-11-15 04:45:00,1731663900000,210.05,210.05,209.89,209.97,3367.0,209.996
2024-11-15 05:00:00,1731664800000,209.98,210.0,209.91,209.91,2678.0,209.9767
2024-11-15 05:15:00,1731665700000,209.81,209.91,209.73,209.91,1324.0,209.8134
2024-11-15 05:30:00,1731666600000,209.94,209.95,209.85,209.85,1960.0,209.8987
2024-11-15 05:45:00,1731667500000,209.99,210.12,209.95,210.12,3645.0,210.0277
2024-11-15 06:00:00,1731668400000,210.1,210.46,210.1,210.46,6902.0,210.2703
2024-11-15 06:15:00,1731669300000,210.6,210.6,210.5,210.58,5829.0,210.5222
2024-11-15 06:30:00,1731670200000,210.41,210.71,210.35,210.57,12085.0,210.5233
2024-11-15 06:45:00,1731671100000,210.67,211.15,210.67,211.06,10769.0,210.9894
2024-11-15 07:00:00,1731672000000,211.25,211.26,210.41,210.83,27686.0,210.7942
2024-11-15 07:15:00,1731672900000,210.85,210.85,210.45,210.65,20373.0,210.6243
2024-11-15 07:30:00,1731673800000,210.66,210.71,210.5,210.55,7486.0,210.5673
2024-11-15 07:45:00,1731674700000,210.5,210.74,210.45,210.74,8469.0,210.5948
2024-11-15 08:00:00,1731675600000,211.2505,211.65,209.39,210.35,79594.0,210.6121
2024-11-15 08:15:00,1731676500000,210.37,210.53,210.2,210.53,20940.0,210.3422
2024-11-15 08:30:00,1731677400000,210.57,210.65,210.074,210.2468,29177.0,210.2857
2024-11-15 08:45:00,1731678300000,210.15,210.15,209.31,209.5,168011.0,210.8929
2024-11-15 09:00:00,1731679200000,209.44,209.4987,208.78,208.9478,138934.0,209.1533
2024-11-15 09:15:00,1731680100000,208.88,208.9499,206.48,206.48,459524.0,207.7132
2024-11-15 09:30:00,1731681000000,206.76,207.34,205.04,205.16,12163942.0,206.0314
2024-11-15 09:45:00,1731681900000,205.16,206.7,204.5,205.04,4564481.0,205.5313
2024-11-15 10:00:00,1731682800000,205.07,205.4,204.3,205.1606,3294423.0,204.781
2024-11-15 10:15:00,1731683700000,205.15,205.935,204.75,204.76,3590551.0,205.3185
2024-11-15 10:30:00,1731684600000,204.755,205.34,204.06,205.165,3714174.0,204.685
2024-11-15 10:45:00,1731685500000,205.18,205.8,204.75,204.83,1471575.0,205.2416
2024-11-15 11:00:00,1731686400000,204.83,204.9071,204.08,204.12,1742576.0,204.3814
2024-11-15 11:15:00,1731687300000,204.11,204.97,203.83,204.27,2434859.0,204.2024
2024-11-15 11:30:00,1731688200000,204.27,204.465,203.17,203.3509,1434295.0,203.6965
2024-11-15 11:45:00,1731689100000,203.355,203.58,202.24,202.56,2499865.0,202.736
2024-11-15 12:00:00,1731690000000,202.569,203.21,202.5101,203.11,1192394.0,202.8781
2024-11-15 12:15:00,1731690900000,203.11,203.75,202.84,203.3009,2319756.0,203.1693
2024-11-15 12:30:00,1731691800000,203.3199,203.755,202.49,203.32,2280261.0,202.9532
2024-11-15 12:45:00,1731692700000,203.35,203.63,202.41,203.25,891150.0,202.9844
2024-11-15 13:00:00,1731693600000,203.2401,203.34,200.75,201.7156,3913572.0,201.7118
2024-11-15 13:15:00,1731694500000,201.7155,202.48,200.16,201.5686,3463146.0,201.1656
2024-11-15 13:30:00,1731695400000,201.56,201.78,200.08,200.11,3946700.0,200.5863
2024-11-15 13:45:00,1731696300000,200.11,201.41,199.61,201.34,5367394.0,200.3176
2024-11-15 14:00:00,1731697200000,201.35,201.74,200.91,201.3934,1390508.0,201.3613
2024-11-15 14:15:00,1731698100000,201.38,201.7,200.85,200.86,1230597.0,201.3858
2024-11-15 14:30:00,1731699000000,200.86,201.3,200.39,201.29,1597090.0,200.8727
2024-11-15 14:45:00,1731699900000,201.28,201.5537,200.37,200.735,1710358.0,200.9664
2024-11-15 15:00:00,1731700800000,200.71,201.64,200.6,201.6,1623902.0,201.2073
2024-11-15 15:15:00,1731701700000,201.6,202.6699,201.53,202.64,1631862.0,202.2291
2024-11-15 15:30:00,1731702600000,202.65,202.79,202.12,202.155,1932124.0,202.518
2024-11-15 15:45:00,1731703500000,202.1679,203.01,202.02,202.59,3714141.0,202.5676
2024-11-15 16:00:00,1731704400000,202.61,202.61,202.0,202.4001,1022946.0,202.5796
2024-11-15 16:15:00,1731705300000,202.41,202.61,202.39,202.45,118586.0,202.4761
2024-11-15 16:30:00,1731706200000,202.44,202.61,202.42,202.5668,742735.0,202.603
2024-11-15 16:45:00,1731707100000,202.57,202.61,202.46,202.5,680460.0,202.6125
2024-11-15 17:00:00,1731708000000,202.4985,202.54,202.4501,202.54,23834.0,202.5019
2024-11-15 17:15:00,1731708900000,202.5,202.57,202.49,202.49,14767.0,202.4861
2024-11-15 17:30:00,1731709800000,202.52,202.52,202.49,202.5,4215.0,202.502
2024-11-15 17:45:00,1731710700000,202.5199,202.52,202.4,202.4904,8638.0,202.4917
2024-11-15 18:00:00,1731711600000,202.52,202.52,202.18,202.48,8308.0,202.3704
2024-11-15 18:15:00,1731712500000,202.4999,202.4999,202.3542,202.3542,3288.0,202.4264
2024-11-15 18:30:00,1731713400000,202.4,202.48,202.38,202.41,6452.0,202.4152
2024-11-15 18:45:00,1731714300000,202.44,202.4974,202.2674,202.495,6707.0,202.4196
2024-11-15 19:00:00,1731715200000,202.41,202.536,202.41,202.482,4710.0,202.483
2024-11-15 19:15:00,1731716100000,202.4801,202.6,202.48,202.5623,5921.0,202.5465
2024-11-15 19:30:00,1731717000000,202.61,202.63,202.59,202.63,6690.0,202.6049
2024-11-15 19:45:00,1731717900000,202.62,202.8,202.6,202.77,10022.0,202.6816
2024-11-18 04:00:00,1731920400000,204.3,204.4,203.4,203.4,38850.0,203.9933
2024-11-18 04:15:00,1731921300000,203.4,203.43,202.94,203.34,11154.0,203.1376
2024-11-18 04:30:00,1731922200000,203.32,203.68,203.3,203.3,12916.0,203.457
2024-11-18 04:45:00,1731923100000,203.58,203.58,203.33,203.33,2626.0,203.45
2024-11-18 05:00:00,1731924000000,203.43,203.99,203.43,203.8,9736.0,203.7601
2024-11-18 05:15:00,1731924900000,203.94,204.4,203.93,204.4,9672.0,204.0769
2024-11-18 05:30:00,1731925800000,204.45,204.45,204.19,204.25,7402.0,204.2792
2024-11-18 05:45:00,1731926700000,204.17,204.18,203.92,204.0,6025.0,204.0504
2024-11-18 06:00:00,1731927600000,204.05,204.18,203.96,204.08,3880.0,204.0634
2024-11-18 06:15:00,1731928500000,203.99,204.06,203.73,203.98,6067.0,203.897
2024-11-18 06:30:00,1731929400000,203.95,203.95,203.55,203.58,3302.0,203.7348
2024-11-18 06:45:00,1731930300000,203.6,203.88,203.59,203.88,3809.0,203.7381
2024-11-18 07:00:00,1731931200000,203.82,203.98,203.02,203.55,36430.0,203.493
2024-11-18 07:15:00,1731932100000,203.59,203.6,203.29,203.39,15026.0,203.455
2024-11-18 07:30:00,1731933000000,203.61,204.22,203.6,204.13,16832.0,203.863
2024-11-18 07:45:00,1731933900000,204.16,204.2,203.82,203.82,14586.0,203.9634
2024-11-18 08:00:00,1731934800000,203.725,204.35,203.1352,203.4,126914.0,203.7315
2024-11-18 08:15:00,1731935700000,203.34,203.73,202.9034,203.3,45447.0,203.2896
2024-11-18 08:30:00,1731936600000,203.4,203.77,203.141,203.68,68444.0,203.3551
2024-11-18 08:45:00,1731937500000,203.7,203.92,203.59,203.7199,41147.0,203.7399
2024-11-18 09:00:00,1731938400000,203.7192,203.91,203.7,203.9099,49901.0,203.8111
2024-11-18 09:15:00,1731939300000,203.88,204.22,203.22,204.22,118816.0,203.8454
2024-11-18 09:30:00,1731940200000,204.15,204.67,202.727,203.3184,3280320.0,203.7085
2024-11-18 09:45:00,1731941100000,203.31,203.33,202.86,203.233,1371704.0,203.0667
2024-11-18 10:00:00,1731942000000,203.27,204.2,203.11,203.845,1480627.0,203.8165
2024-11-18 10:15:00,1731942900000,203.845,204.4,203.56,204.365,1071236.0,203.904
2024-11-18 10:30:00,1731943800000,204.34,204.6399,203.4,203.58,1179694.0,203.9416
2024-11-18 10:45:00,1731944700000,203.58,203.8076,202.83,203.3779,971800.0,203.3027
2024-11-18 11:00:00,1731945600000,203.3905,203.46,202.9197,203.265,810829.0,203.1923
2024-11-18 11:15:00,1731946500000,203.26,203.28,202.768,202.845,1105285.0,203.0192
2024-11-18 11:30:00,1731947400000,202.8416,203.2434,202.78,203.2201,548338.0,203.0118
2024-11-18 11:45:00,1731948300000,203.23,203.29,202.25,202.62,1213961.0,202.5661
2024-11-18 12:00:00,1731949200000,202.63,202.8275,202.36,202.8275,758720.0,202.596
2024-11-18 12:15:00,1731950100000,202.83,202.86,202.44,202.4948,537919.0,202.6505
2024-11-18 12:30:00,1731951000000,202.4934,202.615,201.7676,201.784,831588.0,202.1757
2024-11-18 12:45:00,1731951900000,201.79,202.2826,201.5814,202.2759,982697.0,201.8452
2024-11-18 13:00:00,1731952800000,202.255,202.285,201.82,201.845,542877.0,202.0579
2024-11-18 13:15:00,1731953700000,201.85,202.15,201.755,201.76,568741.0,201.909
2024-11-18 13:30:00,1731954600000,201.76,202.08,201.56,201.59,661842.0,201.8352
2024-11-18 13:45:00,1731955500000,201.61,201.91,201.29,201.83,854809.0,201.5394
2024-11-18 14:00:00,1731956400000,201.83,201.93,201.4533,201.4869,494787.0,201.7378
2024-11-18 14:15:00,1731957300000,201.482,201.58,201.12,201.17,559946.0,201.3002
2024-11-18 14:30:00,1731958200000,201.16,201.72,200.95,201.64,1346062.0,201.3512
2024-11-18 14:45:00,1731959100000,201.66,202.19,201.64,202.1302,658898.0,201.9592
2024-11-18 15:00:00,1731960000000,202.13,202.42,202.06,202.1699,691640.0,202.2221
2024-11-18 15:15:00,1731960900000,202.17,202.36,202.07,202.22,619747.0,202.2469
2024-11-18 15:30:00,1731961800000,202.21,202.47,202.11,202.1301,821164.0,202.3123
2024-11-18 15:45:00,1731962700000,202.13,202.1399,201.24,201.7,2370252.0,201.6968
2024-11-18 16:00:00,1731963600000,201.7,201.85,201.49,201.65,967695.0,201.7006
2024-11-18 16:15:00,1731964500000,201.67,201.7,201.62,201.63,7468.0,201.6829
2024-11-18 16:30:00,1731965400000,201.65,201.6897,201.6,201.6315,819493.0,201.6995
2024-11-18 16:45:00,1731966300000,201.64,201.7,201.6301,201.6402,53063.0,201.6961
2024-11-18 17:00:00,1731967200000,201.7,201.82,201.7,201.7,3787.0,201.7335
2024-11-18 17:15:00,1731968100000,201.71,201.73,201.66,201.71,5622.0,201.6991
2024-11-18 17:30:00,1731969000000,201.75,201.75,201.66,201.66,3666.0,201.7109
2024-11-18 17:45:00,1731969900000,201.6858,201.6858,201.63,201.63,957.0,201.6552
2024-11-18 18:00:00,1731970800000,201.66,204.15,201.3,201.4999,389599.0,204.0827
2024-11-18 18:15:00,1731971700000,201.4999,201.69,201.43,201.4929,15257.0,201.6181
2024-11-18 18:30:00,1731972600000,201.5108,201.6784,201.45,201.5167,6511.0,201.5302
2024-11-18 18:45:00,1731973500000,201.6697,201.6697,201.57,201.6335,2283.0,201.6025
2024-11-18 19:00:00,1731974400000,201.57,201.65,201.45,201.5,15861.0,201.4909
2024-11-18 19:15:00,1731975300000,201.65,201.79,201.65,201.75,4291.0,201.7125
2024-11-18 19:30:00,1731976200000,201.7299,201.73,201.5101,201.6,6073.0,201.6347
2024-11-18 19:45:00,1731977100000,201.6994,203.236,201.562,201.89,46336.0,202.4631
2024-11-19 04:00:00,1732006800000,201.66,202.32,201.66,202.1,8114.0,202.1806
2024-11-19 04:15:00,1732007700000,202.1,202.1,200.71,200.71,9075.0,201.5541
2024-11-19 04:30:00,1732008600000,200.71,201.0,200.62,200.82,5085.0,200.785
2024-11-19 04:45:00,1732009500000,200.62,200.9,200.54,200.9,5802.0,200.7323
2024-11-19 05:00:00,1732010400000,200.84,201.15,200.84,201.0,4676.0,201.0696
2024-11-19 05:15:00,1732011300000,201.16,201.5,201.16,201.5,5942.0,201.4152
2024-11-19 05:30:00,1732012200000,201.5,201.56,201.5,201.5,4461.0,201.5172
2024-11-19 05:45:00,1732013100000,201.55,201.58,201.55,201.58,801.0,201.5608
2024-11-19 06:00:00,1732014000000,201.58,201.58,201.5,201.51,1613.0,201.5211
2024-11-19 06:15:00,1732014900000,201.66,201.68,201.0,201.3,15168.0,201.2893
2024-11-19 06:30:00,1732015800000,201.3,201.6,201.2,201.6,2359.0,201.3504
2024-11-19 06:45:00,1732016700000,201.61,201.61,201.35,201.43,7623.0,201.4905
2024-11-19 07:00:00,1732017600000,201.25,201.55,201.13,201.46,38812.0,201.3815
2024-11-19 07:15:00,1732018500000,201.36,201.55,201.3,201.5,7245.0,201.3725
2024-11-19 07:30:00,1732019400000,201.45,201.5,201.3,201.5,8300.0,201.3956
2024-11-19 07:45:00,1732020300000,201.42,201.5,201.42,201.5,17454.0,201.4848
2024-11-19 08:00:00,1732021200000,201.48,202.62,201.25,201.28,72612.0,201.5258
2024-11-19 08:15:00,1732022100000,201.11,201.2485,200.77,200.9699,40031.0,200.9477
2024-11-19 08:30:00,1732023000000,200.85,200.97,200.2695,200.3042,55488.0,200.6839
2024-11-19 08:45:00,1732023900000,200.32,200.41,199.23,200.0,131088.0,199.8979
2024-11-19 09:00:00,1732024800000,200.0,200.7,199.69,200.3,131138.0,200.0871
2024-11-19 09:15:00,1732025700000,200.3,200.4,199.02,199.19,172314.0,199.5921
2024-11-19 09:30:00,1732026600000,199.33,201.12,198.78,200.725,2784410.0,200.0134
2024-11-19 09:45:00,1732027500000,200.7136,201.52,200.34,201.08,1195149.0,200.9963
2024-11-19 10:00:00,1732028400000,201.05,201.13,200.36,200.8001,1085929.0,200.667
2024-11-19 10:15:00,1732029300000,200.8,201.63,200.5,201.62,904512.0,201.0272
2024-11-19 10:30:00,1732030200000,201.63,202.12,201.32,202.04,964363.0,201.813
2024-11-19 10:45:00,1732031100000,202.03,202.56,201.97,202.3599,873962.0,202.2553
2024-11-19 11:00:00,1732032000000,202.36,203.18,202.3301,203.1775,803099.0,202.8004
2024-11-19 11:15:00,1732032900000,203.16,203.93,203.05,203.88,940491.0,203.4561
2024-11-19 11:30:00,1732033800000,203.89,204.56,203.7201,204.255,1493776.0,204.2265
2024-11-19 11:45:00,1732034700000,204.27,204.33,203.75,203.86,896922.0,204.0304
2024-11-19 12:00:00,1732035600000,203.86,204.23,203.71,203.8501,565256.0,203.9091
2024-11-19 12:15:00,1732036500000,203.87,203.92,203.16,203.85,642198.0,203.5761
2024-11-19 12:30:00,1732037400000,203.82,204.175,203.7601,204.05,525053.0,203.9832
2024-11-19 12:45:00,1732038300000,204.0697,204.22,203.9502,204.085,421289.0,204.0765
2024-11-19 13:00:00,1732039200000,204.085,204.42,203.87,204.4,495522.0,204.2171
2024-11-19 13:15:00,1732040100000,204.408,204.62,204.2,204.23,579926.0,204.4042
2024-11-19 13:30:00,1732041000000,204.23,204.855,204.17,204.84,531427.0,204.5438
2024-11-19 13:45:00,1732041900000,204.83,205.3,204.83,205.0,971810.0,205.0611
2024-11-19 14:00:00,1732042800000,205.02,205.13,204.54,204.64,654128.0,204.9189
2024-11-19 14:15:00,1732043700000,204.6376,204.7,204.0,204.005,802730.0,204.314
2024-11-19 14:30:00,1732044600000,204.01,204.11,203.4701,203.89,915170.0,203.7332
2024-11-19 14:45:00,1732045500000,203.89,204.09,203.72,204.0,875531.0,203.9262
2024-11-19 15:00:00,1732046400000,204.005,204.35,203.74,204.32,646748.0,204.0319
2024-11-19 15:15:00,1732047300000,204.33,204.3526,203.98,204.07,693650.0,204.1586
2024-11-19 15:30:00,1732048200000,204.0624,204.2283,204.0,204.08,681087.0,204.0799
2024-11-19 15:45:00,1732049100000,204.07,204.65,203.97,204.6,2306782.0,204.4154
2024-11-19 16:00:00,1732050000000,204.61,204.72,204.551,204.551,311725.0,204.6129
2024-11-19 16:15:00,1732050900000,204.56,204.61,204.27,204.27,4887.0,204.4975
2024-11-19 16:30:00,1732051800000,204.46,204.61,204.46,204.5101,11038.0,204.5213
2024-11-19 16:45:00,1732052700000,204.51,204.51,204.41,204.46,4606.0,204.4572
2024-11-19 17:00:00,1732053600000,204.42,204.43,204.42,204.43,4179.0,204.4255
2024-11-19 17:15:00,1732054500000,204.41,204.41,204.35,204.35,4366.0,204.3844
2024-11-19 17:30:00,1732055400000,204.35,204.3998,204.31,204.31,4152.0,204.3631
2024-11-19 17:45:00,1732056300000,204.3101,204.45,204.31,204.45,3659.0,204.3574
2024-11-19 18:00:00,1732057200000,204.4486,204.6,204.4,204.6,6928.0,204.4985
2024-11-19 18:15:00,1732058100000,204.56,204.62,204.48,204.62,3747.0,204.5827
2024-11-19 18:30:00,1732059000000,204.55,204.62,204.52,204.52,4105.0,204.5664
2024-11-19 18:45:00,1732059900000,204.52,204.61,204.5,204.5,3283.0,204.5388
2024-11-19 19:00:00,1732060800000,204.59,204.77,204.56,204.69,5171.0,204.6409
2024-11-19 19:15:00,1732061700000,204.68,204.9,204.6,204.9,5446.0,204.8136
2024-11-19 19:30:00,1732062600000,204.64,204.87,204.56,204.87,2534.0,204.7507
2024-11-19 19:45:00,1732063500000,204.87,205.1,204.87,205.1,19478.0,204.9547
2024-11-20 04:00:00,1732093200000,205.0,205.0,204.26,204.57,14780.0,204.6638
2024-11-20 04:15:00,1732094100000,204.83,204.94,204.8,204.82,6490.0,204.8766
2024-11-20 04:30:00,1732095000000,204.82,204.82,204.82,204.82,465.0,204.8231
2024-11-20 04:45:00,1732095900000,204.62,204.62,204.4,204.4,3285.0,204.5179
2024-11-20 05:00:00,1732096800000,204.4,204.42,204.33,204.4,2652.0,204.396
2024-11-20 05:15:00,1732097700000,204.55,204.55,204.3,204.4,2560.0,204.3936
2024-11-20 05:30:00,1732098600000,204.43,204.48,204.33,204.48,1802.0,204.3905
2024-11-20 05:45:00,1732099500000,204.45,204.45,204.35,204.43,1628.0,204.4189
2024-11-20 06:00:00,1732100400000,204.47,204.6,204.47,204.56,3710.0,204.5479
2024-11-20 06:30:00,1732102200000,204.52,204.52,203.42,203.63,31946.0,203.9412
2024-11-20 06:45:00,1732103100000,203.7,203.99,203.7,203.88,14088.0,203.8675
2024-11-20 07:00:00,1732104000000,203.97,204.25,203.83,204.0,15650.0,204.0889
2024-11-20 07:15:00,1732104900000,204.15,204.22,203.75,203.81,23716.0,203.9533
2024-11-20 07:30:00,1732105800000,203.95,204.0,203.8,204.0,22130.0,203.9266
2024-11-20 07:45:00,1732106700000,204.15,204.48,204.15,204.35,11053.0,204.3285
2024-11-20 08:00:00,1732107600000,204.21,205.32,203.73,204.6,52918.0,204.4204
2024-11-20 08:15:00,1732108500000,204.6,205.1,204.35,204.35,47405.0,204.7054
2024-11-20 08:30:00,1732109400000,204.4888,204.76,204.03,204.76,32362.0,204.3945
2024-11-20 08:45:00,1732110300000,204.77,204.7843,203.5,203.98,81358.0,203.9626
2024-11-20 09:00:00,1732111200000,203.9,204.61,203.5,203.514,54561.0,203.6893
2024-11-20 09:15:00,1732112100000,203.59,203.87,202.85,202.93,91288.0,203.3092
2024-11-20 09:30:00,1732113000000,202.98,203.13,201.64,201.69,2732059.0,202.305
2024-11-20 09:45:00,1732113900000,201.68,201.91,200.88,200.97,1536723.0,201.4537
2024-11-20 10:00:00,1732114800000,200.98,201.2,199.45,199.81,2501996.0,200.23
2024-11-20 10:15:00,1732115700000,199.82,200.7201,199.71,200.58,1486271.0,200.2184
2024-11-20 10:30:00,1732116600000,200.6,201.24,200.5,200.86,1643134.0,200.7636
2024-11-20 10:45:00,1732117500000,200.88,201.48,200.84,201.15,753992.0,201.2054
2024-11-20 11:00:00,1732118400000,201.14,201.367,200.6401,201.06,776008.0,201.0419
2024-11-20 11:15:00,1732119300000,201.05,201.35,200.74,200.745,603353.0,201.0801
2024-11-20 11:30:00,1732120200000,200.75,201.56,200.6,201.5451,1129561.0,200.9305
2024-11-20 11:45:00,1732121100000,201.54,202.25,201.51,201.935,738674.0,201.8967
2024-11-20 12:00:00,1732122000000,201.925,202.27,201.43,201.46,644776.0,201.8593
2024-11-20 12:15:00,1732122900000,201.4513,201.52,200.74,201.42,1075570.0,201.244
2024-11-20 12:30:00,1732123800000,201.42,201.75,201.21,201.325,563588.0,201.5362
2024-11-20 12:45:00,1732124700000,201.33,201.56,200.96,201.15,459232.0,201.2132
2024-11-20 13:00:00,1732125600000,201.14,201.4,200.98,201.0,371303.0,201.1464
2024-11-20 13:15:00,1732126500000,201.0,201.44,200.79,201.3301,584463.0,201.1294
2024-11-20 13:30:00,1732127400000,201.3387,201.3387,200.715,200.98,823437.0,201.0517
2024-11-20 13:45:00,1732128300000,200.995,201.2999,200.8,201.2655,536136.0,201.0322
2024-11-20 14:00:00,1732129200000,201.26,201.42,201.0,201.115,440195.0,201.1759
2024-11-20 14:15:00,1732130100000,201.1191,201.22,200.97,201.09,364545.0,201.0763
2024-11-20 14:30:00,1732131000000,201.075,201.56,200.995,201.54,385226.0,201.2487
2024-11-20 14:45:00,1732131900000,201.53,201.64,201.08,201.23,504653.0,201.3339
2024-11-20 15:00:00,1732132800000,201.225,201.48,201.04,201.3196,585134.0,201.2935
2024-11-20 15:15:00,1732133700000,201.33,201.82,201.15,201.69,804791.0,201.5016
2024-11-20 15:30:00,1732134600000,201.68,202.5,201.68,202.16,1015982.0,202.2366
2024-11-20 15:45:00,1732135500000,202.15,202.91,202.1,202.88,2712649.0,202.632
2024-11-20 16:00:00,1732136400000,202.88,203.34,202.52,203.04,935488.0,202.8811
2024-11-20 16:15:00,1732137300000,203.0,203.0398,202.01,202.35,58343.0,202.6132
2024-11-20 16:30:00,1732138200000,202.65,202.88,201.8,202.5,50409.0,202.3825
2024-11-20 16:45:00,1732139100000,202.72,202.99,202.34,202.99,64719.0,202.5151
2024-11-20 17:00:00,1732140000000,202.95,203.3105,202.8501,202.94,75513.0,202.9782
2024-11-20 17:15:00,1732140900000,202.95,203.09,202.73,202.81,20903.0,202.8971
2024-11-20 17:30:00,1732141800000,202.85,202.94,202.53,202.53,5024.0,202.8061
2024-11-20 17:45:00,1732142700000,202.6,202.7503,202.56,202.75,10733.0,202.7017
2024-11-20 18:00:00,1732143600000,202.79,202.88,202.55,202.82,13009.0,202.657
2024-11-20 18:15:00,1732144500000,202.75,202.88,202.5101,202.88,7017.0,202.7121
2024-11-20 18:30:00,1732145400000,202.84,203.1,202.84,203.0881,16011.0,202.9911
2024-11-20 18:45:00,1732146300000,203.09,203.13,202.85,202.9,13803.0,203.0177
2024-11-20 19:00:00,1732147200000,202.91,202.95,202.83,202.95,4016.0,202.8826
2024-11-20 19:15:00,1732148100000,202.9,202.9,202.67,202.72,5184.0,202.8105
2024-11-20 19:30:00,1732149000000,202.63,203.2,202.45,202.7,7308.0,202.7336
2024-11-20 19:45:00,1732149900000,202.68,202.7081,202.05,202.2,9006.0,202.4729
2024-11-21 04:00:00,1732179600000,202.66,202.66,202.27,202.44,3840.0,202.4378
2024-11-21 04:15:00,1732180500000,202.44,202.44,202.13,202.13,1699.0,202.3077
2024-11-21 04:30:00,1732181400000,202.11,202.38,202.11,202.38,1009.0,202.3215
2024-11-21 04:45:00,1732182300000,202.54,202.54,202.54,202.54,429.0,202.5689
2024-11-21 05:00:00,1732183200000,202.72,203.29,202.72,203.29,7679.0,202.9384
2024-11-21 05:15:00,1732184100000,203.01,203.03,202.83,202.85,6061.0,202.9684
2024-11-21 05:30:00,1732185000000,203.0,203.0,202.89,202.89,5716.0,202.9944
2024-11-21 05:45:00,1732185900000,202.87,203.0,202.87,203.0,678.0,202.9111
2024-11-21 06:00:00,1732186800000,202.99,203.2,202.93,203.11,9606.0,203.0503
2024-11-21 06:15:00,1732187700000,203.19,203.2,203.16,203.19,7693.0,203.1944
2024-11-21 06:30:00,1732188600000,202.93,203.2,202.93,203.11,3669.0,203.0778
2024-11-21 06:45:00,1732189500000,203.01,203.01,203.0,203.0,1972.0,203.0042
2024-11-21 07:00:00,1732190400000,203.11,203.2,203.0,203.2,9136.0,203.1319
2024-11-21 07:15:00,1732191300000,203.2,203.75,203.2,203.75,17417.0,203.5214
2024-11-21 07:30:00,1732192200000,203.84,203.85,203.45,203.7,20459.0,203.5747
2024-11-21 07:45:00,1732193100000,203.69,203.89,203.69,203.85,33621.0,203.7245
2024-11-21 08:00:00,1732194000000,203.16,203.9799,202.22,203.9301,143896.0,203.3236
2024-11-21 08:15:00,1732194900000,203.92,204.5,203.9,204.1499,56553.0,204.1686
2024-11-21 08:30:00,1732195800000,204.15,205.37,204.11,204.95,123364.0,204.8833
2024-11-21 08:45:00,1732196700000,204.9,204.9,204.3,204.3808,100824.0,204.4776
2024-11-21 09:00:00,1732197600000,204.4,204.4,204.3228,204.38,79088.0,204.395
2024-11-21 09:15:00,1732198500000,204.39,204.4,202.77,202.95,240174.0,203.7133
2024-11-21 09:30:00,1732199400000,203.49,203.49,200.32,200.45,5470851.0,201.3118
2024-11-21 09:45:00,1732200300000,200.43,201.58,200.15,200.24,4180922.0,200.6871
2024-11-21 10:00:00,1732201200000,200.23,201.4,199.66,201.1848,2080793.0,200.2999
2024-11-21 10:15:00,1732202100000,201.18,201.4099,198.52,198.6301,2908875.0,199.9539
2024-11-21 10:30:00,1732203000000,198.63,199.2994,198.05,198.87,1979564.0,198.6564
2024-11-21 10:45:00,1732203900000,198.87,199.015,198.43,198.5,1640389.0,198.7237
2024-11-21 11:00:00,1732204800000,198.495,198.67,196.6,198.08,2862383.0,197.7281
2024-11-21 11:15:00,1732205700000,198.08,199.0,197.785,198.65,1840372.0,198.1533
2024-11-21 11:30:00,1732206600000,198.68,198.72,196.47,197.0,2353263.0,197.4234
2024-11-21 11:45:00,1732207500000,197.0,197.58,195.77,197.455,2929402.0,196.6961
2024-11-21 12:00:00,1732208400000,197.4512,197.9399,195.75,196.86,3596994.0,196.2444
2024-11-21 12:15:00,1732209300000,196.86,197.74,196.41,197.54,1139478.0,197.0469
2024-11-21 12:30:00,1732210200000,197.56,198.79,196.4913,198.58,2461737.0,197.6897
2024-11-21 12:45:00,1732211100000,198.5916,199.62,198.0,199.1567,1443154.0,199.032
2024-11-21 13:00:00,1732212000000,199.16,199.59,198.0,198.71,1159557.0,199.0793
2024-11-21 13:15:00,1732212900000,198.75,198.8,197.88,198.68,1231100.0,198.3889
2024-11-21 13:30:00,1732213800000,198.6601,199.12,198.19,198.4372,637727.0,198.684
2024-11-21 13:45:00,1732214700000,198.44,198.6,198.15,198.375,562471.0,198.404
2024-11-21 14:00:00,1732215600000,198.375,198.5,197.02,197.33,1062805.0,197.5914
2024-11-21 14:15:00,1732216500000,197.34,197.67,197.17,197.48,1350604.0,197.3576
2024-11-21 14:30:00,1732217400000,197.505,197.85,197.28,197.735,1330130.0,197.5734
2024-11-21 14:45:00,1732218300000,197.73,198.185,197.5801,198.14,653186.0,197.8889
2024-11-21 15:00:00,1732219200000,198.13,198.5699,198.055,198.295,824032.0,198.3896
2024-11-21 15:15:00,1732220100000,198.29,198.88,198.29,198.7884,938180.0,198.6857
2024-11-21 15:30:00,1732221000000,198.79,198.79,197.93,198.38,1285235.0,198.288
2024-11-21 15:45:00,1732221900000,198.37,198.91,198.07,198.33,3355287.0,198.4061
2024-11-21 16:00:00,1732222800000,198.38,198.6,198.07,198.08,704281.0,198.3735
2024-11-21 16:15:00,1732223700000,198.09,198.38,197.8,197.96,55414.0,198.0572
2024-11-21 16:30:00,1732224600000,197.86,198.38,197.8,198.1,134979.0,198.2212
2024-11-21 16:45:00,1732225500000,198.1,198.17,197.7899,197.89,29285.0,197.998
2024-11-21 17:00:00,1732226400000,197.8901,197.9711,197.8,197.9,8602.0,197.8984
2024-11-21 17:15:00,1732227300000,197.99,198.18,197.99,198.17,17922.0,198.0857
2024-11-21 17:30:00,1732228200000,198.2,198.23,198.04,198.1,4452.0,198.1231
2024-11-21 17:45:00,1732229100000,198.1893,198.38,198.0415,198.15,127864.0,198.376
2024-11-21 18:00:00,1732230000000,198.13,198.13,198.0,198.13,4593.0,198.0551
2024-11-21 18:15:00,1732230900000,198.1499,198.1499,198.1,198.1399,8426.0,198.1117
2024-11-21 18:30:00,1732231800000,198.14,198.16,198.1011,198.1199,5396.0,198.142
2024-11-21 18:45:00,1732232700000,198.15,198.16,198.0,198.1499,6988.0,198.0924
2024-11-21 19:00:00,1732233600000,198.05,198.16,198.05,198.1,7801.0,198.0975
2024-11-21 19:15:00,1732234500000,198.1575,198.16,198.0,198.16,6616.0,198.1192
2024-11-21 19:30:00,1732235400000,198.0607,198.19,198.0607,198.11,5368.0,198.1247
2024-11-21 19:45:00,1732236300000,198.1,198.136,198.0,198.08,7552.0,198.0695
2024-11-22 04:00:00,1732266000000,198.37,198.66,198.37,198.38,9971.0,198.4918
2024-11-22 04:15:00,1732266900000,198.53,198.53,198.0,198.0,8181.0,198.2155
2024-11-22 04:30:00,1732267800000,197.92,197.92,197.75,197.75,2980.0,197.8339
2024-11-22 04:45:00,1732268700000,197.9,198.2,197.87,198.2,3657.0,198.0842
2024-11-22 05:00:00,1732269600000,198.1,198.1,198.0,198.0,2976.0,198.0203
2024-11-22 05:15:00,1732270500000,197.82,198.14,197.82,198.06,2130.0,198.0277
2024-11-22 05:30:00,1732271400000,198.14,198.21,198.09,198.09,2067.0,198.135
2024-11-22 05:45:00,1732272300000,198.13,198.35,198.13,198.3,3722.0,198.2686
2024-11-22 06:00:00,1732273200000,198.25,198.25,198.1,198.1,3746.0,198.1662
2024-11-22 06:15:00,1732274100000,198.0,198.14,197.98,198.14,1799.0,198.0077
2024-11-22 06:30:00,1732275000000,198.15,198.15,197.94,197.94,1122.0,198.0897
2024-11-22 06:45:00,1732275900000,198.37,198.42,198.35,198.42,1469.0,198.384
2024-11-22 07:00:00,1732276800000,198.44,198.6,198.2,198.32,7682.0,198.3336
2024-11-22 07:15:00,1732277700000,198.35,198.39,198.2,198.34,14494.0,198.3248
2024-11-22 07:30:00,1732278600000,198.35,198.37,198.25,198.32,3017.0,198.3327
2024-11-22 07:45:00,1732279500000,198.3,198.49,198.3,198.47,2714.0,198.4435
2024-11-22 08:00:00,1732280400000,198.3,198.8,198.2,198.4303,56846.0,198.4451
2024-11-22 08:15:00,1732281300000,198.43,198.67,198.38,198.38,38667.0,198.5223
2024-11-22 08:30:00,1732282200000,198.4501,198.6898,198.4101,198.52,27655.0,198.5486
2024-11-22 08:45:00,1732283100000,198.59,198.98,198.59,198.91,28404.0,198.8011
2024-11-22 09:00:00,1732284000000,198.91,199.46,198.77,199.41,80065.0,199.2077
2024-11-22 09:15:00,1732284900000,199.38,200.26,197.77,198.04,274735.0,199.1744
2024-11-22 09:30:00,1732285800000,198.25,199.2599,197.93,198.5,2888046.0,198.5344
2024-11-22 09:45:00,1732286700000,198.52,198.57,197.25,197.8201,1433442.0,197.8938
2024-11-22 10:00:00,1732287600000,197.82,198.09,196.83,196.95,1460045.0,197.3933
2024-11-22 10:15:00,1732288500000,196.96,198.03,196.75,197.21,1146724.0,197.1953
2024-11-22 10:30:00,1732289400000,197.22,198.9057,196.84,198.895,1197920.0,197.8161
2024-11-22 10:45:00,1732290300000,198.88,198.9425,198.37,198.76,779492.0,198.6597
2024-11-22 11:00:00,1732291200000,198.76,198.77,198.09,198.2,749494.0,198.3971
2024-11-22 11:15:00,1732292100000,198.2,198.325,197.3,197.465,1272716.0,197.7351
2024-11-22 11:30:00,1732293000000,197.48,197.78,197.22,197.295,790411.0,197.473
2024-11-22 11:45:00,1732293900000,197.275,197.98,197.12,197.81,647268.0,197.6155
2024-11-22 12:00:00,1732294800000,197.83,198.0189,197.65,197.92,431824.0,197.8135
2024-11-22 12:15:00,1732295700000,197.905,198.31,197.85,198.12,457791.0,198.1134
2024-11-22 12:30:00,1732296600000,198.125,198.18,197.54,197.6157,562795.0,197.724
2024-11-22 12:45:00,1732297500000,197.62,197.94,197.56,197.75,552382.0,197.7527
2024-11-22 13:00:00,1732298400000,197.75,198.25,197.69,197.84,573387.0,197.9572
2024-11-22 13:15:00,1732299300000,197.84,198.0699,197.61,197.6625,484944.0,197.8775
2024-11-22 13:30:00,1732300200000,197.655,198.04,197.439,197.57,692930.0,197.7434
2024-11-22 13:45:00,1732301100000,197.575,197.67,197.1094,197.48,705790.0,197.3569
2024-11-22 14:00:00,1732302000000,197.475,197.49,197.19,197.4096,484842.0,197.3245
2024-11-22 14:15:00,1732302900000,197.4,197.44,197.1,197.21,490115.0,197.2571
2024-11-22 14:30:00,1732303800000,197.22,197.47,197.11,197.235,477657.0,197.2542
2024-11-22 14:45:00,1732304700000,197.235,197.56,197.03,197.525,566067.0,197.2318
2024-11-22 15:00:00,1732305600000,197.52,197.56,196.87,196.945,734509.0,197.0931
2024-11-22 15:15:00,1732306500000,196.935,197.6298,196.85,197.37,820833.0,197.3401
2024-11-22 15:30:00,1732307400000,197.37,197.4899,197.17,197.325,766563.0,197.3197
2024-11-22 15:45:00,1732308300000,197.31,197.48,196.98,197.07,2662899.0,197.1663
2024-11-22 16:00:00,1732309200000,197.12,197.13,196.98,196.9906,408419.0,197.1146
2024-11-22 16:15:00,1732310100000,196.9908,197.15,196.97,197.12,19381.0,197.0715
2024-11-22 16:30:00,1732311000000,197.13,197.23,197.12,197.23,196093.0,197.1236
2024-11-22 16:45:00,1732311900000,197.19,197.35,197.12,197.24,445199.0,197.1234
2024-11-22 17:00:00,1732312800000,197.2114,197.24,197.0615,197.12,12523.0,197.077
2024-11-22 17:15:00,1732313700000,197.12,197.12,197.04,197.05,7418.0,197.0664
2024-11-22 17:30:00,1732314600000,197.0599,197.06,197.0,197.04,6003.0,197.0306
2024-11-22 17:45:00,1732315500000,197.02,197.06,196.99,197.06,8839.0,197.0191
2024-11-22 18:00:00,1732316400000,197.06,197.1,197.02,197.1,7821.0,197.051
2024-11-22 18:15:00,1732317300000,197.05,197.11,197.0,197.11,7521.0,197.0612
2024-11-22 18:30:00,1732318200000,197.04,197.12,196.99,196.9993,11071.0,197.0217
2024-11-22 18:45:00,1732319100000,196.95,197.0,196.75,196.95,10258.0,196.8503
2024-11-22 19:00:00,1732320000000,196.95,197.0,196.9,196.98,6638.0,196.9555
2024-11-22 19:15:00,1732320900000,196.9501,197.1,196.9501,197.0,5873.0,197.018
2024-11-22 19:30:00,1732321800000,196.992,197.05,196.992,197.03,3939.0,197.0255
2024-11-22 19:45:00,1732322700000,197.02,197.0696,197.009,197.05,9283.0,197.0399
2024-11-25 04:00:00,1732525200000,197.76,198.7,197.76,198.3,17592.0,198.4286
2024-11-25 04:15:00,1732526100000,198.35,198.38,198.29,198.38,5042.0,198.3473
2024-11-25 04:30:00,1732527000000,198.38,198.6,198.35,198.6,3308.0,198.433
2024-11-25 04:45:00,1732527900000,198.6,198.73,198.6,198.73,1479.0,198.663
2024-11-25 05:00:00,1732528800000,198.51,198.63,198.51,198.63,4399.0,198.5738
2024-11-25 05:15:00,1732529700000,198.52,198.58,198.47,198.58,4301.0,198.5312
2024-11-25 05:30:00,1732530600000,198.6,198.99,198.56,198.88,14258.0,198.8447
2024-11-25 05:45:00,1732531500000,198.88,198.88,198.76,198.76,4348.0,198.8144
2024-11-25 06:00:00,1732532400000,198.78,198.85,198.76,198.8,9546.0,198.8157
2024-11-25 06:15:00,1732533300000,198.83,198.87,198.74,198.79,4607.0,198.8025
2024-11-25 06:30:00,1732534200000,198.78,198.92,198.78,198.87,6185.0,198.8448
2024-11-25 06:45:00,1732535100000,198.96,199.3,198.96,199.2,11240.0,199.1587
2024-11-25 07:00:00,1732536000000,198.93,198.99,198.62,198.65,21284.0,198.8612
2024-11-25 07:15:00,1732536900000,198.67,198.9,198.67,198.75,13640.0,198.8063
2024-11-25 07:30:00,1732537800000,198.7,198.9,198.66,198.9,15653.0,198.764
2024-11-25 07:45:00,1732538700000,198.8,199.01,198.8,198.94,24245.0,198.9199
2024-11-25 08:00:00,1732539600000,198.78,199.04,197.612,198.68,147490.0,198.7488
2024-11-25 08:15:00,1732540500000,198.71,199.2,198.6,199.1501,47755.0,198.8891
2024-11-25 08:30:00,1732541400000,199.15,199.18,198.95,199.16,53738.0,199.0761
2024-11-25 08:45:00,1732542300000,199.16,199.82,199.16,199.44,124959.0,199.5606
2024-11-25 09:00:00,1732543200000,199.25,199.65,199.2118,199.4501,53936.0,199.4176
2024-11-25 09:15:00,1732544100000,199.47,200.24,199.1737,199.204,142010.0,199.7138
2024-11-25 09:30:00,1732545000000,199.28,201.9499,199.2,201.63,4301054.0,200.6695
2024-11-25 09:45:00,1732545900000,201.6389,201.75,199.7081,200.19,1951251.0,200.6167
2024-11-25 10:00:00,1732546800000,200.16,200.52,199.67,199.7995,1530185.0,200.0554
2024-11-25 10:15:00,1732547700000,199.79,200.225,199.25,200.2242,1151286.0,199.6817
2024-11-25 10:30:00,1732548600000,200.205,200.425,199.61,200.405,892249.0,200.0683
2024-11-25 10:45:00,1732549500000,200.39,200.4,199.77,199.83,556031.0,200.0817
2024-11-25 11:00:00,1732550400000,199.82,200.15,199.6001,200.015,560397.0,199.8439
2024-11-25 11:15:00,1732551300000,200.02,200.63,199.96,200.39,697890.0,200.3994
2024-11-25 11:30:00,1732552200000,200.37,200.6899,199.87,200.3,805565.0,200.2187
2024-11-25 11:45:00,1732553100000,200.3,200.95,200.3,200.8916,802205.0,200.6786
2024-11-25 12:00:00,1732554000000,200.89,200.97,199.8101,199.825,725737.0,200.527
2024-11-25 12:15:00,1732554900000,199.825,199.8947,199.0,199.0219,801447.0,199.4561
2024-11-25 12:30:00,1732555800000,199.01,199.61,199.01,199.51,610334.0,199.3409
2024-11-25 12:45:00,1732556700000,199.525,200.4,199.33,200.305,831368.0,199.9251
2024-11-25 13:00:00,1732557600000,200.3,200.89,200.24,200.89,667686.0,200.6588
2024-11-25 13:15:00,1732558500000,200.87,200.92,200.5,200.71,524822.0,200.7372
2024-11-25 13:30:00,1732559400000,200.74,200.89,200.5002,200.63,429220.0,200.7279
2024-11-25 13:45:00,1732560300000,200.62,200.94,200.609,200.77,535893.0,200.7622
2024-11-25 14:00:00,1732561200000,200.77,201.68,200.56,201.64,1402743.0,201.0414
2024-11-25 14:15:00,1732562100000,201.645,201.85,200.9104,201.27,634035.0,201.3181
2024-11-25 14:30:00,1732563000000,201.26,201.2676,200.83,201.23,492801.0,201.0464
2024-11-25 14:45:00,1732563900000,201.2152,201.37,201.12,201.2,554489.0,201.2337
2024-11-25 15:00:00,1732564800000,201.215,201.24,200.84,200.94,591033.0,201.0238
2024-11-25 15:15:00,1732565700000,200.94,201.26,200.88,201.09,714579.0,201.1736
2024-11-25 15:30:00,1732566600000,201.09,201.24,200.835,201.11,731596.0,201.056
2024-11-25 15:45:00,1732567500000,201.115,201.66,200.8,201.43,2437743.0,201.3508
2024-11-25 16:00:00,1732568400000,201.45,201.6,201.1,201.35,1708469.0,201.4454
2024-11-25 16:15:00,1732569300000,201.3,201.68,201.28,201.5999,38652.0,201.4897
2024-11-25 16:30:00,1732570200000,201.6,201.6,201.45,201.45,124821.0,201.4546
2024-11-25 16:45:00,1732571100000,201.46,201.55,201.4401,201.4999,4212.0,201.4784
2024-11-25 17:00:00,1732572000000,201.47,201.5,201.45,201.5,93330.0,201.4531
2024-11-25 17:15:00,1732572900000,201.5,201.51,201.45,201.4999,8076.0,201.4916
2024-11-25 17:30:00,1732573800000,201.4629,201.5,201.35,201.35,11899.0,201.3651
2024-11-25 17:45:00,1732574700000,201.3407,201.52,201.3014,201.4035,8472.0,201.1361
2024-11-25 18:00:00,1732575600000,201.52,201.75,201.52,201.6999,22102.0,201.6466
2024-11-25 18:15:00,1732576500000,201.7,201.8,201.6,201.8,12278.0,201.727
2024-11-25 18:30:00,1732577400000,201.7525,201.87,201.27,201.33,17537.0,201.6302
2024-11-25 18:45:00,1732578300000,201.29,201.32,200.54,200.58,36792.0,200.7738
2024-11-25 19:00:00,1732579200000,200.57,200.57,199.88,200.0,27617.0,200.1848
2024-11-25 19:15:00,1732580100000,199.95,200.3599,199.6213,200.3599,24190.0,199.83
2024-11-25 19:30:00,1732581000000,200.3595,200.38,199.92,200.14,10375.0,200.09
2024-11-25 19:45:00,1732581900000,200.03,200.16,199.63,199.71,17996.0,199.8432
2024-11-26 04:00:00,1732611600000,200.9,201.25,200.5,200.95,14421.0,200.9309
2024-11-26 04:15:00,1732612500000,201.0,201.0,200.7,200.79,3151.0,200.8523
2024-11-26 04:30:00,1732613400000,200.7,200.79,200.61,200.79,3175.0,200.7333
2024-11-26 04:45:00,1732614300000,200.79,200.79,200.75,200.78,8789.0,200.7885
2024-11-26 05:00:00,1732615200000,200.91,200.91,200.6,200.63,4018.0,200.6782
2024-11-26 05:30:00,1732617000000,200.63,200.63,200.49,200.49,1772.0,200.5495
2024-11-26 05:45:00,1732617900000,200.47,200.65,200.46,200.64,2187.0,200.521
2024-11-26 06:00:00,1732618800000,201.16,201.83,201.16,201.36,11709.0,201.5148
2024-11-26 06:15:00,1732619700000,201.4,201.88,201.4,201.85,13469.0,201.6375
2024-11-26 06:30:00,1732620600000,201.79,202.0,201.69,202.0,8552.0,201.8228
2024-11-26 06:45:00,1732621500000,202.14,202.2,202.03,202.1,5273.0,202.1169
2024-11-26 07:00:00,1732622400000,202.03,202.09,201.8,201.99,18638.0,201.9642
2024-11-26 07:15:00,1732623300000,201.98,202.03,201.7,201.7,14333.0,201.8698
2024-11-26 07:30:00,1732624200000,201.84,201.84,201.6,201.66,10314.0,201.6776
2024-11-26 07:45:00,1732625100000,201.61,202.17,201.61,202.05,10278.0,202.0263
2024-11-26 08:00:00,1732626000000,201.99,202.1993,200.92,201.8,103712.0,201.8488
2024-11-26 08:15:00,1732626900000,201.8,202.29,201.74,202.22,46491.0,202.1042
2024-11-26 08:30:00,1732627800000,202.26,202.33,202.2,202.221,70524.0,202.2882
2024-11-26 08:45:00,1732628700000,202.25,202.36,202.09,202.3,53030.0,202.2637
2024-11-26 09:00:00,1732629600000,202.3,202.38,202.18,202.25,42170.0,202.2757
2024-11-26 09:15:00,1732630500000,202.24,202.3,201.4,202.0,822712.0,201.537
2024-11-26 09:30:00,1732631400000,201.9,205.88,201.79,205.17,4950268.0,203.9951
2024-11-26 09:45:00,1732632300000,205.13,205.9,204.66,205.715,2227167.0,205.2507
2024-11-26 10:00:00,1732633200000,205.74,207.13,205.39,206.99,2788529.0,206.262
2024-11-26 10:15:00,1732634100000,206.96,206.97,205.55,205.86,1841364.0,206.1158
2024-11-26 10:30:00,1732635000000,205.865,206.98,205.81,206.6599,1620655.0,206.4362
2024-11-26 10:45:00,1732635900000,206.6417,207.25,206.416,207.13,1572960.0,206.9201
2024-11-26 11:00:00,1732636800000,207.125,207.78,206.12,206.375,1574773.0,206.9824
2024-11-26 11:15:00,1732637700000,206.39,206.61,205.94,206.0306,1099586.0,206.2798
2024-11-26 11:30:00,1732638600000,206.03,206.4581,205.84,205.97,845261.0,206.1587
2024-11-26 11:45:00,1732639500000,205.9573,206.27,205.73,206.23,704052.0,205.9721
2024-11-26 12:00:00,1732640400000,206.22,206.28,205.46,205.49,778279.0,205.8472
2024-11-26 12:15:00,1732641300000,205.48,205.6698,205.33,205.4453,748397.0,205.5075
2024-11-26 12:30:00,1732642200000,205.45,206.14,205.26,206.04,665973.0,205.6702
2024-11-26 12:45:00,1732643100000,206.0497,206.29,205.9,206.134,656540.0,206.1171
2024-11-26 13:00:00,1732644000000,206.14,206.49,205.9,206.21,810290.0,206.1983
2024-11-26 13:15:00,1732644900000,206.21,206.44,205.9042,206.25,476664.0,206.2197
2024-11-26 13:30:00,1732645800000,206.25,206.8599,206.2303,206.84,691539.0,206.5502
2024-11-26 13:45:00,1732646700000,206.84,207.13,206.68,206.93,795178.0,206.8738
2024-11-26 14:00:00,1732647600000,206.92,207.04,206.55,206.651,709076.0,206.7991
2024-11-26 14:15:00,1732648500000,206.66,206.6724,205.85,206.45,784638.0,206.2253
2024-11-26 14:30:00,1732649400000,206.45,207.13,206.36,206.8661,955777.0,206.8153
2024-11-26 14:45:00,1732650300000,206.87,206.93,206.6401,206.83,680927.0,206.8144
2024-11-26 15:00:00,1732651200000,206.83,207.38,206.73,206.93,844510.0,207.0471
2024-11-26 15:15:00,1732652100000,206.95,207.55,206.78,207.16,1002916.0,207.1531
2024-11-26 15:30:00,1732653000000,207.17,207.45,207.065,207.3466,1446067.0,207.3392
2024-11-26 15:45:00,1732653900000,207.3365,208.0,207.3365,207.82,3323767.0,207.7963
2024-11-26 16:00:00,1732654800000,207.82,207.86,207.4871,207.86,1058853.0,207.8372
2024-11-26 16:15:00,1732655700000,207.75,207.87,207.6127,207.784,215637.0,207.8474
2024-11-26 16:30:00,1732656600000,207.86,208.1,207.81,208.1,422521.0,207.8645
2024-11-26 16:45:00,1732657500000,208.15,208.25,208.07,208.2399,38362.0,208.1811
2024-11-26 17:00:00,1732658400000,208.2103,208.24,208.0197,208.05,21477.0,208.1671
2024-11-26 17:15:00,1732659300000,208.1,208.14,208.02,208.02,15292.0,208.0303
2024-11-26 17:30:00,1732660200000,208.08,208.2096,208.0103,208.09,10830.0,208.2978
2024-11-26 17:45:00,1732661100000,208.15,208.1882,208.05,208.16,17014.0,208.1263
2024-11-26 18:00:00,1732662000000,208.11,208.35,207.86,208.33,21643.0,208.1915
2024-11-26 18:15:00,1732662900000,208.2243,208.34,208.2,208.28,8001.0,208.282
2024-11-26 18:30:00,1732663800000,208.3,208.3,208.2,208.2,6992.0,208.2513
2024-11-26 18:45:00,1732664700000,208.23,208.25,208.07,208.13,11692.0,208.1576
2024-11-26 19:00:00,1732665600000,208.08,208.2,208.07,208.128,9795.0,208.1134
2024-11-26 19:15:00,1732666500000,208.07,208.15,207.95,207.95,6747.0,208.0379
2024-11-26 19:30:00,1732667400000,207.9999,208.1,207.95,208.05,7767.0,208.0335
2024-11-26 19:45:00,1732668300000,208.05,208.1,207.9,208.01,14533.0,207.9924
2024-11-27 04:00:00,1732698000000,208.02,208.02,207.75,207.75,9760.0,207.9064
2024-11-27 04:15:00,1732698900000,207.9,207.9,207.56,207.56,4532.0,207.7281
2024-11-27 04:30:00,1732699800000,207.73,208.0,207.73,208.0,2185.0,207.8347
2024-11-27 04:45:00,1732700700000,208.06,208.06,207.66,207.66,5203.0,207.9329
2024-11-27 05:00:00,1732701600000,207.74,207.9,207.74,207.83,1257.0,207.8108
2024-11-27 05:15:00,1732702500000,207.88,207.88,207.68,207.83,3746.0,207.768
2024-11-27 05:30:00,1732703400000,207.84,207.86,207.68,207.68,2949.0,207.7578
2024-11-27 05:45:00,1732704300000,207.63,207.88,207.59,207.86,2728.0,207.6759
2024-11-27 06:00:00,1732705200000,207.76,207.8,207.68,207.68,3011.0,207.7373
2024-11-27 06:15:00,1732706100000,207.71,207.71,207.6,207.6,5252.0,207.6249
2024-11-27 06:30:00,1732707000000,207.52,207.6,207.31,207.31,5360.0,207.4259
2024-11-27 06:45:00,1732707900000,207.3,207.4,207.27,207.39,11643.0,207.3793
2024-11-27 07:00:00,1732708800000,207.38,207.43,207.26,207.4,19835.0,207.3725
2024-11-27 07:15:00,1732709700000,207.41,207.75,207.4,207.55,12236.0,207.5875
2024-11-27 07:30:00,1732710600000,207.43,207.73,207.43,207.73,6449.0,207.6195
2024-11-27 07:45:00,1732711500000,207.7,208.13,207.7,208.11,17029.0,207.9497
2024-11-27 08:00:00,1732712400000,207.3882,208.7,207.27,208.7,99501.0,207.9214
2024-11-27 08:15:00,1732713300000,208.6987,208.6987,208.2266,208.51,40250.0,208.4903
2024-11-27 08:30:00,1732714200000,208.5019,208.8,208.14,208.4494,60596.0,208.506
2024-11-27 08:45:00,1732715100000,208.4494,208.75,208.18,208.3,45065.0,208.3814
2024-11-27 09:00:00,1732716000000,208.32,208.38,207.7004,207.8691,78748.0,207.9486
2024-11-27 09:15:00,1732716900000,207.82,207.87,206.8,206.9,180676.0,207.3693
2024-11-27 09:30:00,1732717800000,206.98,207.64,205.67,206.238,2935942.0,206.6542
2024-11-27 09:45:00,1732718700000,206.21,206.445,205.7,206.315,1260890.0,206.0445
2024-11-27 10:00:00,1732719600000,206.34,206.67,205.6,205.85,1232422.0,206.1746
2024-11-27 10:15:00,1732720500000,205.86,206.42,205.4,206.005,1183312.0,206.0195
2024-11-27 10:30:00,1732721400000,206.0,206.77,205.85,206.69,1045738.0,206.2518
2024-11-27 10:45:00,1732722300000,206.687,206.73,205.85,206.4,818018.0,206.3238
2024-11-27 11:00:00,1732723200000,206.395,206.41,205.28,205.74,995188.0,205.8253
2024-11-27 11:15:00,1732724100000,205.72,205.73,205.05,205.26,854813.0,205.391
2024-11-27 11:30:00,1732725000000,205.2,206.13,205.09,205.672,674943.0,205.7953
2024-11-27 11:45:00,1732725900000,205.69,205.87,205.3,205.59,489682.0,205.5384
2024-11-27 12:00:00,1732726800000,205.57,205.57,205.125,205.3046,543404.0,205.3376
2024-11-27 12:15:00,1732727700000,205.295,205.54,205.23,205.38,390810.0,205.3849
2024-11-27 12:30:00,1732728600000,205.39,205.72,205.15,205.575,578471.0,205.4808
2024-11-27 12:45:00,1732729500000,205.57,205.8194,205.53,205.715,403059.0,205.6737
2024-11-27 13:00:00,1732730400000,205.7,206.7,205.67,206.685,732773.0,206.1581
2024-11-27 13:15:00,1732731300000,206.7,206.77,206.3,206.425,723024.0,206.5725
2024-11-27 13:30:00,1732732200000,206.42,206.95,206.4,206.6,498986.0,206.6444
2024-11-27 13:45:00,1732733100000,206.6199,207.17,206.6199,206.995,495730.0,206.9181
2024-11-27 14:00:00,1732734000000,207.01,207.16,206.8,207.06,482705.0,207.0046
2024-11-27 14:15:00,1732734900000,207.05,207.069,206.67,206.955,417882.0,206.8722
2024-11-27 14:30:00,1732735800000,206.955,207.0,206.4,206.57,487599.0,206.5802
2024-11-27 14:45:00,1732736700000,206.56,206.5785,206.32,206.4425,384878.0,206.4561
2024-11-27 15:00:00,1732737600000,206.42,206.7,206.4,206.45,399292.0,206.5706
2024-11-27 15:15:00,1732738500000,206.45,206.55,205.92,206.105,678064.0,206.1316
2024-11-27 15:30:00,1732739400000,206.105,206.23,205.7,205.965,760194.0,205.993
2024-11-27 15:45:00,1732740300000,205.96,206.11,205.31,205.79,1917552.0,205.7372
2024-11-27 16:00:00,1732741200000,205.74,206.11,205.74,206.1,491338.0,205.7585
2024-11-27 16:15:00,1732742100000,206.05,206.11,205.74,205.79,50670.0,205.9512
2024-11-27 16:30:00,1732743000000,206.0,206.0,205.74,205.9256,5770.0,205.9041
2024-11-27 16:45:00,1732743900000,205.93,206.05,205.9001,206.05,6359.0,205.9777
2024-11-27 17:00:00,1732744800000,206.07,206.07,205.95,206.05,11696.0,206.0333
2024-11-27 17:15:00,1732745700000,206.05,206.1476,206.0,206.14,10114.0,206.22
2024-11-27 17:30:00,1732746600000,206.1,206.12,206.06,206.08,3117.0,206.0929
2024-11-27 17:45:00,1732747500000,206.1191,206.47,206.11,206.15,7756.0,206.1885
2024-11-27 18:00:00,1732748400000,206.27,206.34,206.07,206.13,3781.0,206.2633
2024-11-27 18:15:00,1732749300000,206.1266,206.2527,206.1201,206.16,2401.0,206.1414
2024-11-27 18:30:00,1732750200000,206.1999,206.22,206.15,206.19,6042.0,206.1828
2024-11-27 18:45:00,1732751100000,206.18,206.23,206.16,206.22,4523.0,206.1809
2024-11-27 19:00:00,1732752000000,206.2298,206.35,206.22,206.34,3700.0,206.2799
2024-11-27 19:15:00,1732752900000,206.3217,206.83,206.3217,206.7,9969.0,206.6121
2024-11-27 19:30:00,1732753800000,206.74,206.75,206.58,206.7383,5938.0,206.6937
2024-11-27 19:45:00,1732754700000,206.73,206.75,206.57,206.75,5696.0,206.6702
2024-11-29 04:00:00,1732870800000,207.05,207.29,207.04,207.29,7256.0,207.149
2024-11-29 04:15:00,1732871700000,207.36,207.54,207.36,207.54,1139.0,207.3981
2024-11-29 04:30:00,1732872600000,207.44,207.51,207.32,207.4,5399.0,207.4188
2024-11-29 04:45:00,1732873500000,207.41,207.41,207.05,207.36,1666.0,207.2425
2024-11-29 05:00:00,1732874400000,207.14,207.24,207.09,207.24,3461.0,207.1854
2024-11-29 05:15:00,1732875300000,207.4,207.43,207.11,207.11,7331.0,207.358
2024-11-29 05:30:00,1732876200000,207.17,207.21,207.03,207.06,5315.0,207.1398
2024-11-29 05:45:00,1732877100000,207.07,207.07,207.0,207.01,1183.0,207.0114
2024-11-29 06:15:00,1732878900000,207.03,207.23,206.97,207.23,2260.0,207.1024
2024-11-29 06:30:00,1732879800000,207.2,207.22,207.2,207.2,1020.0,207.2279
2024-11-29 06:45:00,1732880700000,207.2,207.25,207.2,207.25,1575.0,207.2284
2024-11-29 07:00:00,1732881600000,207.15,207.16,206.7,206.74,16505.0,206.8454
2024-11-29 07:15:00,1732882500000,206.7,206.91,206.69,206.84,5819.0,206.785
2024-11-29 07:30:00,1732883400000,206.97,206.98,206.59,206.59,12208.0,206.8059
2024-11-29 07:45:00,1732884300000,206.55,206.7,206.55,206.7,1997.0,206.6109
2024-11-29 08:00:00,1732885200000,206.7,207.33,206.5,206.74,68696.0,206.8135
2024-11-29 08:15:00,1732886100000,206.76,206.76,206.37,206.5002,21950.0,206.5536
2024-11-29 08:30:00,1732887000000,206.5,206.89,206.445,206.57,50286.0,206.5556
2024-11-29 08:45:00,1732887900000,206.44,206.79,206.43,206.79,23812.0,206.635
2024-11-29 09:00:00,1732888800000,206.79,207.25,206.79,207.1,59695.0,207.0458
2024-11-29 09:15:00,1732889700000,207.1,207.1,205.74,205.83,67060.0,206.407
2024-11-29 09:30:00,1732890600000,205.83,206.39,204.59,205.43,2888750.0,205.4042
2024-11-29 09:45:00,1732891500000,205.44,206.03,205.21,206.0299,1164326.0,205.5492
2024-11-29 10:00:00,1732892400000,206.005,206.278,205.58,205.69,1092225.0,205.9994
2024-11-29 10:15:00,1732893300000,205.69,206.15,205.4801,205.74,690511.0,205.8253
2024-11-29 10:30:00,1732894200000,205.74,206.36,205.6809,206.1499,851776.0,206.0452
2024-11-29 10:45:00,1732895100000,206.115,206.1849,205.49,205.9,786784.0,205.8146
2024-11-29 11:00:00,1732896000000,205.91,206.19,205.56,206.17,747453.0,205.8822
2024-11-29 11:15:00,1732896900000,206.16,206.5399,206.04,206.4908,747329.0,206.3277
2024-11-29 11:30:00,1732897800000,206.48,206.7,206.0601,206.66,643397.0,206.3708
2024-11-29 11:45:00,1732898700000,206.66,206.73,206.31,206.47,3372069.0,206.5616
2024-11-29 12:00:00,1732899600000,206.455,206.8459,206.28,206.645,617793.0,206.5943
2024-11-29 12:15:00,1732900500000,206.635,207.25,206.625,207.1,854305.0,207.0267
2024-11-29 12:30:00,1732901400000,207.1,207.52,207.04,207.45,1282306.0,207.1593
2024-11-29 12:45:00,1732902300000,207.46,208.2,207.4,207.91,2489085.0,207.8524
2024-11-29 13:00:00,1732903200000,207.89,207.89,207.89,207.89,3840540.0,207.89
2024-11-29 16:00:00,1732914000000,207.85,207.9795,207.85,207.9,2634.0,207.9101
2024-11-29 16:15:00,1732914900000,207.93,207.93,207.85,207.91,2776.0,207.8951
2024-11-29 16:30:00,1732915800000,207.89,208.08,207.84,208.08,7140.0,207.9522
2024-11-29 16:45:00,1732916700000,208.0796,208.31,208.02,208.25,15477.0,208.1571
2024-12-02 04:00:00,1733130000000,208.5,208.5,208.19,208.47,13425.0,208.3462
2024-12-02 04:15:00,1733130900000,208.49,208.55,208.4,208.44,4836.0,208.4571
2024-12-02 04:30:00,1733131800000,208.42,208.9,208.41,208.84,8189.0,208.679
2024-12-02 04:45:00,1733132700000,208.75,208.75,208.74,208.75,2452.0,208.7496
2024-12-02 05:00:00,1733133600000,208.71,208.71,208.47,208.7,3949.0,208.6106
2024-12-02 05:15:00,1733134500000,208.65,208.99,208.65,208.99,2974.0,208.8583
2024-12-02 05:30:00,1733135400000,208.83,208.99,208.83,208.92,11460.0,208.946
2024-12-02 05:45:00,1733136300000,208.91,208.91,208.73,208.73,1908.0,208.7819
2024-12-02 06:00:00,1733137200000,208.79,209.06,208.76,209.06,3845.0,208.9553
2024-12-02 06:15:00,1733138100000,209.08,209.37,209.08,209.23,13891.0,209.1911
2024-12-02 06:30:00,1733139000000,209.23,209.35,209.07,209.35,9152.0,209.2059
2024-12-02 06:45:00,1733139900000,209.35,209.44,209.13,209.13,16228.0,209.367
2024-12-02 07:00:00,1733140800000,209.12,209.51,209.02,209.51,44149.0,209.1794
2024-12-02 07:15:00,1733141700000,209.54,209.76,209.35,209.76,22184.0,209.6008
2024-12-02 07:30:00,1733142600000,209.8,210.0,209.62,210.0,69167.0,209.917
2024-12-02 07:45:00,1733143500000,210.07,210.29,209.98,210.06,35115.0,210.142
2024-12-02 08:00:00,1733144400000,209.11,210.39,207.34,210.39,187380.0,209.4619
2024-12-02 08:15:00,1733145300000,210.37,210.4627,209.96,210.1001,68981.0,210.2657
2024-12-02 08:30:00,1733146200000,210.2,210.35,209.8901,209.8901,137282.0,208.7609
2024-12-02 08:45:00,1733147100000,209.8969,210.0,209.8,209.95,48254.0,209.9023
2024-12-02 09:00:00,1733148000000,209.92,210.2,209.86,209.95,72124.0,210.0731
2024-12-02 09:15:00,1733148900000,209.95,210.12,209.5,209.9,89540.0,209.8208
2024-12-02 09:30:00,1733149800000,209.96,212.17,209.5101,211.16,4671225.0,210.8706
2024-12-02 09:45:00,1733150700000,211.1478,211.5,210.71,211.4301,1576935.0,211.1993
2024-12-02 10:00:00,1733151600000,211.47,212.95,211.38,212.94,2220302.0,212.2996
2024-12-02 10:15:00,1733152500000,212.94,212.99,212.0,212.0817,1322528.0,212.5178
2024-12-02 10:30:00,1733153400000,212.07,212.25,211.7,211.9508,1354582.0,212.0195
2024-12-02 10:45:00,1733154300000,211.98,212.25,211.265,211.46,1437826.0,211.7042
2024-12-02 11:00:00,1733155200000,211.45,212.08,211.27,211.6225,1008518.0,211.5874
2024-12-02 11:15:00,1733156100000,211.62,211.67,210.94,211.37,907611.0,211.2625
2024-12-02 11:30:00,1733157000000,211.345,211.7,211.32,211.46,941543.0,211.5039
2024-12-02 11:45:00,1733157900000,211.465,211.92,211.14,211.245,787981.0,211.4723
2024-12-02 12:00:00,1733158800000,211.235,211.32,210.62,210.72,561102.0,210.9871
2024-12-02 12:15:00,1733159700000,210.7,211.12,210.31,210.53,1741396.0,210.9148
2024-12-02 12:30:00,1733160600000,210.54,210.74,210.4479,210.54,628992.0,210.5794
2024-12-02 12:45:00,1733161500000,210.5207,210.595,210.2517,210.35,626723.0,210.4256
2024-12-02 13:00:00,1733162400000,210.34,210.39,209.7901,209.82,703344.0,210.0836
2024-12-02 13:15:00,1733163300000,209.81,210.3399,209.79,210.07,728341.0,210.1292
2024-12-02 13:30:00,1733164200000,210.075,210.31,209.885,210.13,569239.0,210.0953
2024-12-02 13:45:00,1733165100000,210.15,210.31,210.08,210.17,459698.0,210.1902
2024-12-02 14:00:00,1733166000000,210.18,210.46,210.06,210.15,644755.0,210.256
2024-12-02 14:15:00,1733166900000,210.15,210.2,209.9601,210.075,432263.0,210.069
2024-12-02 14:30:00,1733167800000,210.07,210.38,210.05,210.21,638675.0,210.2259
2024-12-02 14:45:00,1733168700000,210.23,210.5999,210.2,210.52,587491.0,210.408
2024-12-02 15:00:00,1733169600000,210.52,211.03,210.5,210.95,999151.0,210.6978
2024-12-02 15:15:00,1733170500000,210.94,211.0899,210.33,210.74,1035371.0,210.6534
2024-12-02 15:30:00,1733171400000,210.75,210.91,210.39,210.5,968747.0,210.7069
2024-12-02 15:45:00,1733172300000,210.5,211.1,210.5,210.66,2466866.0,210.7521
2024-12-02 16:00:00,1733173200000,210.71,210.74,210.57,210.73,421789.0,210.7076
2024-12-02 16:15:00,1733174100000,210.7498,210.85,210.69,210.75,28924.0,210.7252
2024-12-02 16:30:00,1733175000000,210.65,210.72,210.6207,210.6301,7706.0,210.6667
2024-12-02 16:45:00,1733175900000,210.63,210.71,210.46,210.63,156551.0,210.7036
2024-12-02 17:00:00,1733176800000,210.61,210.69,210.54,210.6082,8566.0,210.6158
2024-12-02 17:15:00,1733177700000,210.61,210.61,210.46,210.46,4821.0,210.5308
2024-12-02 17:30:00,1733178600000,210.46,210.49,210.39,210.47,5539.0,210.4653
2024-12-02 17:45:00,1733179500000,210.4106,210.5,210.41,210.5,1517.0,210.4661
2024-12-02 18:00:00,1733180400000,210.5004,210.5004,210.5,210.5,344.0,210.5135
2024-12-02 18:15:00,1733181300000,210.65,210.7,210.538,210.6981,9089.0,210.6206
2024-12-02 18:30:00,1733182200000,210.67,210.73,210.5258,210.5258,4915.0,210.6509
2024-12-02 18:45:00,1733183100000,210.61,210.71,210.61,210.66,3186.0,210.6859
2024-12-02 19:00:00,1733184000000,210.67,210.7,210.66,210.7,6039.0,210.6818
2024-12-02 19:15:00,1733184900000,210.71,210.74,210.7,210.74,2535.0,210.7269
2024-12-02 19:30:00,1733185800000,210.74,210.74,210.7,210.7,6464.0,210.7056
2024-12-02 19:45:00,1733186700000,210.7,210.71,210.5201,210.65,8936.0,210.6316
2024-12-03 04:00:00,1733216400000,211.05,211.1,210.76,210.9,7841.0,210.9356
2024-12-03 04:15:00,1733217300000,210.88,210.9,210.88,210.9,1093.0,210.8852
2024-12-03 04:30:00,1733218200000,210.85,210.85,210.85,210.85,357.0,210.8699
2024-12-03 04:45:00,1733219100000,210.89,210.9,210.87,210.9,1129.0,210.8962
2024-12-03 05:00:00,1733220000000,210.9,210.95,210.88,210.88,1760.0,210.9197
2024-12-03 05:15:00,1733220900000,210.97,211.13,210.95,211.12,4116.0,211.0677
2024-12-03 05:30:00,1733221800000,211.17,211.17,211.03,211.08,2037.0,211.0892
2024-12-03 05:45:00,1733222700000,211.1,211.1,210.9,210.9,3047.0,211.0069
2024-12-03 06:00:00,1733223600000,210.91,210.92,210.88,210.92,1451.0,210.8938
2024-12-03 06:15:00,1733224500000,211.0,211.0,211.0,211.0,405.0,210.9998
2024-12-03 06:30:00,1733225400000,211.23,211.39,211.23,211.39,4806.0,211.3117
2024-12-03 06:45:00,1733226300000,211.39,211.45,211.3,211.45,3474.0,211.3563
2024-12-03 07:00:00,1733227200000,211.43,211.46,210.95,210.95,12091.0,211.1826
2024-12-03 07:15:00,1733228100000,210.96,211.12,210.96,211.02,7403.0,211.0131
2024-12-03 07:30:00,1733229000000,211.05,211.39,211.04,211.38,8927.0,211.1999
2024-12-03 07:45:00,1733229900000,211.35,211.35,211.07,211.09,5260.0,211.1783
2024-12-03 08:00:00,1733230800000,210.98,211.44,210.71,211.2,65257.0,211.097
2024-12-03 08:15:00,1733231700000,211.09,211.19,211.0193,211.09,10609.0,211.1022
2024-12-03 08:30:00,1733232600000,211.11,211.27,211.01,211.25,11390.0,211.1755
2024-12-03 08:45:00,1733233500000,211.2001,211.3699,210.75,210.75,39355.0,211.069
2024-12-03 09:00:00,1733234400000,210.7901,211.25,210.42,210.59,64127.0,210.7363
2024-12-03 09:15:00,1733235300000,210.4214,210.54,210.0801,210.28,61900.0,210.297
2024-12-03 09:30:00,1733236200000,210.31,211.5,209.65,210.75,2293528.0,210.6328
2024-12-03 09:45:00,1733237100000,210.79,211.47,210.71,211.26,1081036.0,211.1438
2024-12-03 10:00:00,1733238000000,211.255,212.1,211.16,211.82,1195161.0,211.7045
2024-12-03 10:15:00,1733238900000,211.82,212.2,211.1601,211.5,828878.0,211.6583
2024-12-03 10:30:00,1733239800000,211.4901,212.26,211.445,212.245,819250.0,211.9702
2024-12-03 10:45:00,1733240700000,212.24,212.32,211.36,212.28,863508.0,211.8769
2024-12-03 11:00:00,1733241600000,212.27,212.95,212.15,212.5678,968641.0,212.5982
2024-12-03 11:15:00,1733242500000,212.54,213.1,212.18,213.08,916263.0,212.6099
2024-12-03 11:30:00,1733243400000,213.08,213.3,211.84,211.98,1363270.0,212.5785
2024-12-03 11:45:00,1733244300000,211.97,212.38,211.91,212.14,591604.0,212.18
2024-12-03 12:00:00,1733245200000,212.14,212.3499,211.49,212.345,1342053.0,212.0326
2024-12-03 12:15:00,1733246100000,212.3462,212.59,212.01,212.53,793636.0,212.3184
2024-12-03 12:30:00,1733247000000,212.54,212.86,212.2601,212.6938,610416.0,212.5671
2024-12-03 12:45:00,1733247900000,212.7,213.75,212.64,213.6993,1378903.0,213.1407
2024-12-03 13:00:00,1733248800000,213.692,214.02,213.4,213.61,1348987.0,213.7539
2024-12-03 13:15:00,1733249700000,213.6,213.85,213.2608,213.28,1099768.0,213.6781
2024-12-03 13:30:00,1733250600000,213.28,213.51,212.84,213.0456,668319.0,213.1505
2024-12-03 13:45:00,1733251500000,213.03,213.0699,212.69,212.85,535305.0,212.8997
2024-12-03 14:00:00,1733252400000,212.82,213.17,212.68,213.065,604761.0,212.9828
2024-12-03 14:15:00,1733253300000,213.0601,213.12,212.88,212.955,489154.0,212.9897
2024-12-03 14:30:00,1733254200000,212.9624,213.1699,212.65,213.1063,490670.0,212.9046
2024-12-03 14:45:00,1733255100000,213.125,213.17,212.81,212.885,500511.0,213.0021
2024-12-03 15:00:00,1733256000000,212.8918,212.99,212.5238,212.65,545552.0,212.7332
2024-12-03 15:15:00,1733256900000,212.64,212.71,212.35,212.6401,647310.0,212.5519
2024-12-03 15:30:00,1733257800000,212.65,212.81,212.4102,212.58,610717.0,212.6222
2024-12-03 15:45:00,1733258700000,212.56,213.5,212.5301,213.41,2172647.0,213.2147
2024-12-03 16:00:00,1733259600000,213.44,213.49,213.2215,213.37,1014730.0,213.4374
2024-12-03 16:15:00,1733260500000,213.41,213.6498,213.35,213.6498,226884.0,213.4513
2024-12-03 16:30:00,1733261400000,213.61,213.61,213.44,213.54,21488.0,213.4858
2024-12-03 16:45:00,1733262300000,213.57,213.71,213.4947,213.7,16217.0,213.6312
2024-12-03 17:00:00,1733263200000,213.7,213.77,213.6801,213.77,22300.0,213.7376
2024-12-03 17:15:00,1733264100000,213.7504,213.81,213.7,213.7503,16151.0,213.7872
2024-12-03 17:30:00,1733265000000,213.76,213.81,213.7,213.81,5368.0,213.7747
2024-12-03 17:45:00,1733265900000,213.82,213.929,213.8,213.86,9465.0,213.8481
2024-12-03 18:00:00,1733266800000,213.83,213.8786,213.51,213.65,11638.0,213.6713
2024-12-03 18:15:00,1733267700000,213.6553,213.8781,213.6553,213.8656,9212.0,213.7643
2024-12-03 18:30:00,1733268600000,213.87,213.91,213.8,213.91,10217.0,213.8731
2024-12-03 18:45:00,1733269500000,213.92,214.0,213.8501,213.9301,16149.0,213.9407
2024-12-03 19:00:00,1733270400000,213.86,213.905,213.65,213.7386,13116.0,213.7526
2024-12-03 19:15:00,1733271300000,213.66,213.75,213.65,213.6701,5290.0,213.6679
2024-12-03 19:30:00,1733272200000,213.72,213.8499,213.68,213.81,6992.0,213.7516
2024-12-03 19:45:00,1733273100000,213.8479,213.99,213.7601,213.9,6721.0,213.8638
2024-12-04 04:00:00,1733302800000,214.0,214.4,214.0,214.3,16887.0,214.2084
2024-12-04 04:15:00,1733303700000,214.23,214.23,214.18,214.2,4803.0,214.1981
2024-12-04 04:30:00,1733304600000,214.15,214.19,214.15,214.19,3331.0,214.172
2024-12-04 04:45:00,1733305500000,214.2,214.38,214.2,214.37,1497.0,214.3143
2024-12-04 05:00:00,1733306400000,214.38,214.45,214.34,214.34,2104.0,214.4109
2024-12-04 05:15:00,1733307300000,214.41,214.44,214.36,214.44,4924.0,214.3933
2024-12-04 05:30:00,1733308200000,214.43,214.88,214.4,214.88,13023.0,214.6242
2024-12-04 05:45:00,1733309100000,214.88,214.9,214.8,214.8,8912.0,214.8616
2024-12-04 06:00:00,1733310000000,214.8,214.96,214.8,214.96,4263.0,214.8998
2024-12-04 06:15:00,1733310900000,214.95,214.95,214.8,214.88,5375.0,214.873
2024-12-04 06:30:00,1733311800000,214.8,214.89,214.8,214.87,2977.0,214.8557
2024-12-04 06:45:00,1733312700000,214.82,215.0,214.8,214.87,21420.0,214.9421
2024-12-04 07:00:00,1733313600000,214.87,215.63,214.87,215.51,68693.0,215.2475
2024-12-04 07:15:00,1733314500000,215.49,215.54,214.78,215.3,49597.0,215.1712
2024-12-04 07:30:00,1733315400000,215.34,215.49,215.28,215.3,16404.0,215.3816
2024-12-04 07:45:00,1733316300000,215.3,215.69,215.3,215.59,38314.0,215.5351
2024-12-04 08:00:00,1733317200000,214.99,216.25,213.8,216.15,239114.0,215.3807
2024-12-04 08:15:00,1733318100000,216.15,216.29,215.85,215.87,53339.0,216.0163
2024-12-04 08:30:00,1733319000000,215.85,216.5,215.81,215.83,97056.0,216.038
2024-12-04 08:45:00,1733319900000,215.8792,215.99,215.62,215.9,96996.0,215.8013
2024-12-04 09:00:00,1733320800000,215.9,216.0,215.67,215.95,87094.0,215.8605
2024-12-04 09:15:00,1733321700000,215.91,216.1,215.2,216.07,176131.0,215.6289
2024-12-04 09:30:00,1733322600000,215.96,217.85,215.75,217.7,5796242.0,216.8799
2024-12-04 09:45:00,1733323500000,217.67,218.73,217.24,218.3254,2642673.0,218.0359
2024-12-04 10:00:00,1733324400000,218.32,219.62,217.96,219.16,3081973.0,218.8895
2024-12-04 10:15:00,1733325300000,219.13,219.13,218.34,218.44,2168182.0,218.7977
2024-12-04 10:30:00,1733326200000,218.46,219.68,218.25,219.55,2304684.0,219.0941
2024-12-04 10:45:00,1733327100000,219.55,220.0,219.4101,219.6938,2303683.0,219.7566
2024-12-04 11:00:00,1733328000000,219.7,219.92,219.19,219.235,2066979.0,219.5316
2024-12-04 11:15:00,1733328900000,219.24,219.25,218.0513,218.27,1639099.0,218.5314
2024-12-04 11:30:00,1733329800000,218.25,218.42,217.64,217.85,1170618.0,217.9628
2024-12-04 11:45:00,1733330700000,217.85,218.31,217.57,218.195,1112572.0,218.0103
2024-12-04 12:00:00,1733331600000,218.19,218.86,218.14,218.47,1243417.0,218.4776
2024-12-04 12:15:00,1733332500000,218.46,218.695,218.26,218.36,912813.0,218.4926
2024-12-04 12:30:00,1733333400000,218.375,218.375,217.81,218.0628,831405.0,218.0462
2024-12-04 12:45:00,1733334300000,218.06,218.17,217.8201,217.93,521638.0,217.9678
2024-12-04 13:00:00,1733335200000,217.93,217.93,217.34,217.5004,736085.0,217.5703
2024-12-04 13:15:00,1733336100000,217.5,217.6397,217.27,217.62,765200.0,217.4713
2024-12-04 13:30:00,1733337000000,217.61,217.7195,217.33,217.64,728900.0,217.5431
2024-12-04 13:45:00,1733337900000,217.61,217.867,217.33,217.33,653228.0,217.6442
2024-12-04 14:00:00,1733338800000,217.35,217.8,217.24,217.6687,650011.0,217.5967
2024-12-04 14:15:00,1733339700000,217.675,218.065,217.45,218.01,684640.0,217.7252
2024-12-04 14:30:00,1733340600000,218.005,218.1,217.7,217.72,670710.0,217.9183
2024-12-04 14:45:00,1733341500000,217.71,217.79,217.41,217.7,1065087.0,217.6833
2024-12-04 15:00:00,1733342400000,217.7,217.94,217.6,217.84,715560.0,217.7303
2024-12-04 15:15:00,1733343300000,217.83,218.08,217.655,218.01,763521.0,217.849
2024-12-04 15:30:00,1733344200000,218.015,218.89,217.9717,218.8,1267844.0,218.3106
2024-12-04 15:45:00,1733345100000,218.78,219.0,218.06,218.12,3019866.0,218.52
2024-12-04 16:00:00,1733346000000,218.16,218.24,217.76,217.8,616056.0,218.1472
2024-12-04 16:15:00,1733346900000,217.76,217.93,217.65,217.69,22412.0,217.7944
2024-12-04 16:30:00,1733347800000,217.7,218.2,217.7,218.06,51763.0,218.0755
2024-12-04 16:45:00,1733348700000,218.0699,218.16,217.9,218.0,79527.0,218.1306
2024-12-04 17:00:00,1733349600000,217.95,218.0,217.88,217.9,7373.0,217.9288
2024-12-04 17:15:00,1733350500000,217.9,217.9999,217.87,217.93,16025.0,217.8309
2024-12-04 17:30:00,1733351400000,217.93,218.0,217.93,217.95,3446.0,217.9779
2024-12-04 17:45:00,1733352300000,218.0,218.15,217.93,218.1,16079.0,218.0471
2024-12-04 18:00:00,1733353200000,218.0,218.1,217.91,217.9997,13669.0,218.0606
2024-12-04 18:15:00,1733354100000,218.02,218.1,218.01,218.1,5517.0,218.062
2024-12-04 18:30:00,1733355000000,218.09,218.1,218.0,218.06,5299.0,218.0589
2024-12-04 18:45:00,1733355900000,218.0,218.15,217.97,218.1,8204.0,218.0619
2024-12-04 19:00:00,1733356800000,218.08,218.1,218.0,218.05,4555.0,218.0439
2024-12-04 19:15:00,1733357700000,218.0468,218.05,217.963,218.03,6026.0,218.0075
2024-12-04 19:30:00,1733358600000,218.03,218.03,217.95,217.9709,2708.0,218.0031
2024-12-04 19:45:00,1733359500000,217.93,218.0,217.88,217.89,13839.0,217.9323
2024-12-05 04:00:00,1733389200000,219.02,219.02,217.59,217.9,7652.0,217.9074
2024-12-05 04:15:00,1733390100000,217.87,217.88,217.86,217.88,2048.0,217.876
2024-12-05 04:30:00,1733391000000,218.0,218.07,218.0,218.07,2062.0,218.0189
2024-12-05 04:45:00,1733391900000,218.05,218.05,217.77,217.83,4264.0,217.9131
2024-12-05 05:00:00,1733392800000,217.85,217.85,217.7,217.85,2201.0,217.8103
2024-12-05 05:15:00,1733393700000,217.97,218.09,217.97,218.0,2603.0,218.0348
2024-12-05 05:30:00,1733394600000,218.03,218.03,217.95,217.95,1099.0,218.0105
2024-12-05 05:45:00,1733395500000,218.03,218.09,217.98,218.04,2328.0,218.0328
2024-12-05 06:00:00,1733396400000,218.01,218.1,218.0,218.1,2180.0,218.0513
2024-12-05 06:15:00,1733397300000,218.11,218.11,217.71,217.96,9203.0,217.8873
2024-12-05 06:30:00,1733398200000,217.91,218.15,217.85,218.15,2740.0,218.0312
2024-12-05 06:45:00,1733399100000,218.09,218.16,218.07,218.15,3492.0,218.1068
2024-12-05 07:00:00,1733400000000,218.22,218.24,218.05,218.11,8490.0,218.1651
2024-12-05 07:15:00,1733400900000,218.18,218.25,218.1,218.15,6755.0,218.1698
2024-12-05 07:30:00,1733401800000,218.2,218.5,218.2,218.5,18854.0,218.431
2024-12-05 07:45:00,1733402700000,218.5,218.99,218.5,218.93,20844.0,218.6928
2024-12-05 08:00:00,1733403600000,218.24,218.97,217.93,218.6899,128269.0,218.366
2024-12-05 08:15:00,1733404500000,218.69,218.8,218.6855,218.8,33259.0,218.7587
2024-12-05 08:30:00,1733405400000,218.8,218.87,218.5,218.5,27970.0,218.6484
2024-12-05 08:45:00,1733406300000,218.52,218.52,218.28,218.5,30229.0,218.3882
2024-12-05 09:00:00,1733407200000,218.54,218.8,218.5,218.63,25884.0,218.6741
2024-12-05 09:15:00,1733408100000,218.66,218.77,217.75,217.95,55935.0,218.2536
2024-12-05 09:30:00,1733409000000,218.03,218.3199,217.3,218.0002,2653543.0,217.8239
2024-12-05 09:45:00,1733409900000,218.02,218.67,217.9077,218.275,1705925.0,218.2235
2024-12-05 10:00:00,1733410800000,218.26,218.87,217.87,218.54,1178603.0,218.3339
2024-12-05 10:15:00,1733411700000,218.5449,219.21,218.35,219.09,1101825.0,218.7499
2024-12-05 10:30:00,1733412600000,219.0697,219.7899,218.86,219.765,1413952.0,219.3786
2024-12-05 10:45:00,1733413500000,219.755,219.84,218.61,218.885,1294681.0,219.1067
2024-12-05 11:00:00,1733414400000,218.89,219.2,218.45,219.07,974436.0,218.8484
2024-12-05 11:15:00,1733415300000,219.045,219.82,219.02,219.651,846809.0,219.4943
2024-12-05 11:30:00,1733416200000,219.6362,220.0,219.61,219.78,974235.0,219.8019
2024-12-05 11:45:00,1733417100000,219.78,220.19,219.5,220.085,1453610.0,219.8929
2024-12-05 12:00:00,1733418000000,220.1,220.8442,219.79,220.84,1347354.0,220.331
2024-12-05 12:15:00,1733418900000,220.84,221.17,220.43,221.05,1392458.0,220.8592
2024-12-05 12:30:00,1733419800000,221.0409,221.7,220.89,221.6299,1252903.0,221.3673
2024-12-05 12:45:00,1733420700000,221.625,221.9,221.38,221.5399,1081816.0,221.6651
2024-12-05 13:00:00,1733421600000,221.5392,222.15,221.32,221.8628,1238064.0,221.804
2024-12-05 13:15:00,1733422500000,221.87,222.0933,220.86,221.1,1521654.0,221.3649
2024-12-05 13:30:00,1733423400000,221.1,221.23,220.73,221.01,638339.0,220.9805
2024-12-05 13:45:00,1733424300000,221.01,221.01,220.4588,220.54,547115.0,220.7119
2024-12-05 14:00:00,1733425200000,220.53,220.79,220.27,220.71,597668.0,220.5199
2024-12-05 14:15:00,1733426100000,220.7099,221.2799,220.7066,220.9601,787981.0,221.0528
2024-12-05 14:30:00,1733427000000,220.98,221.13,220.84,220.85,564244.0,220.9917
2024-12-05 14:45:00,1733427900000,220.85,221.0413,220.64,221.01,666071.0,220.8603
2024-12-05 15:00:00,1733428800000,221.01,221.65,220.92,221.365,774667.0,221.3734
2024-12-05 15:15:00,1733429700000,221.365,221.61,220.93,221.02,869139.0,221.2916
2024-12-05 15:30:00,1733430600000,221.04,221.1099,220.56,221.1075,1047689.0,220.8458
2024-12-05 15:45:00,1733431500000,221.09,222.015,219.79,220.56,3964276.0,220.8443
2024-12-05 16:00:00,1733432400000,220.55,220.59,220.0,220.4,306017.0,220.5309
2024-12-05 16:15:00,1733433300000,220.36,220.4,220.2,220.35,23001.0,220.291
2024-12-05 16:30:00,1733434200000,220.37,220.42,220.33,220.42,4361.0,220.3852
2024-12-05 16:45:00,1733435100000,220.39,220.55,220.3083,220.55,328957.0,220.5446
2024-12-05 17:00:00,1733436000000,220.5,220.55,220.33,220.55,15193.0,220.5012
2024-12-05 17:15:00,1733436900000,220.48,220.55,220.346,220.36,7133.0,220.4931
2024-12-05 17:30:00,1733437800000,220.36,220.5,220.3597,220.4,6215.0,220.416
2024-12-05 17:45:00,1733438700000,220.3209,220.37,220.2,220.25,7741.0,220.2926
2024-12-05 18:00:00,1733439600000,220.22,220.23,220.01,220.05,11749.0,220.1307
2024-12-05 18:15:00,1733440500000,220.11,220.33,220.11,220.33,1386.0,220.1729
2024-12-05 18:30:00,1733441400000,220.33,220.47,220.1791,220.1791,3945.0,220.3283
2024-12-05 18:45:00,1733442300000,220.34,220.55,220.2,220.34,11268.0,220.3736
2024-12-05 19:00:00,1733443200000,220.34,220.43,220.223,220.3686,3611.0,220.3336
2024-12-05 19:15:00,1733444100000,220.3,220.3,220.2297,220.2297,2608.0,220.2791
2024-12-05 19:30:00,1733445000000,220.3355,220.3355,220.25,220.3,1062.0,220.2838
2024-12-05 19:45:00,1733445900000,220.27,220.33,220.2,220.3192,3275.0,220.2543
2024-12-06 04:00:00,1733475600000,220.87,220.87,220.7,220.7,5901.0,220.7381
2024-12-06 04:15:00,1733476500000,220.8,220.88,220.74,220.88,5865.0,220.8129
2024-12-06 04:30:00,1733477400000,220.97,221.05,220.97,221.05,8974.0,220.9987
2024-12-06 04:45:00,1733478300000,220.94,221.11,220.94,221.1,1439.0,221.059
2024-12-06 05:00:00,1733479200000,221.1,221.1,220.8,220.8,2896.0,220.9694
2024-12-06 05:15:00,1733480100000,220.68,220.87,220.68,220.87,3209.0,220.7575
2024-12-06 05:30:00,1733481000000,220.92,221.01,220.92,220.95,1566.0,220.9723
2024-12-06 05:45:00,1733481900000,220.91,220.91,220.8,220.8,668.0,220.852
2024-12-06 06:00:00,1733482800000,220.83,220.84,220.83,220.84,1048.0,220.8385
2024-12-06 06:15:00,1733483700000,220.74,220.81,220.55,220.6,5249.0,220.6781
2024-12-06 06:30:00,1733484600000,220.6,220.83,220.6,220.81,4877.0,220.7682
2024-12-06 06:45:00,1733485500000,220.87,221.0,220.87,221.0,1500.0,220.9444
2024-12-06 07:00:00,1733486400000,220.99,221.09,220.84,221.03,10839.0,221.0178
2024-12-06 07:15:00,1733487300000,221.06,221.57,221.06,221.55,13955.0,221.3737
2024-12-06 07:30:00,1733488200000,221.48,221.48,221.35,221.4,7670.0,221.3974
2024-12-06 07:45:00,1733489100000,221.54,221.58,221.4,221.53,5992.0,221.5069
2024-12-06 08:00:00,1733490000000,221.05,221.75,220.22,221.75,142471.0,220.9966
2024-12-06 08:15:00,1733490900000,221.78,222.0,221.6,221.8208,64926.0,221.8168
2024-12-06 08:30:00,1733491800000,221.82,222.4462,221.61,221.65,97885.0,222.0727
2024-12-06 08:45:00,1733492700000,221.75,222.0,221.55,221.73,48942.0,221.7158
2024-12-06 09:00:00,1733493600000,221.7,221.7884,221.36,221.67,41656.0,221.6
2024-12-06 09:15:00,1733494500000,221.64,221.7916,220.75,220.78,106700.0,220.554
2024-12-06 09:30:00,1733495400000,220.75,223.2,220.6,223.0705,3618771.0,221.7522
2024-12-06 09:45:00,1733496300000,223.095,224.37,223.0,223.7,3047083.0,223.8042
2024-12-06 10:00:00,1733497200000,223.7,224.62,223.42,224.6,1965589.0,224.0126
2024-12-06 10:15:00,1733498100000,224.6,224.94,224.3102,224.525,1529112.0,224.6185
2024-12-06 10:30:00,1733499000000,224.525,224.6899,223.97,224.1636,1120897.0,224.3447
2024-12-06 10:45:00,1733499900000,224.16,224.62,223.9,224.595,1485014.0,224.1647
2024-12-06 11:00:00,1733500800000,224.6,224.92,224.31,224.515,1151371.0,224.6659
2024-12-06 11:15:00,1733501700000,224.51,225.3088,224.48,225.011,1841409.0,225.0065
2024-12-06 11:30:00,1733502600000,224.99,225.55,224.9111,225.325,1236599.0,225.2226
2024-12-06 11:45:00,1733503500000,225.33,225.5,224.73,225.14,1006298.0,225.1607
2024-12-06 12:00:00,1733504400000,225.1556,225.1877,224.52,224.805,669224.0,224.8176
2024-12-06 12:15:00,1733505300000,224.795,225.0,224.58,224.7543,803397.0,224.821
2024-12-06 12:30:00,1733506200000,224.76,225.0,224.54,224.625,668097.0,224.7607
2024-12-06 12:45:00,1733507100000,224.64,225.02,224.41,224.7,774003.0,224.7342
2024-12-06 13:00:00,1733508000000,224.71,225.2,224.54,225.0101,735748.0,224.9324
2024-12-06 13:15:00,1733508900000,225.02,225.19,224.82,225.11,671644.0,225.0112
2024-12-06 13:30:00,1733509800000,225.1,225.12,224.56,224.72,2655410.0,224.8027
2024-12-06 13:45:00,1733510700000,224.7034,225.13,224.64,225.12,523421.0,224.9241
2024-12-06 14:00:00,1733511600000,225.11,225.11,224.43,224.57,673573.0,224.731
2024-12-06 14:15:00,1733512500000,224.565,224.88,224.34,224.6701,651476.0,224.6159
2024-12-06 14:30:00,1733513400000,224.68,225.25,224.61,225.2076,822926.0,224.9872
2024-12-06 14:45:00,1733514300000,225.19,225.81,225.19,225.78,1107331.0,225.5913
2024-12-06 15:00:00,1733515200000,225.78,225.86,225.54,225.75,943735.0,225.7177
2024-12-06 15:15:00,1733516100000,225.76,226.33,225.76,226.3235,1355355.0,226.0016
2024-12-06 15:30:00,1733517000000,226.32,226.6399,226.18,226.45,1606216.0,226.4167
2024-12-06 15:45:00,1733517900000,226.45,227.15,226.296,227.03,3813752.0,226.8146
2024-12-06 16:00:00,1733518800000,227.03,227.1,226.5,226.75,458931.0,226.9893
2024-12-06 16:15:00,1733519700000,226.8,227.14,225.2799,226.73,157338.0,226.9606
2024-12-06 16:30:00,1733520600000,226.7,227.03,226.6093,226.84,163304.0,227.0008
2024-12-06 16:45:00,1733521500000,226.84,226.9,226.69,226.7888,26895.0,226.7887
2024-12-06 17:00:00,1733522400000,226.71,226.86,226.71,226.73,16083.0,226.7607
2024-12-06 17:15:00,1733523300000,226.61,226.75,226.61,226.66,6272.0,226.6962
2024-12-06 17:30:00,1733524200000,226.67,226.7446,226.6102,226.62,6891.0,226.6605
2024-12-06 17:45:00,1733525100000,226.73,226.73,226.61,226.63,16055.0,226.6623
2024-12-06 18:00:00,1733526000000,226.61,226.61,226.5,226.5,7823.0,226.55
2024-12-06 18:15:00,1733526900000,226.52,226.5799,226.4654,226.55,2396.0,226.5425
2024-12-06 18:30:00,1733527800000,226.56,226.58,226.56,226.57,7106.0,226.5724
2024-12-06 18:45:00,1733528700000,226.57,226.57,226.4499,226.45,4613.0,226.4954
2024-12-06 19:00:00,1733529600000,226.577,226.577,226.3499,226.35,9551.0,226.4431
2024-12-06 19:15:00,1733530500000,226.35,226.49,226.18,226.18,10736.0,226.3215
2024-12-06 19:30:00,1733531400000,226.27,226.49,226.22,226.41,2714.0,226.3447
2024-12-06 19:45:00,1733532300000,226.4669,226.47,226.38,226.3801,11108.0,226.4208
2024-12-09 04:00:00,1733734800000,227.03,228.07,227.03,228.0,57727.0,227.4893
2024-12-09 04:15:00,1733735700000,228.04,228.34,227.78,227.82,28737.0,228.1034
2024-12-09 04:30:00,1733736600000,227.72,227.87,227.47,227.52,32908.0,227.6462
2024-12-09 04:45:00,1733737500000,227.56,228.15,227.4,227.54,29738.0,227.8128
2024-12-09 05:00:00,1733738400000,227.42,227.48,227.26,227.28,3024.0,227.3673
2024-12-09 05:15:00,1733739300000,227.51,227.58,227.27,227.36,3782.0,227.3735
2024-12-09 05:30:00,1733740200000,227.27,227.77,227.26,227.44,18792.0,227.5183
2024-12-09 05:45:00,1733741100000,227.44,227.44,227.27,227.36,9028.0,227.3681
2024-12-09 06:00:00,1733742000000,227.37,227.37,226.96,227.11,12622.0,227.1178
2024-12-09 06:15:00,1733742900000,226.98,227.03,226.62,226.89,7197.0,226.8344
2024-12-09 06:30:00,1733743800000,226.91,227.54,226.91,227.08,18495.0,227.3158
2024-12-09 06:45:00,1733744700000,227.02,227.32,227.02,227.32,9115.0,227.2229
2024-12-09 07:00:00,1733745600000,227.44,227.44,226.73,226.9,24530.0,227.0579
2024-12-09 07:15:00,1733746500000,226.94,227.15,226.8,227.15,10354.0,226.8936
2024-12-09 07:30:00,1733747400000,227.11,227.42,227.11,227.24,13868.0,227.2641
2024-12-09 07:45:00,1733748300000,227.29,227.59,227.18,227.59,9369.0,227.349
2024-12-09 08:00:00,1733749200000,226.95,229.29,226.65,226.99,118398.0,227.3973
2024-12-09 08:15:00,1733750100000,227.05,227.11,226.85,227.04,62725.0,227.019
2024-12-09 08:30:00,1733751000000,227.0,227.2251,226.7964,226.84,31376.0,226.9849
2024-12-09 08:45:00,1733751900000,226.9,226.98,226.48,226.48,47287.0,226.6492
2024-12-09 09:00:00,1733752800000,226.46,226.48,226.04,226.05,78151.0,226.1948
2024-12-09 09:15:00,1733753700000,226.08,227.7,226.01,227.15,136510.0,226.6975
2024-12-09 09:30:00,1733754600000,227.21,229.6725,227.03,229.395,4718166.0,228.4885
2024-12-09 09:45:00,1733755500000,229.34,229.77,227.91,228.54,2009070.0,228.6652
2024-12-09 10:00:00,1733756400000,228.53,229.98,228.4226,229.96,1863684.0,229.446
2024-12-09 10:15:00,1733757300000,229.9569,230.01,227.57,227.81,2139455.0,229.0676
2024-12-09 10:30:00,1733758200000,227.83,228.17,226.26,226.94,2216892.0,227.2188
2024-12-09 10:45:00,1733759100000,226.92,227.2016,226.08,227.105,1302525.0,226.7502
2024-12-09 11:00:00,1733760000000,227.1,227.626,226.72,227.595,1306788.0,227.0889
2024-12-09 11:15:00,1733760900000,227.6,228.99,227.5,228.45,1640835.0,228.3488
2024-12-09 11:30:00,1733761800000,228.445,229.2749,228.4,228.57,2081711.0,228.8055
2024-12-09 11:45:00,1733762700000,228.6,229.54,228.6,229.34,838445.0,229.1273
2024-12-09 12:00:00,1733763600000,229.3,229.68,229.14,229.355,980938.0,229.3808
2024-12-09 12:15:00,1733764500000,229.34,229.73,228.57,229.6434,1088786.0,229.1459
2024-12-09 12:30:00,1733765400000,229.63,230.08,229.39,229.6299,1162019.0,229.7961
2024-12-09 12:45:00,1733766300000,229.61,229.72,229.11,229.27,730813.0,229.4148
2024-12-09 13:00:00,1733767200000,229.27,229.5,228.84,228.9867,694223.0,229.1048
2024-12-09 13:15:00,1733768100000,228.99,229.1499,228.68,229.12,498437.0,228.9254
2024-12-09 13:30:00,1733769000000,229.08,229.185,228.72,229.06,514501.0,229.0186
2024-12-09 13:45:00,1733769900000,229.095,229.6393,229.05,229.395,523978.0,229.3722
2024-12-09 14:00:00,1733770800000,229.395,229.41,228.6,228.67,569963.0,228.9845
2024-12-09 14:15:00,1733771700000,228.68,228.89,228.27,228.32,562905.0,228.6321
2024-12-09 14:30:00,1733772600000,228.32,228.4,227.9731,228.2168,739182.0,228.1789
2024-12-09 14:45:00,1733773500000,228.22,228.24,227.71,228.01,728834.0,227.9711
2024-12-09 15:00:00,1733774400000,228.0,228.0499,227.52,227.7,742256.0,227.738
2024-12-09 15:15:00,1733775300000,227.72,227.83,226.62,226.89,1340618.0,227.1588
2024-12-09 15:30:00,1733776200000,226.9,226.94,226.1201,226.1975,1406318.0,226.5481
2024-12-09 15:45:00,1733777100000,226.19,226.72,225.67,226.15,3389905.0,226.0677
2024-12-09 16:00:00,1733778000000,226.09,226.44,225.96,226.12,398819.0,226.101
2024-12-09 16:15:00,1733778900000,226.2,226.2668,225.9066,226.21,30658.0,226.0736
2024-12-09 16:30:00,1733779800000,226.09,226.59,226.09,226.4,31418.0,226.2804
2024-12-09 16:45:00,1733780700000,226.39,226.5497,226.3,226.48,19656.0,223.9984
2024-12-09 17:00:00,1733781600000,226.5392,226.5392,226.17,226.17,15148.0,224.1154
2024-12-09 17:15:00,1733782500000,226.17,226.477,226.17,226.38,8811.0,226.2992
2024-12-09 17:30:00,1733783400000,226.38,226.4,226.09,226.36,8595.0,226.2421
2024-12-09 17:45:00,1733784300000,226.36,226.36,226.17,226.3283,8648.0,226.2552
2024-12-09 18:00:00,1733785200000,226.3296,226.3296,226.12,226.1427,2644.0,226.2015
2024-12-09 18:15:00,1733786100000,226.2,226.55,226.2,226.2201,9520.0,226.3577
2024-12-09 18:30:00,1733787000000,226.25,226.4451,226.25,226.25,4169.0,226.3386
2024-12-09 18:45:00,1733787900000,226.3576,226.4,226.25,226.4,2179.0,226.3445
2024-12-09 19:00:00,1733788800000,226.3997,226.4,226.2211,226.31,4690.0,226.3281
2024-12-09 19:15:00,1733789700000,226.3913,226.4,226.25,226.26,1982.0,226.3693
2024-12-09 19:30:00,1733790600000,226.26,226.4,226.2414,226.39,4667.0,226.3221
2024-12-09 19:45:00,1733791500000,226.39,226.4,226.3,226.3896,8478.0,226.38
2024-12-10 04:00:00,1733821200000,226.77,227.0,226.7,226.79,8162.0,226.894
2024-12-10 04:15:00,1733822100000,226.86,226.92,226.6,226.62,4771.0,226.7707
2024-12-10 04:30:00,1733823000000,226.73,226.77,226.49,226.49,3502.0,226.657
2024-12-10 04:45:00,1733823900000,226.48,226.64,226.46,226.6,2882.0,226.542
2024-12-10 05:00:00,1733824800000,226.59,226.6,226.3,226.58,11133.0,226.436
2024-12-10 05:15:00,1733825700000,226.68,226.99,226.68,226.86,4131.0,226.8346
2024-12-10 05:30:00,1733826600000,226.8,227.0,226.76,226.92,6589.0,226.9336
2024-12-10 05:45:00,1733827500000,226.99,227.02,226.83,226.85,8764.0,226.8853
2024-12-10 06:00:00,1733828400000,226.84,226.86,226.62,226.62,5534.0,226.7428
2024-12-10 06:15:00,1733829300000,226.62,226.68,226.62,226.65,1583.0,226.643
2024-12-10 06:30:00,1733830200000,226.65,226.69,226.19,226.5,10009.0,226.5403
2024-12-10 06:45:00,1733831100000,226.25,226.29,226.1,226.28,4651.0,226.2113
2024-12-10 07:00:00,1733832000000,226.31,226.42,226.15,226.36,16124.0,226.2894
2024-12-10 07:15:00,1733832900000,226.35,226.44,226.27,226.4,10506.0,226.3469
2024-12-10 07:30:00,1733833800000,226.33,226.38,226.25,226.3,10348.0,226.3092
2024-12-10 07:45:00,1733834700000,226.24,226.26,226.07,226.15,6126.0,226.1309
2024-12-10 08:00:00,1733835600000,226.36,227.47,226.01,226.3,69710.0,226.3746
2024-12-10 08:15:00,1733836500000,226.27,226.27,225.85,226.0,28295.0,226.0149
2024-12-10 08:30:00,1733837400000,225.93,225.96,225.6501,225.79,33706.0,225.8443
2024-12-10 08:45:00,1733838300000,225.73,225.974,225.72,225.72,27535.0,225.8608
2024-12-10 09:00:00,1733839200000,225.7001,226.391,225.7,226.391,26036.0,226.0894
2024-12-10 09:15:00,1733840100000,226.37,226.6,226.03,226.2,90821.0,226.4174
2024-12-10 09:30:00,1733841000000,226.09,227.5799,225.4,227.53,2556739.0,226.43
2024-12-10 09:45:00,1733841900000,227.525,227.98,226.35,227.5,1543136.0,227.2745
2024-12-10 10:00:00,1733842800000,227.45,228.8887,227.255,228.675,1469570.0,228.2655
2024-12-10 10:15:00,1733843700000,228.69,229.06,228.06,228.06,990187.0,228.5733
2024-12-10 10:30:00,1733844600000,228.06,228.77,227.66,228.465,991825.0,228.3222
2024-12-10 10:45:00,1733845500000,228.47,228.5599,227.7601,227.94,727259.0,228.0779
2024-12-10 11:00:00,1733846400000,227.935,228.13,226.98,227.7075,1093412.0,227.467
2024-12-10 11:15:00,1733847300000,227.74,228.02,227.1,227.1,1394051.0,227.6581
2024-12-10 11:30:00,1733848200000,227.135,227.32,226.662,227.1,962657.0,227.0335
2024-12-10 11:45:00,1733849100000,227.11,227.83,227.102,227.7735,525113.0,227.5163
2024-12-10 12:00:00,1733850000000,227.78,227.8999,227.36,227.46,422577.0,227.6774
2024-12-10 12:15:00,1733850900000,227.44,227.99,227.28,227.75,459574.0,227.6345
2024-12-10 12:30:00,1733851800000,227.73,227.88,227.05,227.2,355224.0,227.4846
2024-12-10 12:45:00,1733852700000,227.195,227.4,226.5101,226.79,612051.0,226.8316
2024-12-10 13:00:00,1733853600000,226.79,227.15,226.44,226.52,736903.0,226.8452
2024-12-10 13:15:00,1733854500000,226.53,226.7,226.3594,226.7,548033.0,226.5421
2024-12-10 13:30:00,1733855400000,226.7,226.775,226.44,226.5494,428889.0,226.6666
2024-12-10 13:45:00,1733856300000,226.55,226.66,226.05,226.085,386594.0,226.2588
2024-12-10 14:00:00,1733857200000,226.085,226.13,225.45,225.78,841668.0,225.7421
2024-12-10 14:15:00,1733858100000,225.7646,225.95,225.54,225.83,446205.0,225.7896
2024-12-10 14:30:00,1733859000000,225.83,225.8499,224.9,225.09,957345.0,225.2473
2024-12-10 14:45:00,1733859900000,225.09,225.15,224.49,224.82,766251.0,224.7984
2024-12-10 15:00:00,1733860800000,224.82,224.905,224.48,224.855,731147.0,224.6954
2024-12-10 15:15:00,1733861700000,224.855,224.95,224.34,224.5,893083.0,224.6272
2024-12-10 15:30:00,1733862600000,224.51,225.08,224.2002,224.965,1044588.0,224.5726
2024-12-10 15:45:00,1733863500000,224.96,225.4199,224.76,225.12,1956430.0,225.0184
2024-12-10 16:00:00,1733864400000,225.04,225.3,224.9,225.29,942669.0,225.0439
2024-12-10 16:15:00,1733865300000,225.25,225.4,225.25,225.3,12662.0,225.3279
2024-12-10 16:30:00,1733866200000,225.26,225.4,225.04,225.4,15699.0,225.234
2024-12-10 16:45:00,1733867100000,225.45,225.79,225.45,225.51,16748.0,225.5218
2024-12-10 17:00:00,1733868000000,225.51,225.51,225.35,225.45,10901.0,225.3966
2024-12-10 17:15:00,1733868900000,225.4111,225.56,225.4111,225.56,10156.0,225.5153
2024-12-10 17:30:00,1733869800000,225.5003,225.6809,225.5003,225.54,5013.0,225.6021
2024-12-10 17:45:00,1733870700000,225.6099,225.6099,225.5,225.5,1382.0,225.5471
2024-12-10 18:00:00,1733871600000,225.52,225.61,225.5,225.5,11048.0,225.5512
2024-12-10 18:15:00,1733872500000,225.45,225.6,225.34,225.5,9411.0,225.475
2024-12-10 18:30:00,1733873400000,225.5299,225.5499,225.42,225.45,2768.0,225.5052
2024-12-10 18:45:00,1733874300000,225.54,225.6428,225.54,225.6,1573.0,225.574
2024-12-10 19:00:00,1733875200000,225.5944,225.5944,225.3,225.45,6950.0,225.4825
2024-12-10 19:15:00,1733876100000,225.33,225.4987,225.32,225.36,4006.0,225.3785
2024-12-10 19:30:00,1733877000000,225.49,225.5948,225.3135,225.5948,3324.0,225.4049
2024-12-10 19:45:00,1733877900000,225.52,225.61,225.45,225.6039,6080.0,225.5539
2024-12-11 04:00:00,1733907600000,226.0,226.18,225.85,225.91,9140.0,226.0131
2024-12-11 04:15:00,1733908500000,225.86,225.9,225.59,225.62,5308.0,225.6771
2024-12-11 04:30:00,1733909400000,225.57,225.6,225.49,225.5,8362.0,225.5439
2024-12-11 04:45:00,1733910300000,225.5,225.58,225.42,225.42,3474.0,225.5102
2024-12-11 05:00:00,1733911200000,225.49,225.53,225.44,225.47,4396.0,225.4754
2024-12-11 05:15:00,1733912100000,225.51,225.51,225.38,225.47,2215.0,225.4659
2024-12-11 05:30:00,1733913000000,225.47,225.47,225.47,225.47,368.0,225.4632
2024-12-11 05:45:00,1733913900000,225.4,225.48,225.36,225.36,2481.0,225.4275
2024-12-11 06:00:00,1733914800000,225.45,225.52,225.43,225.5,3639.0,225.5028
2024-12-11 06:15:00,1733915700000,225.58,225.58,225.52,225.52,3148.0,225.5513
2024-12-11 06:30:00,1733916600000,225.48,225.48,225.4,225.47,3074.0,225.4316
2024-12-11 06:45:00,1733917500000,225.47,225.48,225.41,225.41,2542.0,225.4567
2024-12-11 07:00:00,1733918400000,225.44,225.44,225.21,225.4,9056.0,225.331
2024-12-11 07:15:00,1733919300000,225.4,225.41,225.32,225.36,5812.0,225.3864
2024-12-11 07:30:00,1733920200000,225.36,225.36,225.26,225.325,2881.0,225.3194
2024-12-11 07:45:00,1733921100000,225.3,225.45,225.3,225.45,4046.0,225.3768
2024-12-11 08:00:00,1733922000000,225.32,226.0,225.16,225.4,37728.0,225.4839
2024-12-11 08:15:00,1733922900000,225.41,225.82,225.39,225.5982,50673.0,225.5648
2024-12-11 08:30:00,1733923800000,225.6,226.44,225.6,226.2,135176.0,226.0223
2024-12-11 08:45:00,1733924700000,226.1701,226.71,226.1098,226.5801,62930.0,226.4235
2024-12-11 09:00:00,1733925600000,226.63,226.85,226.27,226.53,73562.0,226.5528
2024-12-11 09:15:00,1733926500000,226.56,226.96,226.29,226.42,58306.0,226.6163
2024-12-11 09:30:00,1733927400000,226.41,229.7,226.26,228.28,3422239.0,228.0483
2024-12-11 09:45:00,1733928300000,228.28,229.68,228.24,229.245,1791468.0,228.8939
2024-12-11 10:00:00,1733929200000,229.26,230.94,229.1555,230.81,2191319.0,230.2704
2024-12-11 10:15:00,1733930100000,230.82,230.8206,229.5705,230.01,1301771.0,230.0303
2024-12-11 10:30:00,1733931000000,230.01,231.12,230.01,231.06,1191309.0,230.7613
2024-12-11 10:45:00,1733931900000,231.05,231.2,229.9301,230.345,1077755.0,230.4837
2024-12-11 11:00:00,1733932800000,230.345,230.59,229.69,229.99,877369.0,230.1934
2024-12-11 11:15:00,1733933700000,229.9999,229.9999,229.34,229.93,787399.0,229.7232
2024-12-11 11:30:00,1733934600000,229.94,230.6399,229.87,230.4199,1027863.0,230.1766
2024-12-11 11:45:00,1733935500000,230.4,230.54,230.0277,230.235,665935.0,230.255
2024-12-11 12:00:00,1733936400000,230.25,230.83,230.25,230.435,727192.0,230.6365
2024-12-11 12:15:00,1733937300000,230.43,230.8097,229.91,230.19,660413.0,230.3436
2024-12-11 12:30:00,1733938200000,230.18,230.95,230.01,230.78,1615463.0,230.63
2024-12-11 12:45:00,1733939100000,230.7776,230.94,230.41,230.6301,682106.0,230.6884
2024-12-11 13:00:00,1733940000000,230.645,230.67,230.03,230.15,453974.0,230.3512
2024-12-11 13:15:00,1733940900000,230.135,230.51,230.02,230.16,501262.0,230.2151
2024-12-11 13:30:00,1733941800000,230.16,230.4496,229.84,230.05,563616.0,230.1201
2024-12-11 13:45:00,1733942700000,230.06,230.2,229.85,230.12,448215.0,230.0566
2024-12-11 14:00:00,1733943600000,230.1209,230.44,229.9101,229.925,566950.0,230.1066
2024-12-11 14:15:00,1733944500000,229.92,230.21,229.8725,230.095,559075.0,230.0426
2024-12-11 14:30:00,1733945400000,230.1,230.11,229.56,229.8565,751692.0,229.8973
2024-12-11 14:45:00,1733946300000,229.84,229.9099,229.4201,229.52,461944.0,229.6738
2024-12-11 15:00:00,1733947200000,229.53,230.03,229.48,229.8572,641925.0,229.8617
2024-12-11 15:15:00,1733948100000,229.84,230.08,229.71,229.975,621325.0,229.9598
2024-12-11 15:30:00,1733949000000,229.96,230.05,229.77,229.84,782398.0,229.9222
2024-12-11 15:45:00,1733949900000,229.83,230.43,229.82,230.175,2096952.0,230.1935
2024-12-11 16:00:00,1733950800000,230.26,230.4,230.05,230.17,403886.0,230.2507
2024-12-11 16:15:00,1733951700000,230.26,230.26,230.05,230.0628,147651.0,230.2402
2024-12-11 16:30:00,1733952600000,230.09,230.26,230.06,230.1,21548.0,230.1489
2024-12-11 16:45:00,1733953500000,230.15,230.18,230.1,230.15,70050.0,230.2437
2024-12-11 17:00:00,1733954400000,230.18,230.22,230.15,230.22,3383.0,230.1831
2024-12-11 17:15:00,1733955300000,230.2,230.2002,230.15,230.2002,2071.0,230.1919
2024-12-11 17:30:00,1733956200000,230.16,230.2,230.15,230.2,1827.0,230.1659
2024-12-11 17:45:00,1733957100000,230.16,230.2,230.15,230.1988,5056.0,230.1675
2024-12-11 18:00:00,1733958000000,230.0038,230.17,230.0038,230.12,3924.0,230.1189
2024-12-11 18:15:00,1733958900000,230.1699,230.2,230.06,230.1104,5293.0,230.1405
2024-12-11 18:30:00,1733959800000,230.1534,230.25,230.1534,230.1817,4521.0,230.2016
2024-12-11 18:45:00,1733960700000,230.2488,230.3574,230.16,230.16,9341.0,230.216
2024-12-11 19:00:00,1733961600000,230.2,230.35,230.0,230.0,11696.0,230.1352
2024-12-11 19:15:00,1733962500000,230.06,230.25,230.06,230.22,7117.0,230.1393
2024-12-11 19:30:00,1733963400000,230.14,230.2,230.07,230.07,10014.0,230.0838
2024-12-11 19:45:00,1733964300000,230.1194,230.12,229.91,230.0,14718.0,229.9838
2024-12-12 04:00:00,1733994000000,229.5,230.0,229.46,229.8,10966.0,229.7256
2024-12-12 04:15:00,1733994900000,229.8,229.9,229.69,229.69,3353.0,229.797
2024-12-12 04:30:00,1733995800000,229.7,229.87,229.68,229.81,2663.0,229.7962
2024-12-12 04:45:00,1733996700000,229.85,230.0,229.81,229.81,2896.0,229.8962
2024-12-12 05:00:00,1733997600000,229.93,229.95,229.83,229.95,665.0,229.887
2024-12-12 05:15:00,1733998500000,229.92,230.0,229.92,230.0,1082.0,229.9924
2024-12-12 05:30:00,1733999400000,229.98,229.99,229.93,229.93,1301.0,229.9671
2024-12-12 05:45:00,1734000300000,229.95,229.96,229.5,229.7,8244.0,229.7033
2024-12-12 06:00:00,1734001200000,229.76,229.76,229.51,229.51,2154.0,229.6889
2024-12-12 06:15:00,1734002100000,229.64,229.81,229.3,229.76,23445.0,229.5455
2024-12-12 06:30:00,1734003000000,229.8,229.8,229.76,229.76,1091.0,229.7795
2024-12-12 06:45:00,1734003900000,229.53,229.54,229.46,229.46,2749.0,229.4985
2024-12-12 07:00:00,1734004800000,229.47,229.8,229.47,229.8,9341.0,229.5796
2024-12-12 07:15:00,1734005700000,229.7,230.25,229.69,230.2,14145.0,229.9782
2024-12-12 07:30:00,1734006600000,230.1,230.21,230.02,230.02,5103.0,230.1392
2024-12-12 07:45:00,1734007500000,230.08,230.59,230.05,230.59,17334.0,230.3383
2024-12-12 08:00:00,1734008400000,229.47,230.55,229.45,230.49,382908.0,230.2353
2024-12-12 08:15:00,1734009300000,230.49,230.83,230.3,230.5,32629.0,230.5835
2024-12-12 08:30:00,1734010200000,230.44,230.51,229.42,229.7,88476.0,229.759
2024-12-12 08:45:00,1734011100000,229.84,229.84,229.28,229.5,49896.0,229.4568
2024-12-12 09:00:00,1734012000000,229.4999,229.6893,228.88,228.99,31716.0,229.2359
2024-12-12 09:15:00,1734012900000,228.99,230.0,228.99,229.41,54266.0,229.2544
2024-12-12 09:30:00,1734013800000,229.83,230.269,228.77,229.16,2232476.0,229.4363
2024-12-12 09:45:00,1734014700000,229.13,229.34,227.63,228.75,2070034.0,228.3237
2024-12-12 10:00:00,1734015600000,228.75,229.37,228.1401,228.44,1420165.0,228.754
2024-12-12 10:15:00,1734016500000,228.41,230.04,228.07,229.9,1145787.0,229.2219
2024-12-12 10:30:00,1734017400000,229.9,230.236,229.68,230.19,855572.0,229.9785
2024-12-12 10:45:00,1734018300000,230.19,230.83,230.0,230.41,1097566.0,230.4843
2024-12-12 11:00:00,1734019200000,230.425,231.09,230.3001,230.61,795368.0,230.7262
2024-12-12 11:15:00,1734020100000,230.605,230.835,230.1,230.14,842630.0,230.5156
2024-12-12 11:30:00,1734021000000,230.14,230.17,229.4068,229.575,471873.0,229.7693
2024-12-12 11:45:00,1734021900000,229.575,229.9227,229.29,229.83,529644.0,229.5648
2024-12-12 12:00:00,1734022800000,229.805,230.48,229.53,230.37,567376.0,230.1187
2024-12-12 12:15:00,1734023700000,230.4,230.44,229.7,229.7946,448696.0,230.0791
2024-12-12 12:30:00,1734024600000,229.77,230.22,229.52,229.965,432710.0,229.8553
2024-12-12 12:45:00,1734025500000,229.96,230.29,229.885,230.24,295201.0,230.0703
2024-12-12 13:00:00,1734026400000,230.23,230.3453,229.88,230.32,364112.0,230.0713
2024-12-12 13:15:00,1734027300000,230.32,230.34,229.96,230.02,404188.0,230.1668
2024-12-12 13:30:00,1734028200000,230.05,230.13,229.82,229.91,1341514.0,230.0934
2024-12-12 13:45:00,1734029100000,229.91,230.13,229.54,229.5599,349498.0,229.8837
2024-12-12 14:00:00,1734030000000,229.56,229.75,229.05,229.12,474576.0,229.3314
2024-12-12 14:15:00,1734030900000,229.12,229.22,228.6,228.68,462287.0,228.9316
2024-12-12 14:30:00,1734031800000,228.66,229.09,228.58,228.91,376791.0,228.8628
2024-12-12 14:45:00,1734032700000,228.89,228.99,228.6,228.7311,340599.0,228.8007
2024-12-12 15:00:00,1734033600000,228.7,228.77,228.46,228.6,371372.0,228.5764
2024-12-12 15:15:00,1734034500000,228.57,229.04,228.57,229.015,559554.0,228.8476
2024-12-12 15:30:00,1734035400000,229.0177,229.06,228.54,228.6699,688079.0,228.7177
2024-12-12 15:45:00,1734036300000,228.6601,229.1934,228.635,229.01,2030437.0,228.976
2024-12-12 16:00:00,1734037200000,228.97,228.97,228.76,228.8583,476124.0,228.9679
2024-12-12 16:15:00,1734038100000,228.87,228.97,228.55,228.9262,38474.0,228.8438
2024-12-12 16:30:00,1734039000000,228.83,228.93,228.82,228.9,5245.0,228.8056
2024-12-12 16:45:00,1734039900000,228.89,228.97,228.87,228.87,22439.0,228.9452
2024-12-12 17:00:00,1734040800000,228.97,228.97,228.874,228.9,4135.0,227.8145
2024-12-12 17:15:00,1734041700000,228.88,228.9,228.25,228.25,33549.0,228.6547
2024-12-12 17:30:00,1734042600000,228.25,228.59,228.0,228.19,24142.0,228.1869
2024-12-12 17:45:00,1734043500000,228.2,228.7826,228.2,228.68,14240.0,228.5404
2024-12-12 18:00:00,1734044400000,228.52,228.52,228.0,228.03,23792.0,228.1528
2024-12-12 18:15:00,1734045300000,228.04,228.2,228.0,228.04,14570.0,228.054
2024-12-12 18:30:00,1734046200000,228.0399,228.21,228.0,228.09,12534.0,228.0907
2024-12-12 18:45:00,1734047100000,228.1,228.1,227.8,227.9,17306.0,227.9678
2024-12-12 19:00:00,1734048000000,228.02,228.29,227.9,228.18,6318.0,228.0923
2024-12-12 19:15:00,1734048900000,228.4647,228.4647,228.15,228.26,7543.0,228.285
2024-12-12 19:30:00,1734049800000,228.3875,228.5876,228.21,228.5876,9920.0,228.3963
2024-12-12 19:45:00,1734050700000,228.49,228.59,228.0799,228.15,34318.0,228.228
2024-12-13 04:00:00,1734080400000,229.0,229.39,228.99,229.09,10733.0,229.1837
2024-12-13 04:15:00,1734081300000,229.11,229.16,228.48,229.16,9102.0,228.937
2024-12-13 04:30:00,1734082200000,228.83,228.88,228.73,228.88,1444.0,228.7945
2024-12-13 04:45:00,1734083100000,229.04,229.15,229.04,229.14,5034.0,229.1185
2024-12-13 05:00:00,1734084000000,229.11,229.14,229.11,229.13,1276.0,229.1041
2024-12-13 05:15:00,1734084900000,228.97,229.0,228.82,229.0,2382.0,228.8724
2024-12-13 05:30:00,1734085800000,228.83,228.9,228.82,228.82,2269.0,228.8757
2024-12-13 05:45:00,1734086700000,228.64,228.8,228.64,228.8,1291.0,228.7636
2024-12-13 06:00:00,1734087600000,228.77,228.77,228.56,228.56,2508.0,228.6569
2024-12-13 06:15:00,1734088500000,228.66,228.77,228.66,228.72,2908.0,228.7331
2024-12-13 06:30:00,1734089400000,228.73,228.94,228.73,228.88,4442.0,228.8239
2024-12-13 06:45:00,1734090300000,228.9,229.0,228.75,228.75,3994.0,228.9104
2024-12-13 07:00:00,1734091200000,228.73,229.06,228.69,229.06,15751.0,228.8408
2024-12-13 07:15:00,1734092100000,229.01,229.01,228.65,228.72,7862.0,228.8648
2024-12-13 07:30:00,1734093000000,228.72,228.72,228.36,228.45,10579.0,228.5348
2024-12-13 07:45:00,1734093900000,228.5,228.87,228.49,228.84,3305.0,228.6777
2024-12-13 08:00:00,1734094800000,228.85,229.0899,227.84,228.9,65342.0,228.785
2024-12-13 08:15:00,1734095700000,228.9,228.95,228.7004,228.82,15196.0,228.8215
2024-12-13 08:30:00,1734096600000,228.82,228.91,228.63,228.71,25695.0,228.8015
2024-12-13 08:45:00,1734097500000,228.7684,228.82,228.56,228.6,28741.0,228.6999
2024-12-13 09:00:00,1734098400000,228.61,228.65,228.3,228.34,43672.0,228.4573
2024-12-13 09:15:00,1734099300000,228.289,228.74,228.1612,228.32,35781.0,228.371
2024-12-13 09:30:00,1734100200000,228.4,230.1142,228.28,230.06,2313502.0,229.1397
2024-12-13 09:45:00,1734101100000,230.0734,230.2,229.16,229.475,1033680.0,229.6204
2024-12-13 10:00:00,1734102000000,229.49,229.67,228.26,228.8,1248845.0,228.8195
2024-12-13 10:15:00,1734102900000,228.76,228.77,227.88,228.245,897619.0,228.3258
2024-12-13 10:30:00,1734103800000,228.26,228.49,227.4,227.475,968587.0,228.0076
2024-12-13 10:45:00,1734104700000,227.47,228.11,226.13,226.24,1171940.0,227.1413
2024-12-13 11:00:00,1734105600000,226.23,226.8601,225.8608,226.74,1262930.0,226.3514
2024-12-13 11:15:00,1734106500000,226.71,227.475,226.7,226.915,829827.0,227.1294
2024-12-13 11:30:00,1734107400000,226.9014,227.73,226.9014,227.18,808800.0,227.372
2024-12-13 11:45:00,1734108300000,227.18,227.5,226.865,227.21,782842.0,227.1688
2024-12-13 12:00:00,1734109200000,227.17,227.53,226.96,227.26,535315.0,227.2971
2024-12-13 12:15:00,1734110100000,227.26,227.7534,227.1312,227.4645,950700.0,227.4777
2024-12-13 12:30:00,1734111000000,227.45,227.98,227.33,227.65,544955.0,227.7142
2024-12-13 12:45:00,1734111900000,227.64,227.83,227.3,227.33,425154.0,227.5944
2024-12-13 13:00:00,1734112800000,227.35,227.89,227.185,227.86,459737.0,227.6248
2024-12-13 13:15:00,1734113700000,227.82,228.41,227.7306,228.36,523401.0,228.025
2024-12-13 13:30:00,1734114600000,228.375,228.38,227.9052,228.12,450947.0,228.14
2024-12-13 13:45:00,1734115500000,228.12,228.19,227.81,228.085,345460.0,228.0328
2024-12-13 14:00:00,1734116400000,228.09,228.23,227.69,227.925,450662.0,227.9164
2024-12-13 14:15:00,1734117300000,227.925,228.47,227.92,228.4,530550.0,228.2088
2024-12-13 14:30:00,1734118200000,228.4,228.65,228.29,228.33,672121.0,228.4794
2024-12-13 14:45:00,1734119100000,228.32,228.5299,228.23,228.445,1279696.0,228.3578
2024-12-13 15:00:00,1734120000000,228.44,228.54,227.71,227.725,654535.0,228.1874
2024-12-13 15:15:00,1734120900000,227.725,227.75,226.98,227.66,876498.0,227.3828
2024-12-13 15:30:00,1734121800000,227.66,227.87,227.45,227.74,606064.0,227.6612
2024-12-13 15:45:00,1734122700000,227.75,227.95,227.24,227.4264,1764264.0,227.5858
2024-12-13 16:00:00,1734123600000,227.46,227.95,226.8,227.5,784401.0,227.462
2024-12-13 16:15:00,1734124500000,227.46,227.69,227.33,227.5,31266.0,227.5289
2024-12-13 16:30:00,1734125400000,227.469,227.5849,227.41,227.581,9864.0,227.469
2024-12-13 16:45:00,1734126300000,227.54,227.54,227.44,227.44,16131.0,227.2979
2024-12-13 17:00:00,1734127200000,227.3501,227.52,227.3501,227.52,144503.0,227.4419
2024-12-13 17:15:00,1734128100000,227.5299,227.54,227.46,227.47,168769.0,227.4622
2024-12-13 17:30:00,1734129000000,227.47,227.5694,227.47,227.5694,2217.0,227.5015
2024-12-13 17:45:00,1734129900000,227.47,227.48,227.46,227.46,1367.0,227.4702
2024-12-13 18:00:00,1734130800000,227.45,227.67,227.45,227.5,3983.0,227.521
2024-12-13 18:15:00,1734131700000,227.5496,227.5496,227.45,227.45,2210.0,227.4763
2024-12-13 18:30:00,1734132600000,227.55,227.55,227.55,227.55,213.0,227.5128
2024-12-13 18:45:00,1734133500000,227.4992,227.5,227.45,227.45,2655.0,227.476
2024-12-13 19:00:00,1734134400000,227.4797,227.4797,227.47,227.47,365.0,227.4706
2024-12-13 19:15:00,1734135300000,227.48,227.48,227.4,227.44,5684.0,227.4521
2024-12-13 19:30:00,1734136200000,227.4,227.4392,227.3929,227.3929,644.0,227.4034
2024-12-13 19:45:00,1734137100000,227.44,227.44,227.274,227.3,2170.0,227.3746
2024-12-16 04:00:00,1734339600000,228.11,229.0,227.7,228.99,8789.0,228.4339
2024-12-16 04:15:00,1734340500000,228.99,229.0,228.72,228.8,5406.0,228.8754
2024-12-16 04:30:00,1734341400000,228.91,228.91,228.8,228.8,3849.0,228.8208
2024-12-16 04:45:00,1734342300000,228.88,229.0,228.86,229.0,4427.0,228.9356
2024-12-16 05:00:00,1734343200000,229.1,229.4,229.1,229.36,8188.0,229.248
2024-12-16 05:15:00,1734344100000,229.37,229.38,229.14,229.14,4637.0,229.2424
2024-12-16 05:30:00,1734345000000,229.03,229.16,228.99,229.16,3318.0,229.0316
2024-12-16 05:45:00,1734345900000,229.19,229.21,229.05,229.05,3363.0,229.1133
2024-12-16 06:00:00,1734346800000,228.9,228.9,228.7,228.85,3702.0,228.8212
2024-12-16 06:15:00,1734347700000,228.84,228.84,228.73,228.73,378.0,228.7854
2024-12-16 06:30:00,1734348600000,228.79,229.02,228.77,228.9,8506.0,228.8558
2024-12-16 06:45:00,1734349500000,228.97,229.18,228.97,229.15,2307.0,229.0861
2024-12-16 07:00:00,1734350400000,228.95,228.95,228.3,228.6,18629.0,228.6621
2024-12-16 07:15:00,1734351300000,228.7,228.89,228.68,228.89,11421.0,228.8351
2024-12-16 07:30:00,1734352200000,229.0,229.06,228.96,228.98,11170.0,229.0072
2024-12-16 07:45:00,1734353100000,228.91,228.91,228.75,228.81,4604.0,228.816
2024-12-16 08:00:00,1734354000000,228.83,229.06,227.46,228.91,75223.0,228.6408
2024-12-16 08:15:00,1734354900000,228.94,229.7,228.9,229.7,75798.0,229.35
2024-12-16 08:30:00,1734355800000,229.66,229.96,229.6,229.87,64112.0,229.7664
2024-12-16 08:45:00,1734356700000,229.87,229.89,229.61,229.89,29837.0,229.789
2024-12-16 09:00:00,1734357600000,229.88,229.89,229.5,229.7,27575.0,229.7092
2024-12-16 09:15:00,1734358500000,229.7,230.2,229.28,230.2,60012.0,229.8004
2024-12-16 09:30:00,1734359400000,230.23,232.08,229.2903,229.81,3242842.0,230.5806
2024-12-16 09:45:00,1734360300000,229.85,230.1,228.9567,229.43,1387606.0,229.5116
2024-12-16 10:00:00,1734361200000,229.41,229.45,228.01,228.575,1541008.0,228.5979
2024-12-16 10:15:00,1734362100000,228.5643,229.335,228.12,229.3204,972998.0,228.4835
2024-12-16 10:30:00,1734363000000,229.32,230.0958,229.0,230.0,934460.0,229.5339
2024-12-16 10:45:00,1734363900000,229.99,230.45,229.65,229.77,886763.0,230.0805
2024-12-16 11:00:00,1734364800000,229.7,230.51,229.7,230.42,738603.0,230.2408
2024-12-16 11:15:00,1734365700000,230.43,230.8499,230.2,230.79,695539.0,230.5739
2024-12-16 11:30:00,1734366600000,230.81,230.86,230.2384,230.3,554597.0,230.5263
2024-12-16 11:45:00,1734367500000,230.31,230.9799,230.14,230.7,720172.0,230.5817
2024-12-16 12:00:00,1734368400000,230.7,230.78,230.18,230.6955,770312.0,230.4751
2024-12-16 12:15:00,1734369300000,230.7023,231.11,230.58,230.88,722881.0,230.9066
2024-12-16 12:30:00,1734370200000,230.91,231.3,230.81,231.27,763321.0,231.1074
2024-12-16 12:45:00,1734371100000,231.23,231.47,230.93,231.3527,705174.0,231.2276
2024-12-16 13:00:00,1734372000000,231.3799,231.5,230.95,231.48,889231.0,231.2828
2024-12-16 13:15:00,1734372900000,231.46,231.73,231.36,231.69,558425.0,231.543
2024-12-16 13:30:00,1734373800000,231.7,231.72,231.4165,231.62,483702.0,231.5515
2024-12-16 13:45:00,1734374700000,231.635,232.0,231.52,231.95,929535.0,231.6798
2024-12-16 14:00:00,1734375600000,231.94,231.9499,231.38,231.74,652611.0,231.6355
2024-12-16 14:15:00,1734376500000,231.745,232.18,231.7,232.0329,617879.0,231.9504
2024-12-16 14:30:00,1734377400000,232.01,232.04,231.8,231.8704,515422.0,231.9327
2024-12-16 14:45:00,1734378300000,231.88,232.11,231.8,232.0209,585114.0,231.9645
2024-12-16 15:00:00,1734379200000,232.035,232.44,231.76,232.35,763151.0,232.0914
2024-12-16 15:15:00,1734380100000,232.365,232.9453,232.29,232.865,891234.0,232.7135
2024-12-16 15:30:00,1734381000000,232.87,232.8725,232.46,232.62,769700.0,232.6605
2024-12-16 15:45:00,1734381900000,232.62,233.0,232.2,232.94,2346947.0,232.6124
2024-12-16 16:00:00,1734382800000,232.93,233.0,232.58,232.88,558121.0,232.9256
2024-12-16 16:15:00,1734383700000,232.87,232.87,231.8431,232.72,33479.0,232.8034
2024-12-16 16:30:00,1734384600000,232.72,232.7201,232.45,232.7,418549.0,232.9062
2024-12-16 16:45:00,1734385500000,232.68,232.7,232.55,232.55,8817.0,232.6508
2024-12-16 17:00:00,1734386400000,232.4575,232.6,232.4575,232.5985,12201.0,227.3273
2024-12-16 17:15:00,1734387300000,232.6,232.61,232.5001,232.6,5550.0,232.4287
2024-12-16 17:30:00,1734388200000,232.6,232.6,232.5,232.5,3731.0,232.5414
2024-12-16 17:45:00,1734389100000,232.6,232.6,232.5,232.5,4060.0,232.5189
2024-12-16 18:00:00,1734390000000,232.93,232.93,232.34,232.4,9827.0,232.6014
2024-12-16 18:15:00,1734390900000,232.48,232.5668,232.35,232.36,5833.0,232.4413
2024-12-16 18:30:00,1734391800000,232.4,232.5492,232.38,232.4,6982.0,232.5012
2024-12-16 18:45:00,1734392700000,232.37,232.6,232.37,232.5999,4298.0,232.5506
2024-12-16 19:00:00,1734393600000,232.55,232.55,232.45,232.49,951.0,232.5049
2024-12-16 19:15:00,1734394500000,232.45,232.45,232.4,232.45,2061.0,232.4433
2024-12-16 19:30:00,1734395400000,232.45,232.55,232.42,232.421,7342.0,232.5084
2024-12-16 19:45:00,1734396300000,232.5008,232.6,232.4,232.6,8854.0,232.5336
2024-12-17 04:00:00,1734426000000,232.0,232.64,231.6,232.53,10784.0,231.9612
2024-12-17 04:15:00,1734426900000,232.6,232.6,232.15,232.15,4435.0,232.3881
2024-12-17 04:30:00,1734427800000,232.09,232.39,232.09,232.3,7427.0,232.2598
2024-12-17 04:45:00,1734428700000,232.3,232.77,232.27,232.66,7233.0,232.5444
2024-12-17 05:00:00,1734429600000,232.65,232.65,232.52,232.52,1719.0,232.5824
2024-12-17 05:15:00,1734430500000,232.28,232.31,232.1,232.12,6414.0,232.2188
2024-12-17 05:30:00,1734431400000,232.27,232.37,232.26,232.37,2753.0,232.2762
2024-12-17 05:45:00,1734432300000,232.38,232.4,232.37,232.4,1325.0,232.393
2024-12-17 06:00:00,1734433200000,232.38,232.38,232.28,232.32,2069.0,232.3047
2024-12-17 06:15:00,1734434100000,232.31,232.31,232.31,232.31,213.0,232.3275
2024-12-17 06:30:00,1734435000000,232.28,232.29,232.21,232.22,2150.0,232.2533
2024-12-17 06:45:00,1734435900000,232.2,232.24,232.13,232.13,1710.0,232.1827
2024-12-17 07:00:00,1734436800000,232.27,232.3,231.9,231.9,16721.0,232.1126
2024-12-17 07:15:00,1734437700000,231.95,231.98,231.83,231.89,6939.0,231.9044
2024-12-17 07:30:00,1734438600000,231.95,232.21,231.85,232.21,5679.0,232.0762
2024-12-17 07:45:00,1734439500000,232.32,232.32,232.11,232.12,3175.0,232.1758
2024-12-17 08:00:00,1734440400000,232.28,232.92,231.63,231.8799,73843.0,232.0241
2024-12-17 08:15:00,1734441300000,231.88,232.24,231.84,232.1101,17244.0,232.0456
2024-12-17 08:30:00,1734442200000,232.2,232.29,231.68,231.84,169423.0,232.7564
2024-12-17 08:45:00,1734443100000,231.84,232.5,231.84,232.3953,30418.0,232.1651
2024-12-17 09:00:00,1734444000000,232.38,232.83,232.38,232.55,36526.0,232.5839
2024-12-17 09:15:00,1734444900000,232.55,232.7999,231.72,232.44,67956.0,232.3408
2024-12-17 09:30:00,1734445800000,232.39,232.73,228.9071,229.96,3400427.0,230.8877
2024-12-17 09:45:00,1734446700000,229.94,229.99,228.18,228.225,2024154.0,228.939
2024-12-17 10:00:00,1734447600000,228.205,229.54,227.85,229.445,1973267.0,228.649
2024-12-17 10:15:00,1734448500000,229.47,229.56,228.305,228.92,1407633.0,228.8449
2024-12-17 10:30:00,1734449400000,228.96,229.56,228.66,229.3,1004389.0,229.0536
2024-12-17 10:45:00,1734450300000,229.31,230.37,229.2224,230.0699,919468.0,229.8142
2024-12-17 11:00:00,1734451200000,230.015,231.26,230.015,231.205,1109707.0,230.7059
2024-12-17 11:15:00,1734452100000,231.2,231.68,230.88,231.069,809172.0,231.2634
2024-12-17 11:30:00,1734453000000,231.05,231.55,230.77,231.3914,748514.0,231.1661
2024-12-17 11:45:00,1734453900000,231.3783,231.82,231.1201,231.29,645474.0,231.5263
2024-12-17 12:00:00,1734454800000,231.29,231.41,230.72,230.8996,508827.0,231.0714
2024-12-17 12:15:00,1734455700000,230.8801,231.18,230.5,231.18,552906.0,230.7581
2024-12-17 12:30:00,1734456600000,231.19,231.5899,230.91,231.4046,829477.0,231.3378
2024-12-17 12:45:00,1734457500000,231.41,231.78,231.28,231.65,446558.0,231.5827
2024-12-17 13:00:00,1734458400000,231.64,232.0,231.44,231.86,501559.0,231.7902
2024-12-17 13:15:00,1734459300000,231.87,231.98,231.19,231.87,503870.0,231.6617
2024-12-17 13:30:00,1734460200000,231.86,232.5,231.805,232.31,920644.0,232.1423
2024-12-17 13:45:00,1734461100000,232.31,232.5,232.0101,232.14,493895.0,232.2734
2024-12-17 14:00:00,1734462000000,232.1398,232.3006,231.92,232.01,420394.0,232.0678
2024-12-17 14:15:00,1734462900000,232.0,232.35,231.99,232.23,471643.0,232.2008
2024-12-17 14:30:00,1734463800000,232.245,232.245,231.64,231.7,457274.0,231.8798
2024-12-17 14:45:00,1734464700000,231.69,231.7639,230.98,231.0255,583167.0,231.2669
2024-12-17 15:00:00,1734465600000,231.01,231.39,230.8989,231.218,523999.0,231.0988
2024-12-17 15:15:00,1734466500000,231.21,231.42,230.95,231.02,523546.0,231.2168
2024-12-17 15:30:00,1734467400000,231.015,231.3,230.88,231.285,626097.0,231.0344
2024-12-17 15:45:00,1734468300000,231.2786,231.4599,231.01,231.25,1759004.0,231.2386
2024-12-17 16:00:00,1734469200000,231.15,231.23,230.7018,230.7018,699235.0,231.1356
2024-12-17 16:15:00,1734470100000,230.74,231.06,230.63,231.01,32366.0,230.9055
2024-12-17 16:30:00,1734471000000,231.09,231.15,230.69,230.75,28954.0,231.0372
2024-12-17 16:45:00,1734471900000,230.82,230.85,230.79,230.79,2306.0,230.8095
2024-12-17 17:00:00,1734472800000,230.86,230.884,230.7372,230.8,5010.0,230.8071
2024-12-17 17:15:00,1734473700000,230.8,230.9807,230.8,230.95,193298.0,231.1417
2024-12-17 17:30:00,1734474600000,230.87,230.87,230.73,230.73,977.0,230.7912
2024-12-17 17:45:00,1734475500000,230.74,231.01,230.74,230.7709,6972.0,230.9166
2024-12-17 18:00:00,1734476400000,231.03,231.03,230.01,230.17,14056.0,230.4029
2024-12-17 18:15:00,1734477300000,230.39,230.39,230.1599,230.211,3866.0,230.2529
2024-12-17 18:30:00,1734478200000,230.27,230.6,230.2602,230.5999,3152.0,230.4529
2024-12-17 18:45:00,1734479100000,230.51,230.6,230.4,230.58,894.0,230.5423
2024-12-17 19:00:00,1734480000000,230.7,230.9,230.7,230.86,3795.0,230.8574
2024-12-17 19:15:00,1734480900000,230.87,230.99,230.81,230.81,1671.0,230.8948
2024-12-17 19:30:00,1734481800000,230.72,230.95,230.652,230.73,3482.0,230.8056
2024-12-17 19:45:00,1734482700000,230.73,230.8896,230.7026,230.8896,2630.0,230.8256
2024-12-18 04:00:00,1734512400000,231.6,231.8,231.6,231.77,4783.0,231.6855
2024-12-18 04:15:00,1734513300000,231.75,231.82,231.65,231.71,6212.0,231.7278
2024-12-18 04:30:00,1734514200000,231.81,231.85,231.71,231.84,3224.0,231.804
2024-12-18 04:45:00,1734515100000,231.83,231.85,231.74,231.74,1506.0,231.7968
2024-12-18 05:00:00,1734516000000,231.73,231.96,231.7,231.96,4355.0,231.7941
2024-12-18 05:15:00,1734516900000,231.97,232.06,231.9,231.9,1096.0,231.9819
2024-12-18 05:30:00,1734517800000,231.8,231.87,231.73,231.73,4838.0,231.7805
2024-12-18 05:45:00,1734518700000,231.63,231.85,231.59,231.85,4574.0,231.6863
2024-12-18 06:00:00,1734519600000,231.79,231.79,231.71,231.71,2344.0,231.7594
2024-12-18 06:15:00,1734520500000,231.74,231.74,231.66,231.66,1204.0,231.6385
2024-12-18 06:30:00,1734521400000,231.68,233.24,231.68,233.03,28383.0,232.6027
2024-12-18 06:45:00,1734522300000,232.9,233.0,232.59,233.0,14240.0,232.8167
2024-12-18 07:00:00,1734523200000,232.97,233.28,232.88,233.15,23538.0,233.0128
2024-12-18 07:15:00,1734524100000,233.07,233.2,233.0,233.01,16482.0,233.1155
2024-12-18 07:30:00,1734525000000,233.04,233.14,232.61,232.61,33270.0,232.9039
2024-12-18 07:45:00,1734525900000,232.62,232.8,232.54,232.66,10444.0,232.6492
2024-12-18 08:00:00,1734526800000,232.85,233.3492,231.15,232.794,98476.0,232.8391
2024-12-18 08:15:00,1734527700000,232.75,232.86,232.55,232.6,47873.0,232.7518
2024-12-18 08:30:00,1734528600000,232.53,232.54,231.4,231.5,290910.0,231.3173
2024-12-18 08:45:00,1734529500000,231.65,231.89,231.3036,231.38,37036.0,231.59
2024-12-18 09:00:00,1734530400000,231.4096,231.77,230.8518,231.0,56787.0,231.2365
2024-12-18 09:15:00,1734531300000,231.0,231.59,229.78,230.04,87695.0,230.5982
2024-12-18 09:30:00,1734532200000,230.77,231.08,229.23,230.16,2260003.0,230.0489
2024-12-18 09:45:00,1734533100000,230.155,230.635,229.5,230.27,966671.0,230.1028
2024-12-18 10:00:00,1734534000000,230.28,231.0146,229.85,230.5999,987980.0,230.5501
2024-12-18 10:15:00,1734534900000,230.58,231.01,230.22,230.815,793426.0,230.5297
2024-12-18 10:30:00,1734535800000,230.83,231.01,230.07,230.91,709483.0,230.5611
2024-12-18 10:45:00,1734536700000,230.9,231.3999,230.6,230.605,846491.0,231.0718
2024-12-18 11:00:00,1734537600000,230.605,230.98,229.99,230.01,640089.0,230.5853
2024-12-18 11:15:00,1734538500000,230.0112,230.31,229.61,230.285,604773.0,229.9235
2024-12-18 11:30:00,1734539400000,230.3,230.35,229.93,230.147,539967.0,230.1238
2024-12-18 11:45:00,1734540300000,230.14,230.2542,229.67,229.92,574888.0,229.8745
2024-12-18 12:00:00,1734541200000,229.91,230.52,229.73,230.15,508082.0,230.2099
2024-12-18 12:15:00,1734542100000,230.14,230.19,229.825,229.83,398374.0,230.0345
2024-12-18 12:30:00,1734543000000,229.82,230.2,229.68,230.035,397695.0,229.8991
2024-12-18 12:45:00,1734543900000,230.03,230.15,229.8012,229.865,705373.0,229.9883
2024-12-18 13:00:00,1734544800000,229.86,230.29,229.8252,230.08,448619.0,230.0725
2024-12-18 13:15:00,1734545700000,230.07,230.2,229.76,229.855,359708.0,229.9937
2024-12-18 13:30:00,1734546600000,229.85,230.22,229.7901,230.055,344526.0,230.0413
2024-12-18 13:45:00,1734547500000,230.06,230.44,230.035,230.24,479119.0,230.2681
2024-12-18 14:00:00,1734548400000,230.26,230.2699,228.1,228.37,1305553.0,228.9062
2024-12-18 14:15:00,1734549300000,228.36,229.09,227.51,228.1263,1375931.0,228.2561
2024-12-18 14:30:00,1734550200000,228.14,228.7,227.43,227.97,1139372.0,228.0401
2024-12-18 14:45:00,1734551100000,227.99,228.02,226.2013,226.35,1345276.0,227.1698
2024-12-18 15:00:00,1734552000000,226.385,226.49,224.09,224.73,2687989.0,225.1608
2024-12-18 15:15:00,1734552900000,224.745,225.4,223.72,224.08,3192362.0,224.4175
2024-12-18 15:30:00,1734553800000,224.085,224.37,220.34,220.44,2881980.0,222.1435
2024-12-18 15:45:00,1734554700000,220.4,222.8499,220.11,220.48,4953407.0,221.5388
2024-12-18 16:00:00,1734555600000,220.52,220.92,218.3521,219.8199,1112607.0,220.267
2024-12-18 16:15:00,1734556500000,219.5,220.8631,219.2126,220.4472,128407.0,220.0843
2024-12-18 16:30:00,1734557400000,220.2,220.4969,219.15,219.47,122594.0,219.9894
2024-12-18 16:45:00,1734558300000,219.48,219.7199,219.1608,219.4,123439.0,219.4193
2024-12-18 17:00:00,1734559200000,219.4,220.52,219.365,220.22,74724.0,219.8452
2024-12-18 17:15:00,1734560100000,220.35,220.99,220.31,220.63,276866.0,220.5383
2024-12-18 17:30:00,1734561000000,220.56,220.79,220.32,220.79,28317.0,220.6152
2024-12-18 17:45:00,1734561900000,220.65,221.0,220.65,221.0,28593.0,220.8061
2024-12-18 18:00:00,1734562800000,220.9894,221.3,220.0,221.29,35261.0,220.7844
2024-12-18 18:15:00,1734563700000,221.199,221.67,221.0,221.67,20561.0,221.2307
2024-12-18 18:30:00,1734564600000,221.648,221.75,220.2605,220.5,38054.0,221.0721
2024-12-18 18:45:00,1734565500000,220.53,221.0453,220.43,220.97,23780.0,220.7225
2024-12-18 19:00:00,1734566400000,220.97,220.97,220.52,220.83,29113.0,220.7251
2024-12-18 19:15:00,1734567300000,220.8,221.15,220.71,221.05,19525.0,220.9525
2024-12-18 19:30:00,1734568200000,221.15,221.4798,221.15,221.4093,19699.0,221.3667
2024-12-18 19:45:00,1734569100000,221.28,221.46,221.0,221.3791,21757.0,221.2521
2024-12-19 04:00:00,1734598800000,222.0,222.3,221.69,221.69,28685.0,221.9353
2024-12-19 04:15:00,1734599700000,221.7,221.7,221.41,221.68,9721.0,221.5433
2024-12-19 04:30:00,1734600600000,221.75,222.2,221.75,221.92,15002.0,221.9172
2024-12-19 04:45:00,1734601500000,221.86,221.95,221.77,221.84,5718.0,221.8755
2024-12-19 05:00:00,1734602400000,221.93,222.1,221.93,222.1,5283.0,222.0174
2024-12-19 05:15:00,1734603300000,222.38,222.58,222.38,222.53,11221.0,222.484
2024-12-19 05:30:00,1734604200000,222.44,222.47,222.07,222.07,7049.0,222.2589
2024-12-19 05:45:00,1734605100000,222.02,222.02,221.77,221.84,5067.0,221.9073
2024-12-19 06:00:00,1734606000000,222.23,222.41,222.23,222.39,3587.0,222.3618
2024-12-19 06:15:00,1734606900000,222.56,222.57,222.23,222.4,12911.0,222.3981
2024-12-19 06:30:00,1734607800000,222.43,222.52,222.14,222.31,9570.0,222.3138
2024-12-19 06:45:00,1734608700000,222.48,223.0,222.48,222.55,10960.0,222.6543
2024-12-19 07:00:00,1734609600000,222.84,223.17,222.66,223.1,24655.0,222.9845
2024-12-19 07:15:00,1734610500000,223.1,224.29,223.08,224.19,46732.0,223.8473
2024-12-19 07:30:00,1734611400000,224.2,224.31,223.63,224.18,32913.0,224.0238
2024-12-19 07:45:00,1734612300000,224.18,224.18,223.67,224.11,16457.0,223.9533
2024-12-19 08:00:00,1734613200000,222.9,224.32,221.071,224.04,175659.0,223.369
2024-12-19 08:15:00,1734614100000,224.02,224.3,223.7,224.05,50853.0,224.0543
2024-12-19 08:30:00,1734615000000,224.04,224.04,223.34,223.34,39165.0,223.6894
2024-12-19 08:45:00,1734615900000,223.35,223.6057,223.04,223.04,61187.0,223.2825
2024-12-19 09:00:00,1734616800000,223.05,223.5,222.5714,223.3431,49434.0,223.1258
2024-12-19 09:15:00,1734617700000,223.3,225.88,222.81,225.21,167653.0,224.4523
2024-12-19 09:30:00,1734618600000,224.91,225.605,222.92,223.49,4185451.0,224.4103
2024-12-19 09:45:00,1734619500000,223.53,224.98,223.26,224.53,1661281.0,224.4294
2024-12-19 10:00:00,1734620400000,224.53,225.15,223.62,225.05,1617744.0,224.3229
2024-12-19 10:15:00,1734621300000,225.04,225.41,223.82,224.185,1082897.0,224.6398
2024-12-19 10:30:00,1734622200000,224.2,224.52,223.22,224.085,1185729.0,223.7529
2024-12-19 10:45:00,1734623100000,224.05,224.86,223.86,224.7654,835240.0,224.3218
2024-12-19 11:00:00,1734624000000,224.75,225.02,223.8,223.98,735261.0,224.3109
2024-12-19 11:15:00,1734624900000,224.0,225.36,223.73,225.19,1011077.0,224.7171
2024-12-19 11:30:00,1734625800000,225.18,226.09,225.0208,225.665,925672.0,225.5614
2024-12-19 11:45:00,1734626700000,225.65,225.95,225.28,225.83,598063.0,225.6048
2024-12-19 12:00:00,1734627600000,225.8,226.0,225.33,225.5,645948.0,225.6273
2024-12-19 12:15:00,1734628500000,225.5146,225.65,224.4,224.4999,707361.0,224.9755
2024-12-19 12:30:00,1734629400000,224.5,224.94,224.0,224.3112,762184.0,224.3777
2024-12-19 12:45:00,1734630300000,224.34,225.015,224.23,224.99,481996.0,224.5904
2024-12-19 13:00:00,1734631200000,224.98,224.98,223.99,224.667,519945.0,224.3875
2024-12-19 13:15:00,1734632100000,224.64,224.9204,224.35,224.87,359972.0,224.6405
2024-12-19 13:30:00,1734633000000,224.86,225.01,224.67,224.6801,406784.0,224.8528
2024-12-19 13:45:00,1734633900000,224.665,225.19,224.48,225.185,423658.0,224.8348
2024-12-19 14:00:00,1734634800000,225.18,225.25,224.5,224.555,508552.0,224.8272
2024-12-19 14:15:00,1734635700000,224.555,224.69,224.2301,224.45,477520.0,224.5183
2024-12-19 14:30:00,1734636600000,224.45,224.771,224.234,224.755,459726.0,224.4858
2024-12-19 14:45:00,1734637500000,224.755,224.97,224.46,224.5,491559.0,224.7129
2024-12-19 15:00:00,1734638400000,224.51,224.77,223.85,224.18,549851.0,224.2815
2024-12-19 15:15:00,1734639300000,224.18,224.94,224.1301,224.49,668286.0,224.5768
2024-12-19 15:30:00,1734640200000,224.53,224.79,223.42,224.49,999480.0,224.1987
2024-12-19 15:45:00,1734641100000,224.48,224.58,223.23,223.28,2644865.0,223.7306
2024-12-19 16:00:00,1734642000000,223.29,223.32,222.22,222.47,875053.0,223.2604
2024-12-19 16:15:00,1734642900000,222.48,222.92,222.27,222.69,199837.0,223.1469
2024-12-19 16:30:00,1734643800000,222.69,223.22,222.64,223.22,23714.0,222.8297
2024-12-19 16:45:00,1734644700000,223.19,223.2396,223.0,223.08,18208.0,223.1164
2024-12-19 17:00:00,1734645600000,223.1,223.29,223.0,223.0099,33840.0,223.2227
2024-12-19 17:15:00,1734646500000,222.95,223.03,222.9,222.9,73288.0,223.2627
2024-12-19 17:30:00,1734647400000,222.85,222.88,222.85,222.85,5914.0,222.8669
2024-12-19 17:45:00,1734648300000,222.8601,223.29,222.803,222.83,17921.0,223.0238
2024-12-19 18:00:00,1734649200000,222.8805,223.2,222.82,223.2,3437.0,222.9782
2024-12-19 18:15:00,1734650100000,223.2001,223.31,223.2,223.31,14748.0,223.253
2024-12-19 18:30:00,1734651000000,223.21,223.22,222.5,222.5,13502.0,222.9876
2024-12-19 18:45:00,1734651900000,222.6,223.2,222.6,222.75,10739.0,222.6653
2024-12-19 19:00:00,1734652800000,222.62,222.69,222.2209,222.3,7130.0,222.4803
2024-12-19 19:15:00,1734653700000,222.33,222.4,221.85,222.0201,18553.0,222.0704
2024-12-19 19:30:00,1734654600000,222.1,222.3,221.13,221.6545,16095.0,221.8424
2024-12-19 19:45:00,1734655500000,221.66,221.8,221.07,221.4,11246.0,221.3291
2024-12-20 04:00:00,1734685200000,220.31,220.5,219.1,220.04,40101.0,219.9094
2024-12-20 04:15:00,1734686100000,220.0,220.02,219.05,219.2,15852.0,219.5382
2024-12-20 04:30:00,1734687000000,219.34,219.65,219.2,219.29,16325.0,219.3493
2024-12-20 04:45:00,1734687900000,219.35,219.35,218.72,218.92,27795.0,219.0344
2024-12-20 05:00:00,1734688800000,218.84,219.05,218.15,218.55,40937.0,218.666
2024-12-20 05:15:00,1734689700000,218.62,218.62,218.0,218.56,24303.0,218.3329
2024-12-20 05:30:00,1734690600000,218.61,219.28,218.37,218.75,18379.0,218.8319
2024-12-20 05:45:00,1734691500000,218.77,219.19,218.64,218.78,28519.0,218.9556
2024-12-20 06:00:00,1734692400000,218.8,219.0,218.53,218.78,11196.0,218.7379
2024-12-20 06:15:00,1734693300000,218.65,218.65,217.89,218.49,16144.0,218.2273
2024-12-20 06:30:00,1734694200000,218.49,218.69,218.4,218.5,10081.0,218.5221
2024-12-20 06:45:00,1734695100000,218.53,218.53,217.21,217.98,54190.0,217.8279
2024-12-20 07:00:00,1734696000000,218.0,218.06,216.92,216.94,80394.0,217.5002
2024-12-20 07:15:00,1734696900000,216.92,217.38,216.5,216.78,42547.0,216.8916
2024-12-20 07:30:00,1734697800000,216.84,217.87,216.72,217.87,34235.0,217.3691
2024-12-20 07:45:00,1734698700000,217.9,218.17,217.54,218.1,25100.0,217.8589
2024-12-20 08:00:00,1734699600000,217.3,223.0,216.48,217.78,216398.0,217.9543
2024-12-20 08:15:00,1734700500000,217.71,217.97,217.48,217.88,47010.0,217.7283
2024-12-20 08:30:00,1734701400000,217.89,219.5723,217.89,219.45,163211.0,218.9918
2024-12-20 08:45:00,1734702300000,219.55,220.15,219.15,219.72,105782.0,219.5974
2024-12-20 09:00:00,1734703200000,219.85,220.03,219.18,219.91,67617.0,219.6756
2024-12-20 09:15:00,1734704100000,219.87,220.2761,218.3,219.9,453026.0,221.9099
2024-12-20 09:30:00,1734705000000,219.84,220.87,218.73,220.4,11459902.0,219.9295
2024-12-20 09:45:00,1734705900000,220.42,220.95,218.862,219.74,1226433.0,219.8334
2024-12-20 10:00:00,1734706800000,219.77,221.56,219.77,221.3901,1253041.0,220.6792
2024-12-20 10:15:00,1734707700000,221.405,222.93,221.27,222.925,902265.0,221.8907
2024-12-20 10:30:00,1734708600000,222.91,223.84,222.6125,223.4499,1249434.0,223.1457
2024-12-20 10:45:00,1734709500000,223.4285,223.57,222.4686,222.49,907090.0,222.9486
2024-12-20 11:00:00,1734710400000,222.49,224.03,222.39,223.95,780752.0,223.5014
2024-12-20 11:15:00,1734711300000,223.94,224.37,223.82,224.34,790902.0,224.0867
2024-12-20 11:30:00,1734712200000,224.34,225.85,224.29,225.75,945739.0,225.0699
2024-12-20 11:45:00,1734713100000,225.7401,225.83,224.92,225.685,953906.0,225.4498
2024-12-20 12:00:00,1734714000000,225.685,225.72,225.175,225.69,732078.0,225.5143
2024-12-20 12:15:00,1734714900000,225.69,226.21,225.3038,226.13,1067630.0,225.6576
2024-12-20 12:30:00,1734715800000,226.14,226.145,225.04,225.18,716567.0,225.4482
2024-12-20 12:45:00,1734716700000,225.18,225.3361,224.61,224.655,629408.0,225.0595
2024-12-20 13:00:00,1734717600000,224.66,224.68,223.81,224.1,819637.0,224.2003
2024-12-20 13:15:00,1734718500000,224.15,224.425,223.68,224.1401,701395.0,223.9973
2024-12-20 13:30:00,1734719400000,224.14,224.89,224.09,224.7,676155.0,224.5365
2024-12-20 13:45:00,1734720300000,224.6,225.3148,224.5,224.7572,639723.0,224.8698
2024-12-20 14:00:00,1734721200000,224.75,224.955,224.37,224.54,603058.0,224.6678
2024-12-20 14:15:00,1734722100000,224.54,225.28,224.45,225.2794,933201.0,224.9071
2024-12-20 14:30:00,1734723000000,225.26,225.58,225.12,225.35,596319.0,225.3603
2024-12-20 14:45:00,1734723900000,225.36,225.4281,224.74,225.049,585606.0,225.1008
2024-12-20 15:00:00,1734724800000,225.05,225.17,224.76,224.98,641287.0,224.9876
2024-12-20 15:15:00,1734725700000,224.985,225.13,224.4049,224.4499,886210.0,224.8495
2024-12-20 15:30:00,1734726600000,224.44,224.58,223.55,224.22,1032031.0,224.099
2024-12-20 15:45:00,1734727500000,224.22,225.68,224.21,225.23,3429892.0,224.8702
2024-12-20 16:00:00,1734728400000,224.92,225.23,224.75,224.98,7842443.0,224.9211
2024-12-20 16:15:00,1734729300000,224.99,225.0,224.8541,224.9,54540.0,224.919
2024-12-20 16:30:00,1734730200000,224.9,225.05,224.89,225.03,72040.0,224.9403
2024-12-20 16:45:00,1734731100000,225.01,225.07,224.94,225.0,20384.0,224.7367
2024-12-20 17:00:00,1734732000000,224.99,225.0,224.9612,224.97,11235.0,224.8301
2024-12-20 17:15:00,1734732900000,224.96,225.0,224.821,225.0,907080.0,224.9184
2024-12-20 17:30:00,1734733800000,225.05,225.15,225.05,225.15,11897.0,225.0993
2024-12-20 17:45:00,1734734700000,225.15,225.42,225.13,225.42,4991.0,225.2498
2024-12-20 18:00:00,1734735600000,225.42,225.55,225.2472,225.55,5430.0,225.4161
2024-12-20 18:15:00,1734736500000,225.62,226.0,225.62,225.85,7882.0,225.9257
2024-12-20 18:30:00,1734737400000,225.97,225.98,225.87,225.87,2355.0,225.9466
2024-12-20 18:45:00,1734738300000,225.87,225.902,225.8,225.9,2431.0,225.8857
2024-12-20 19:00:00,1734739200000,225.9207,226.08,225.92,226.0,12949.0,226.013
2024-12-20 19:15:00,1734740100000,226.09,226.2,225.898,225.898,4175.0,226.12
2024-12-20 19:30:00,1734741000000,225.95,226.06,225.8,226.06,6264.0,225.9356
2024-12-20 19:45:00,1734741900000,225.83,226.06,224.92,226.06,53263.0,225.2122
2024-12-23 04:00:00,1734944400000,226.71,226.78,226.0,226.0,19584.0,226.4046
2024-12-23 04:15:00,1734945300000,226.0,226.35,225.98,226.16,10791.0,226.1162
2024-12-23 04:30:00,1734946200000,226.29,226.3,226.17,226.3,2481.0,226.2557
2024-12-23 04:45:00,1734947100000,226.3,226.3,226.14,226.14,6328.0,226.2475
2024-12-23 05:00:00,1734948000000,226.09,226.25,225.95,226.2,4002.0,226.1143
2024-12-23 05:15:00,1734948900000,226.04,226.04,225.88,225.88,2259.0,225.9563
2024-12-23 05:30:00,1734949800000,225.78,225.78,225.11,225.19,8149.0,225.3741
2024-12-23 05:45:00,1734950700000,225.14,225.19,225.06,225.14,3672.0,225.1095
2024-12-23 06:00:00,1734951600000,225.27,225.27,225.02,225.03,3316.0,225.1372
2024-12-23 06:15:00,1734952500000,225.04,225.12,225.0,225.0,6296.0,225.0146
2024-12-23 06:30:00,1734953400000,224.82,225.08,224.8,225.08,5984.0,224.9793
2024-12-23 06:45:00,1734954300000,224.99,225.0,224.78,224.8,6364.0,224.8689
2024-12-23 07:00:00,1734955200000,224.91,225.85,224.91,225.65,22177.0,225.3085
2024-12-23 07:15:00,1734956100000,225.56,225.94,225.56,225.57,9253.0,225.7525
2024-12-23 07:30:00,1734957000000,225.48,225.97,225.48,225.97,6078.0,225.7341
2024-12-23 07:45:00,1734957900000,225.92,226.34,225.92,226.18,17169.0,226.1771
2024-12-23 08:00:00,1734958800000,225.52,227.88,225.01,226.1399,57626.0,226.2341
2024-12-23 08:15:00,1734959700000,226.08,226.47,225.96,226.24,17478.0,226.1813
2024-12-23 08:30:00,1734960600000,226.349,226.349,224.7,224.81,53244.0,225.303
2024-12-23 08:45:00,1734961500000,225.0,225.32,224.8,224.9,18444.0,225.0462
2024-12-23 09:00:00,1734962400000,225.0,225.33,224.92,224.92,76907.0,224.9659
2024-12-23 09:15:00,1734963300000,225.18,225.5,224.85,225.0,37308.0,225.1673
2024-12-23 09:30:00,1734964200000,225.01,225.4295,223.9,224.51,2150334.0,224.9012
2024-12-23 09:45:00,1734965100000,224.48,225.4,224.16,224.91,1000654.0,224.8026
2024-12-23 10:00:00,1734966000000,224.94,225.1,224.0,224.76,890868.0,224.619
2024-12-23 10:15:00,1734966900000,224.72,225.08,224.22,224.83,787854.0,224.6945
2024-12-23 10:30:00,1734967800000,224.87,225.35,224.648,225.01,680608.0,224.9745
2024-12-23 10:45:00,1734968700000,225.015,225.9199,224.89,225.3433,589394.0,225.3413
2024-12-23 11:00:00,1734969600000,225.305,225.92,225.275,225.59,491584.0,225.6514
2024-12-23 11:15:00,1734970500000,225.6064,225.905,225.53,225.88,401642.0,225.7135
2024-12-23 11:30:00,1734971400000,225.89,226.247,225.38,226.04,542871.0,225.8141
2024-12-23 11:45:00,1734972300000,226.06,226.49,225.95,226.38,562619.0,226.2126
2024-12-23 12:00:00,1734973200000,226.38,226.88,226.0901,226.125,509740.0,226.4056
2024-12-23 12:15:00,1734974100000,226.12,226.37,225.7,226.2465,420892.0,226.0306
2024-12-23 12:30:00,1734975000000,226.29,226.41,225.96,226.3,339762.0,226.2278
2024-12-23 12:45:00,1734975900000,226.3,226.43,225.9201,225.95,336943.0,226.1898
2024-12-23 13:00:00,1734976800000,225.97,226.07,225.5,225.74,954579.0,225.8651
2024-12-23 13:15:00,1734977700000,225.76,225.92,225.41,225.5,339191.0,225.5728
2024-12-23 13:30:00,1734978600000,225.49,226.1,225.49,225.9025,345662.0,225.8575
2024-12-23 13:45:00,1734979500000,225.9,226.25,225.63,226.18,378391.0,225.9558
2024-12-23 14:00:00,1734980400000,226.17,226.3,226.01,226.1,487662.0,226.169
2024-12-23 14:15:00,1734981300000,226.12,226.3099,225.87,226.115,294470.0,226.114
2024-12-23 14:30:00,1734982200000,226.14,226.33,225.43,225.48,506730.0,225.9203
2024-12-23 14:45:00,1734983100000,225.4766,225.72,225.162,225.48,618731.0,225.4964
2024-12-23 15:00:00,1734984000000,225.46,225.67,225.05,225.35,413848.0,225.3144
2024-12-23 15:15:00,1734984900000,225.41,225.42,224.81,225.14,554268.0,225.0335
2024-12-23 15:30:00,1734985800000,225.155,225.62,225.0,225.405,500390.0,225.2801
2024-12-23 15:45:00,1734986700000,225.4558,225.7,224.84,225.09,1742135.0,225.1309
2024-12-23 16:00:00,1734987600000,225.06,225.06,224.46,224.66,1314269.0,225.0328
2024-12-23 16:15:00,1734988500000,224.7,224.75,224.62,224.67,20253.0,224.6879
2024-12-23 16:30:00,1734989400000,224.66,225.06,224.66,224.7,42401.0,225.0189
2024-12-23 16:45:00,1734990300000,224.74,224.75,224.71,224.72,12190.0,224.6338
2024-12-23 17:00:00,1734991200000,224.71,224.8977,224.71,224.85,13022.0,224.8403
2024-12-23 17:15:00,1734992100000,224.83,224.84,224.72,224.75,9629.0,224.7761
2024-12-23 17:30:00,1734993000000,224.74,224.78,224.74,224.78,3762.0,224.7676
2024-12-23 17:45:00,1734993900000,224.83,224.95,224.82,224.95,10249.0,224.9125
2024-12-23 18:00:00,1734994800000,224.9,224.9,224.75,224.75,406.0,224.8532
2024-12-23 18:15:00,1734995700000,224.75,224.94,224.75,224.87,2672.0,224.8399
2024-12-23 18:30:00,1734996600000,224.85,224.85,224.75,224.75,4508.0,224.8084
2024-12-23 18:45:00,1734997500000,224.7997,224.9083,224.7403,224.8,6484.0,224.8245
2024-12-23 19:00:00,1734998400000,224.8,224.8,224.68,224.72,6009.0,224.7489
2024-12-23 19:15:00,1734999300000,224.73,224.9,224.71,224.79,3881.0,224.7734
2024-12-23 19:30:00,1735000200000,224.79,224.93,224.79,224.84,2278.0,224.8382
2024-12-23 19:45:00,1735001100000,224.82,224.85,224.71,224.8001,8475.0,224.789
2024-12-24 04:00:00,1735030800000,225.05,225.32,225.05,225.21,2332.0,225.184
2024-12-24 04:15:00,1735031700000,225.33,225.36,225.3,225.36,1157.0,225.3229
2024-12-24 04:30:00,1735032600000,225.13,225.13,225.13,225.13,294.0,225.0969
2024-12-24 04:45:00,1735033500000,225.22,225.3,225.22,225.24,2462.0,225.2355
2024-12-24 05:15:00,1735035300000,225.29,225.29,225.27,225.27,382.0,225.2652
2024-12-24 05:30:00,1735036200000,225.21,225.23,225.21,225.23,273.0,225.2205
2024-12-24 05:45:00,1735037100000,225.43,225.49,225.43,225.49,2527.0,225.4443
2024-12-24 06:00:00,1735038000000,225.5,225.5,225.39,225.5,2174.0,225.4789
2024-12-24 06:30:00,1735039800000,225.22,225.23,225.22,225.23,1764.0,225.228
2024-12-24 06:45:00,1735040700000,225.22,225.22,225.22,225.22,156.0,225.2234
2024-12-24 07:00:00,1735041600000,225.26,225.32,225.21,225.24,12748.0,225.2596
2024-12-24 07:15:00,1735042500000,225.46,225.46,225.3,225.3,2303.0,225.3897
2024-12-24 07:30:00,1735043400000,225.3,225.31,225.15,225.26,1789.0,225.2462
2024-12-24 07:45:00,1735044300000,225.19,225.64,225.19,225.6,5604.0,225.4378
2024-12-24 08:00:00,1735045200000,225.28,225.6992,224.498,225.5,44830.0,225.4254
2024-12-24 08:15:00,1735046100000,225.4,225.7,225.4,225.5,5275.0,225.5101
2024-12-24 08:30:00,1735047000000,225.49,225.7,225.31,225.5579,8701.0,225.4681
2024-12-24 08:45:00,1735047900000,225.6,225.7,225.6,225.68,4532.0,225.64
2024-12-24 09:00:00,1735048800000,225.6495,225.84,225.6,225.84,21974.0,225.7047
2024-12-24 09:15:00,1735049700000,225.85,227.15,225.52,226.8,76926.0,226.476
2024-12-24 09:30:00,1735050600000,226.94,227.49,226.13,227.365,1595821.0,226.9122
2024-12-24 09:45:00,1735051500000,227.34,228.6,227.34,228.3601,1213219.0,228.0974
2024-12-24 10:00:00,1735052400000,228.4,228.51,227.6101,227.805,961099.0,228.0696
2024-12-24 10:15:00,1735053300000,227.79,228.07,227.27,227.95,778004.0,227.7277
2024-12-24 10:30:00,1735054200000,227.95,229.14,227.89,229.06,869176.0,228.4346
2024-12-24 10:45:00,1735055100000,229.04,229.1,228.1601,228.52,759395.0,228.6572
2024-12-24 11:00:00,1735056000000,228.49,228.7284,228.1,228.43,511103.0,228.4442
2024-12-24 11:15:00,1735056900000,228.42,228.75,228.23,228.4014,442366.0,228.5125
2024-12-24 11:30:00,1735057800000,228.41,228.73,228.35,228.6,481252.0,228.5764
2024-12-24 11:45:00,1735058700000,228.6261,228.915,228.45,228.5653,800532.0,228.6996
2024-12-24 12:00:00,1735059600000,228.574,228.92,228.3861,228.9182,433660.0,228.646
2024-12-24 12:15:00,1735060500000,228.92,228.94,228.1601,228.415,647021.0,228.4577
2024-12-24 12:30:00,1735061400000,228.41,228.86,228.28,228.595,529062.0,228.5622
2024-12-24 12:45:00,1735062300000,228.595,229.1,228.4587,228.9,1297741.0,228.7893
2024-12-24 13:00:00,1735063200000,229.05,229.05,229.05,229.05,2474498.0,229.05
2024-12-24 16:00:00,1735074000000,228.8003,228.8749,228.8003,228.81,1609.0,228.8231
2024-12-24 16:15:00,1735074900000,228.8,228.83,228.8,228.81,756.0,228.8154
2024-12-24 16:30:00,1735075800000,228.85,228.85,228.82,228.83,650.0,228.8302
2024-12-24 16:45:00,1735076700000,228.8499,228.85,228.82,228.85,3208.0,228.8452
2024-12-26 04:00:00,1735203600000,228.85,229.1,228.27,229.0,11136.0,228.7454
2024-12-26 04:15:00,1735204500000,228.53,228.53,228.53,228.53,307.0,228.6037
2024-12-26 04:30:00,1735205400000,228.39,228.93,228.39,228.93,2026.0,228.5915
2024-12-26 04:45:00,1735206300000,228.72,228.72,228.6,228.6,846.0,228.6545
2024-12-26 05:00:00,1735207200000,228.5,228.5,228.5,228.5,306.0,228.4981
2024-12-26 05:15:00,1735208100000,228.44,228.53,228.43,228.53,704.0,228.4865
2024-12-26 05:30:00,1735209000000,228.67,228.67,228.6,228.6,1309.0,228.6147
2024-12-26 05:45:00,1735209900000,228.4,228.56,228.4,228.49,550.0,228.4921
2024-12-26 06:15:00,1735211700000,228.53,228.53,228.49,228.51,811.0,228.5056
2024-12-26 06:45:00,1735213500000,228.55,228.59,228.5,228.59,607.0,228.5792
2024-12-26 07:00:00,1735214400000,228.62,228.84,228.61,228.66,10927.0,228.7004
2024-12-26 07:15:00,1735215300000,228.72,228.85,228.3,228.7,9342.0,228.5829
2024-12-26 07:30:00,1735216200000,228.7,228.7,228.1,228.25,9827.0,228.4391
2024-12-26 07:45:00,1735217100000,228.12,228.43,228.11,228.41,6552.0,228.2069
2024-12-26 08:00:00,1735218000000,228.67,230.0,228.1,228.6474,38910.0,228.6522
2024-12-26 08:15:00,1735218900000,228.54,228.65,228.3622,228.3622,7025.0,228.5412
2024-12-26 08:30:00,1735219800000,228.3,228.495,228.11,228.4383,7363.0,228.3312
2024-12-26 08:45:00,1735220700000,228.4496,228.4802,228.25,228.47,7040.0,228.3749
2024-12-26 09:00:00,1735221600000,228.6,228.6,228.35,228.35,7415.0,228.4781
2024-12-26 09:15:00,1735222500000,228.3108,228.5,227.27,227.74,63311.0,227.8086
2024-12-26 09:30:00,1735223400000,228.5,228.5,227.57,227.93,1216600.0,227.8908
2024-12-26 09:45:00,1735224300000,227.94,228.05,226.6706,227.8,839987.0,227.4326
2024-12-26 10:00:00,1735225200000,227.78,228.1,227.05,227.55,639723.0,227.6248
2024-12-26 10:15:00,1735226100000,227.54,228.05,227.37,227.905,852952.0,227.8787
2024-12-26 10:30:00,1735227000000,227.89,228.18,227.75,227.77,547824.0,227.952
2024-12-26 10:45:00,1735227900000,227.76,227.8236,227.46,227.5171,366752.0,227.6147
2024-12-26 11:00:00,1735228800000,227.5,227.6617,227.31,227.485,371676.0,227.4844
2024-12-26 11:15:00,1735229700000,227.47,227.69,227.02,227.07,357503.0,227.3685
2024-12-26 11:30:00,1735230600000,227.1,227.54,227.03,227.46,387804.0,227.2328
2024-12-26 11:45:00,1735231500000,227.48,227.58,227.28,227.47,318186.0,227.4603
2024-12-26 12:00:00,1735232400000,227.45,227.9,227.37,227.86,408426.0,227.5901
2024-12-26 12:15:00,1735233300000,227.9,228.2986,227.5,227.52,768478.0,228.038
2024-12-26 12:30:00,1735234200000,227.54,228.12,227.46,227.92,545213.0,227.8587
2024-12-26 12:45:00,1735235100000,227.93,227.96,227.22,227.56,373261.0,227.563
2024-12-26 13:00:00,1735236000000,227.575,228.0402,227.575,227.9348,298937.0,227.8288
2024-12-26 13:15:00,1735236900000,227.91,228.09,227.82,227.945,289733.0,227.9962
2024-12-26 13:30:00,1735237800000,227.96,228.01,227.57,227.68,286475.0,227.8484
2024-12-26 13:45:00,1735238700000,227.69,227.9876,227.65,227.791,234083.0,227.7785
2024-12-26 14:00:00,1735239600000,227.79,227.83,227.54,227.55,255471.0,227.6839
2024-12-26 14:15:00,1735240500000,227.55,227.73,227.48,227.68,263606.0,227.597
2024-12-26 14:30:00,1735241400000,227.69,228.11,227.535,228.06,325235.0,227.8124
2024-12-26 14:45:00,1735242300000,228.075,228.36,228.06,228.26,414525.0,228.2267
2024-12-26 15:00:00,1735243200000,228.25,228.41,228.1,228.1632,392387.0,228.2741
2024-12-26 15:15:00,1735244100000,228.1688,228.25,227.96,227.98,319614.0,228.1489
2024-12-26 15:30:00,1735245000000,227.97,228.1599,227.74,227.83,553017.0,227.9408
2024-12-26 15:45:00,1735245900000,227.87,228.0,226.93,227.09,1277050.0,227.3702
2024-12-26 16:00:00,1735246800000,227.05,227.09,226.8,226.94,301184.0,227.0405
2024-12-26 16:15:00,1735247700000,226.96,226.96,226.9,226.96,17965.0,226.9503
2024-12-26 16:30:00,1735248600000,226.9597,226.96,226.89,226.9193,10279.0,226.9351
2024-12-26 16:45:00,1735249500000,226.88,226.92,226.79,226.87,8467.0,226.8554
2024-12-26 17:00:00,1735250400000,226.8699,226.94,226.85,226.8598,6911.0,226.8623
2024-12-26 17:15:00,1735251300000,226.87,226.94,226.87,226.94,4064.0,225.7342
2024-12-26 17:30:00,1735252200000,226.93,226.93,226.8532,226.8532,2149.0,224.6952
2024-12-26 17:45:00,1735253100000,226.8999,226.9,226.7906,226.8303,5439.0,226.85
2024-12-26 18:00:00,1735254000000,226.89,226.9,226.8,226.87,5587.0,226.8472
2024-12-26 18:15:00,1735254900000,226.88,226.9959,226.88,226.95,5491.0,226.931
2024-12-26 18:30:00,1735255800000,226.94,226.99,226.9,226.97,1666.0,226.9318
2024-12-26 18:45:00,1735256700000,226.91,226.91,226.88,226.88,1596.0,226.8885
2024-12-26 19:00:00,1735257600000,226.98,227.0,226.9,226.91,3113.0,226.9626
2024-12-26 19:15:00,1735258500000,226.9,226.9,226.75,226.79,5591.0,226.8087
2024-12-26 19:30:00,1735259400000,226.85,226.85,226.82,226.82,3916.0,226.8304
2024-12-26 19:45:00,1735260300000,226.82,226.9498,226.82,226.9479,2139.0,226.9073
2024-12-27 04:00:00,1735290000000,226.0,226.24,225.94,226.24,18259.0,226.0179
2024-12-27 04:15:00,1735290900000,226.3,226.35,226.25,226.28,2553.0,226.2991
2024-12-27 04:45:00,1735292700000,226.08,226.08,225.9,225.9,1387.0,226.0177
2024-12-27 05:00:00,1735293600000,226.03,226.08,226.0,226.0,3457.0,226.0276
2024-12-27 05:30:00,1735295400000,225.88,225.99,225.88,225.99,3312.0,225.9406
2024-12-27 05:45:00,1735296300000,226.03,226.05,226.0,226.0,4355.0,226.0205
2024-12-27 06:00:00,1735297200000,225.99,225.99,225.88,225.88,1447.0,225.943
2024-12-27 06:15:00,1735298100000,225.91,225.95,225.8,225.8,6940.0,225.9204
2024-12-27 06:30:00,1735299000000,225.83,225.83,225.83,225.83,2148.0,225.8301
2024-12-27 06:45:00,1735299900000,225.83,225.9,225.83,225.88,3276.0,225.876
2024-12-27 07:00:00,1735300800000,225.94,226.3,225.94,226.24,11368.0,226.1139
2024-12-27 07:15:00,1735301700000,226.09,226.24,226.09,226.24,6937.0,226.1813
2024-12-27 07:30:00,1735302600000,226.18,226.18,226.08,226.08,2375.0,226.1193
2024-12-27 07:45:00,1735303500000,226.1,226.18,226.06,226.18,2785.0,226.1103
2024-12-27 08:00:00,1735304400000,225.9,226.7,225.8,225.9808,51115.0,226.2548
2024-12-27 08:15:00,1735305300000,225.98,225.99,225.79,225.9374,7506.0,225.545
2024-12-27 08:30:00,1735306200000,225.92,225.92,225.3799,225.6,21956.0,225.6331
2024-12-27 08:45:00,1735307100000,225.61,225.92,225.56,225.56,10953.0,225.7738
2024-12-27 09:00:00,1735308000000,225.55,225.78,225.5206,225.69,25521.0,225.6133
2024-12-27 09:15:00,1735308900000,225.69,226.38,225.43,225.88,51479.0,225.7956
2024-12-27 09:30:00,1735309800000,225.6,226.03,222.7735,222.892,1975345.0,224.4362
2024-12-27 09:45:00,1735310700000,222.86,223.53,222.55,222.7999,1715766.0,223.0591
2024-12-27 10:00:00,1735311600000,222.83,223.0,220.9,221.61,1507518.0,221.7602
2024-12-27 10:15:00,1735312500000,221.59,222.15,220.944,221.35,1123390.0,221.5053
2024-12-27 10:30:00,1735313400000,221.325,221.85,221.06,221.68,721251.0,221.4424
2024-12-27 10:45:00,1735314300000,221.695,222.1799,221.57,221.94,866004.0,221.915
2024-12-27 11:00:00,1735315200000,221.89,221.96,221.28,221.454,640494.0,221.6008
2024-12-27 11:15:00,1735316100000,221.54,222.665,221.53,222.63,746142.0,222.0559
2024-12-27 11:30:00,1735317000000,222.645,222.76,221.87,221.88,723395.0,222.3863
2024-12-27 11:45:00,1735317900000,221.9,222.0699,221.39,221.88,541048.0,221.7788
2024-12-27 12:00:00,1735318800000,221.885,222.08,221.62,221.71,435433.0,221.851
2024-12-27 12:15:00,1735319700000,221.7111,222.05,221.4101,222.005,443379.0,221.7063
2024-12-27 12:30:00,1735320600000,222.0,222.53,221.51,222.01,491908.0,221.9879
2024-12-27 12:45:00,1735321500000,222.0248,222.27,221.75,222.2,446588.0,222.0296
2024-12-27 13:00:00,1735322400000,222.18,222.46,222.07,222.242,495673.0,222.2952
2024-12-27 13:15:00,1735323300000,222.26,222.6899,222.26,222.495,370679.0,222.4642
2024-12-27 13:30:00,1735324200000,222.48,222.78,222.41,222.775,357193.0,222.5782
2024-12-27 13:45:00,1735325100000,222.78,223.4299,222.61,223.18,590479.0,222.993
2024-12-27 14:00:00,1735326000000,223.1701,223.45,222.962,223.01,609584.0,223.1852
2024-12-27 14:15:00,1735326900000,222.9964,223.15,222.65,222.8,463165.0,222.9002
2024-12-27 14:30:00,1735327800000,222.8508,223.55,222.82,223.46,387890.0,223.2493
2024-12-27 14:45:00,1735328700000,223.44,223.81,223.35,223.66,517911.0,223.5399
2024-12-27 15:00:00,1735329600000,223.64,223.71,222.93,223.04,479319.0,223.3776
2024-12-27 15:15:00,1735330500000,223.035,223.4599,222.92,223.33,537707.0,223.1407
2024-12-27 15:30:00,1735331400000,223.32,223.35,222.99,223.05,541325.0,223.213
2024-12-27 15:45:00,1735332300000,223.0,224.24,222.99,223.89,2926067.0,223.6758
2024-12-27 16:00:00,1735333200000,223.93,224.8,223.75,224.23,426130.0,223.8521
2024-12-27 16:15:00,1735334100000,224.31,224.3361,224.1,224.27,12592.0,224.2221
2024-12-27 16:30:00,1735335000000,223.75,224.4,223.75,224.27,10273.0,224.2916
2024-12-27 16:45:00,1735335900000,224.35,224.48,223.75,224.36,14992.0,224.3202
2024-12-27 17:00:00,1735336800000,224.35,224.36,224.3,224.36,5305.0,223.9529
2024-12-27 17:15:00,1735337700000,224.3,224.5,224.2,224.5,9845.0,224.26
2024-12-27 17:30:00,1735338600000,224.4,224.5,224.2114,224.28,2391.0,224.2951
2024-12-27 17:45:00,1735339500000,224.44,224.5,224.21,224.47,2485.0,224.4169
2024-12-27 18:00:00,1735340400000,224.3014,224.4842,224.3014,224.36,2402.0,224.4178
2024-12-27 18:15:00,1735341300000,224.38,224.4535,224.33,224.4535,3742.0,224.3747
2024-12-27 18:30:00,1735342200000,224.35,224.35,224.14,224.14,2326.0,224.2896
2024-12-27 18:45:00,1735343100000,224.16,224.2,224.14,224.15,2066.0,224.1683
2024-12-27 19:00:00,1735344000000,224.15,224.15,224.0,224.0,1916.0,224.1062
2024-12-27 19:15:00,1735344900000,224.02,224.1098,224.02,224.08,1611.0,224.0549
2024-12-27 19:30:00,1735345800000,224.08,224.08,223.9,223.9,4757.0,224.0036
2024-12-27 19:45:00,1735346700000,223.81,224.0199,223.79,224.0199,5006.0,223.829
2024-12-30 04:00:00,1735549200000,223.71,223.71,223.0,223.49,9419.0,223.4906
2024-12-30 04:15:00,1735550100000,223.45,223.53,223.29,223.53,5962.0,223.4049
2024-12-30 04:30:00,1735551000000,223.61,223.71,223.5,223.71,3431.0,223.5762
2024-12-30 04:45:00,1735551900000,223.69,223.69,223.69,223.69,208.0,223.6931
2024-12-30 05:00:00,1735552800000,223.68,223.68,223.57,223.57,1289.0,223.6252
2024-12-30 05:15:00,1735553700000,223.51,223.6,223.48,223.52,3136.0,223.5375
2024-12-30 05:30:00,1735554600000,223.48,223.48,223.4,223.4,1536.0,223.4253
2024-12-30 05:45:00,1735555500000,223.5,223.5,223.5,223.5,329.0,223.4768
2024-12-30 06:00:00,1735556400000,223.37,223.37,223.35,223.36,985.0,223.3633
2024-12-30 06:15:00,1735557300000,223.31,223.31,223.08,223.08,2968.0,223.2218
2024-12-30 06:30:00,1735558200000,223.18,223.18,223.16,223.18,2871.0,223.1627
2024-12-30 06:45:00,1735559100000,223.18,223.3,223.18,223.25,3956.0,223.2431
2024-12-30 07:00:00,1735560000000,223.33,223.38,223.1,223.1,5647.0,223.2118
2024-12-30 07:15:00,1735560900000,223.1,223.1,222.62,222.68,12689.0,222.8787
2024-12-30 07:30:00,1735561800000,222.68,222.7,221.85,221.85,12047.0,222.2533
2024-12-30 07:45:00,1735562700000,221.96,222.16,221.32,221.49,22307.0,221.5825
2024-12-30 08:00:00,1735563600000,223.05,223.84,221.22,221.23,74178.0,222.0946
2024-12-30 08:15:00,1735564500000,221.25,221.64,220.65,221.25,32144.0,221.2911
2024-12-30 08:30:00,1735565400000,221.16,221.32,220.39,220.48,58525.0,220.7468
2024-12-30 08:45:00,1735566300000,220.6,220.83,220.32,220.32,40663.0,220.5797
2024-12-30 09:00:00,1735567200000,220.36,220.6,219.98,220.35,69654.0,220.2518
2024-12-30 09:15:00,1735568100000,220.3099,220.52,219.81,220.01,72827.0,220.1939
2024-12-30 09:30:00,1735569000000,220.06,220.23,219.23,219.96,2898701.0,219.8057
2024-12-30 09:45:00,1735569900000,219.96,220.18,218.84,218.91,1420942.0,219.558
2024-12-30 10:00:00,1735570800000,218.92,219.67,218.43,219.62,1291975.0,219.0689
2024-12-30 10:15:00,1735571700000,219.63,219.65,218.61,218.63,894203.0,219.0309
2024-12-30 10:30:00,1735572600000,218.61,219.95,218.545,219.79,876953.0,219.158
2024-12-30 10:45:00,1735573500000,219.81,220.16,219.08,219.66,737538.0,219.4867
2024-12-30 11:00:00,1735574400000,219.65,219.96,219.41,219.84,630563.0,219.7522
2024-12-30 11:15:00,1735575300000,219.8,220.458,219.79,220.36,677143.0,220.1457
2024-12-30 11:30:00,1735576200000,220.36,220.9271,220.32,220.74,841609.0,220.6641
2024-12-30 11:45:00,1735577100000,220.74,221.24,220.52,221.165,535310.0,220.922
2024-12-30 12:00:00,1735578000000,221.16,221.34,220.71,221.0029,721333.0,221.0411
2024-12-30 12:15:00,1735578900000,220.99,221.51,220.96,221.4,578627.0,221.2479
2024-12-30 12:30:00,1735579800000,221.42,221.9,221.35,221.87,610685.0,221.6136
2024-12-30 12:45:00,1735580700000,221.895,222.22,221.25,222.13,539808.0,221.8024
2024-12-30 13:00:00,1735581600000,222.14,222.15,221.52,221.93,365643.0,221.8132
2024-12-30 13:15:00,1735582500000,221.93,222.07,221.27,221.65,410046.0,221.6331
2024-12-30 13:30:00,1735583400000,221.63,222.21,221.58,222.11,397771.0,221.9185
2024-12-30 13:45:00,1735584300000,222.1,222.33,221.9818,222.13,404618.0,222.1751
2024-12-30 14:00:00,1735585200000,222.13,222.14,221.66,221.7703,824645.0,221.973
2024-12-30 14:15:00,1735586100000,221.7787,222.08,221.49,222.01,365838.0,221.8246
2024-12-30 14:30:00,1735587000000,222.0075,222.37,221.98,222.185,398205.0,222.1725
2024-12-30 14:45:00,1735587900000,222.185,222.65,222.155,222.515,415375.0,222.4192
2024-12-30 15:00:00,1735588800000,222.51,222.82,222.3,222.73,484778.0,222.5662
2024-12-30 15:15:00,1735589700000,222.74,222.9972,222.16,222.166,617872.0,222.6457
2024-12-30 15:30:00,1735590600000,222.16,222.58,222.035,222.295,618275.0,222.2784
2024-12-30 15:45:00,1735591500000,222.32,222.64,221.18,221.21,1898327.0,221.84
2024-12-30 16:00:00,1735592400000,221.3,221.3,220.61,220.8705,1643464.0,221.2866
2024-12-30 16:15:00,1735593300000,220.9795,220.98,220.6998,220.9011,39077.0,220.8548
2024-12-30 16:30:00,1735594200000,220.94,220.97,220.82,220.89,11302.0,221.124
2024-12-30 16:45:00,1735595100000,220.8,220.89,220.7,220.89,8910.0,220.8353
2024-12-30 17:00:00,1735596000000,220.93,221.21,220.93,221.02,12541.0,221.0757
2024-12-30 17:15:00,1735596900000,221.3,221.3,220.8145,220.95,3867.0,221.1325
2024-12-30 17:30:00,1735597800000,220.8101,221.2,220.79,220.802,5824.0,220.9166
2024-12-30 17:45:00,1735598700000,220.92,221.0,220.9004,220.93,1346.0,220.9579
2024-12-30 18:00:00,1735599600000,220.95,220.95,220.71,220.71,7145.0,220.8629
2024-12-30 18:15:00,1735600500000,220.7002,220.73,220.5,220.68,17550.0,220.6135
2024-12-30 18:30:00,1735601400000,220.7835,220.98,220.75,220.9698,8746.0,220.877
2024-12-30 18:45:00,1735602300000,220.94,220.97,220.8,220.95,4678.0,220.8855
2024-12-30 19:00:00,1735603200000,220.93,221.2,220.9,221.13,13240.0,221.0184
2024-12-30 19:15:00,1735604100000,221.11,221.29,221.0,221.06,8592.0,221.1846
2024-12-30 19:30:00,1735605000000,221.1,221.1799,221.0108,221.1799,3809.0,221.0978
2024-12-30 19:45:00,1735605900000,221.08,221.1399,220.81,220.81,6686.0,221.0381
2024-12-31 04:00:00,1735635600000,221.03,221.8,221.0,221.8,2812.0,221.228
2024-12-31 04:15:00,1735636500000,222.22,222.5,222.22,222.5,842.0,222.3416
2024-12-31 04:30:00,1735637400000,222.5,222.53,222.5,222.53,892.0,222.5337
2024-12-31 04:45:00,1735638300000,222.52,222.52,222.44,222.44,891.0,222.4704
2024-12-31 05:00:00,1735639200000,222.35,222.35,222.27,222.27,455.0,222.3296
2024-12-31 05:15:00,1735640100000,222.41,222.41,222.41,222.41,119.0,222.4029
2024-12-31 05:30:00,1735641000000,222.24,222.69,222.24,222.44,2800.0,222.4159
2024-12-31 06:00:00,1735642800000,222.68,223.0,222.68,222.93,2999.0,222.9037
2024-12-31 06:15:00,1735643700000,222.9,222.9,222.75,222.75,1573.0,222.8673
2024-12-31 06:30:00,1735644600000,222.65,222.65,222.65,222.65,335.0,222.6536
2024-12-31 06:45:00,1735645500000,222.55,222.98,222.55,222.95,4484.0,222.811
2024-12-31 07:00:00,1735646400000,222.9,223.22,222.75,222.75,23910.0,222.8798
2024-12-31 07:15:00,1735647300000,222.76,223.0,222.75,222.9,4445.0,222.851
2024-12-31 07:30:00,1735648200000,222.89,222.9,222.75,222.9,7714.0,222.7851
2024-12-31 07:45:00,1735649100000,222.83,222.83,222.73,222.75,36376.0,222.7543
2024-12-31 08:00:00,1735650000000,222.8,223.27,221.04,223.0597,98352.0,222.8967
2024-12-31 08:15:00,1735650900000,222.99,223.26,222.77,223.1,19482.0,223.0951
2024-12-31 08:30:00,1735651800000,223.1,223.26,221.3,223.1,19504.0,222.7881
2024-12-31 08:45:00,1735652700000,223.07,223.12,222.75,222.867,16426.0,222.8699
2024-12-31 09:00:00,1735653600000,222.76,223.1,222.73,223.1,34187.0,222.8078
2024-12-31 09:15:00,1735654500000,223.0,223.25,222.62,222.83,54417.0,222.8533
2024-12-31 09:30:00,1735655400000,222.965,223.2299,221.079,221.24,1370800.0,222.1562
2024-12-31 09:45:00,1735656300000,221.21,222.35,221.14,222.275,1593300.0,221.7638
2024-12-31 10:00:00,1735657200000,222.265,222.37,221.18,221.6501,838364.0,221.8151
2024-12-31 10:15:00,1735658100000,221.63,222.14,221.25,221.3995,725944.0,221.7117
2024-12-31 10:30:00,1735659000000,221.41,221.91,221.16,221.21,638853.0,221.4246
2024-12-31 10:45:00,1735659900000,221.23,221.714,221.17,221.445,490036.0,221.4561
2024-12-31 11:00:00,1735660800000,221.44,221.47,220.64,220.8547,561111.0,220.9387
2024-12-31 11:15:00,1735661700000,220.87,220.95,220.36,220.6,549219.0,220.6791
2024-12-31 11:30:00,1735662600000,220.585,220.89,220.37,220.79,388755.0,220.5475
2024-12-31 11:45:00,1735663500000,220.78,221.26,220.7784,221.0,396123.0,221.0326
2024-12-31 12:00:00,1735664400000,221.038,221.2,220.68,220.97,355265.0,220.9385
2024-12-31 12:15:00,1735665300000,220.9931,221.24,220.57,220.61,342249.0,220.8909
2024-12-31 12:30:00,1735666200000,220.62,220.73,219.8,219.991,594961.0,220.1568
2024-12-31 12:45:00,1735667100000,219.985,220.83,219.7,220.77,585056.0,220.2457
2024-12-31 13:00:00,1735668000000,220.77,221.14,220.38,220.39,419525.0,220.6801
2024-12-31 13:15:00,1735668900000,220.4,220.62,219.75,219.8,383252.0,220.0866
2024-12-31 13:30:00,1735669800000,219.78,220.24,219.73,220.1986,351151.0,219.9459
2024-12-31 13:45:00,1735670700000,220.16,220.61,220.07,220.2,281686.0,220.3041
2024-12-31 14:00:00,1735671600000,220.21,220.74,219.95,220.68,473215.0,220.2996
2024-12-31 14:15:00,1735672500000,220.706,220.71,219.92,220.05,367561.0,220.2372
2024-12-31 14:30:00,1735673400000,220.06,220.34,219.86,220.11,365742.0,220.0992
2024-12-31 14:45:00,1735674300000,220.075,220.8,220.02,220.77,450126.0,220.3729
2024-12-31 15:00:00,1735675200000,220.76,220.78,220.18,220.25,456796.0,220.5553
2024-12-31 15:15:00,1735676100000,220.24,221.3,220.2,221.2601,535958.0,220.825
2024-12-31 15:30:00,1735677000000,221.26,221.34,220.67,220.82,560847.0,220.962
2024-12-31 15:45:00,1735677900000,220.82,221.0561,218.94,219.39,3612369.0,219.5611
2024-12-31 16:00:00,1735678800000,219.39,219.9,219.27,219.55,251838.0,219.4486
2024-12-31 16:15:00,1735679700000,219.64,219.6881,219.5368,219.5368,10312.0,219.6468
2024-12-31 16:30:00,1735680600000,219.66,219.7,219.53,219.58,13059.0,219.5963
2024-12-31 16:45:00,1735681500000,219.58,219.6,219.41,219.529,11394.0,219.4915
2024-12-31 17:00:00,1735682400000,219.6,219.8,219.5,219.68,78879.0,219.4352
2024-12-31 17:15:00,1735683300000,219.68,219.7754,219.68,219.76,3403.0,219.7016
2024-12-31 17:30:00,1735684200000,219.7794,219.7794,219.65,219.65,6866.0,219.7297
2024-12-31 17:45:00,1735685100000,219.6107,219.65,219.5618,219.5618,2569.0,219.6175
2024-12-31 18:00:00,1735686000000,219.56,219.6,219.56,219.57,1020.0,219.5799
2024-12-31 18:15:00,1735686900000,219.5981,219.5981,219.5981,219.5981,110.0,219.5963
2024-12-31 18:30:00,1735687800000,219.6,219.6,219.53,219.53,2966.0,219.5576
2024-12-31 18:45:00,1735688700000,219.5,219.53,219.42,219.51,2345.0,219.4869
2024-12-31 19:15:00,1735690500000,219.46,219.46,219.41,219.4104,2027.0,219.4329
2024-12-31 19:30:00,1735691400000,219.449,219.59,219.42,219.59,1805.0,219.5244
2024-12-31 19:45:00,1735692300000,219.59,219.7493,219.5001,219.68,13153.0,219.6818
2025-01-02 04:00:00,1735808400000,220.44,221.41,220.25,221.38,13405.0,220.8866
2025-01-02 04:15:00,1735809300000,221.56,221.56,221.05,221.05,10140.0,221.2799
2025-01-02 04:30:00,1735810200000,221.1,221.16,221.0,221.16,5737.0,221.0364
2025-01-02 04:45:00,1735811100000,221.25,221.46,221.25,221.45,1342.0,221.3825
2025-01-02 05:00:00,1735812000000,221.61,221.74,221.21,221.21,5606.0,221.5771
2025-01-02 05:15:00,1735812900000,221.36,221.37,221.34,221.37,1751.0,221.367
2025-01-02 05:30:00,1735813800000,221.33,221.66,221.21,221.66,4752.0,221.3086
2025-01-02 05:45:00,1735814700000,221.4,221.6,221.4,221.6,713.0,221.5155
2025-01-02 06:00:00,1735815600000,221.58,221.58,221.33,221.43,2493.0,221.4251
2025-01-02 06:15:00,1735816500000,221.53,221.74,221.53,221.67,2349.0,221.6628
2025-01-02 06:30:00,1735817400000,221.82,221.85,221.45,221.64,5864.0,221.651
2025-01-02 06:45:00,1735818300000,221.87,222.75,221.87,222.55,15141.0,222.2226
2025-01-02 07:00:00,1735819200000,222.57,223.0,222.35,222.8,51128.0,222.6713
2025-01-02 07:15:00,1735820100000,222.85,222.87,222.6,222.7,8588.0,222.7352
2025-01-02 07:30:00,1735821000000,222.71,222.85,222.3,222.59,30598.0,222.6265
2025-01-02 07:45:00,1735821900000,222.43,222.88,222.21,222.44,15405.0,222.4711
2025-01-02 08:00:00,1735822800000,222.44,222.9982,221.0,222.35,98572.0,221.5362
2025-01-02 08:15:00,1735823700000,222.35,222.6398,219.39,222.5,29791.0,221.945
2025-01-02 08:30:00,1735824600000,222.5,222.85,222.23,222.85,45879.0,222.6159
2025-01-02 08:45:00,1735825500000,222.79,222.8,222.38,222.39,36659.0,222.5645
2025-01-02 09:00:00,1735826400000,222.32,222.54,221.8,222.3,79557.0,222.084
2025-01-02 09:15:00,1735827300000,222.24,222.57,221.59,222.56,58996.0,222.1483
2025-01-02 09:30:00,1735828200000,222.03,224.19,220.61,221.13,3895303.0,221.9967
2025-01-02 09:45:00,1735829100000,221.17,224.025,220.98,224.025,1832816.0,222.6652
2025-01-02 10:00:00,1735830000000,224.06,225.15,223.74,224.83,1910398.0,224.2553
2025-01-02 10:15:00,1735830900000,224.855,224.9217,222.5435,223.2539,1478246.0,223.6475
2025-01-02 10:30:00,1735831800000,223.25,223.33,221.7556,222.1,1023147.0,222.5045
2025-01-02 10:45:00,1735832700000,222.1,223.34,221.99,222.68,1222021.0,222.621
2025-01-02 11:00:00,1735833600000,222.7,222.78,221.7103,222.51,911838.0,222.2363
2025-01-02 11:15:00,1735834500000,222.5101,223.35,222.47,222.9816,665162.0,222.8366
2025-01-02 11:30:00,1735835400000,222.95,224.0,222.83,223.42,778085.0,223.3828
2025-01-02 11:45:00,1735836300000,223.42,223.94,222.96,223.0001,734747.0,223.438
2025-01-02 12:00:00,1735837200000,223.035,223.62,222.75,223.435,484432.0,223.1203
2025-01-02 12:15:00,1735838100000,223.38,223.42,220.73,220.81,844282.0,221.936
2025-01-02 12:30:00,1735839000000,220.8599,220.8599,218.98,219.11,1372260.0,220.189
2025-01-02 12:45:00,1735839900000,219.14,219.55,218.19,219.32,1297850.0,219.0199
2025-01-02 13:00:00,1735840800000,219.33,219.89,218.765,219.07,904115.0,219.196
2025-01-02 13:15:00,1735841700000,219.085,219.52,218.63,219.5,506840.0,219.1509
2025-01-02 13:30:00,1735842600000,219.49,219.63,218.57,219.5976,679696.0,219.0052
2025-01-02 13:45:00,1735843500000,219.59,219.6196,218.64,219.1938,564984.0,218.998
2025-01-02 14:00:00,1735844400000,219.19,219.86,219.01,219.495,552961.0,219.4756
2025-01-02 14:15:00,1735845300000,219.52,220.0,219.37,219.85,553609.0,219.7223
2025-01-02 14:30:00,1735846200000,219.825,219.9699,219.35,219.63,591500.0,219.681
2025-01-02 14:45:00,1735847100000,219.64,220.41,219.28,219.66,866329.0,219.9094
2025-01-02 15:00:00,1735848000000,219.655,220.76,219.655,220.54,611062.0,220.2511
2025-01-02 15:15:00,1735848900000,220.53,220.63,220.0433,220.2648,587700.0,220.3816
2025-01-02 15:30:00,1735849800000,220.31,220.73,219.78,219.835,819545.0,220.1724
2025-01-02 15:45:00,1735850700000,219.84,220.38,219.76,220.25,2009348.0,220.1346
2025-01-02 16:00:00,1735851600000,220.22,220.3312,220.02,220.2,1165567.0,220.2163
2025-01-02 16:15:00,1735852500000,220.2,220.45,220.18,220.25,16812.0,220.2868
2025-01-02 16:30:00,1735853400000,220.3,220.3595,220.24,220.24,11945.0,220.2513
2025-01-02 16:45:00,1735854300000,220.21,220.28,220.13,220.23,9820.0,220.2084
2025-01-02 17:00:00,1735855200000,220.2699,220.27,220.1315,220.2,5220.0,220.233
2025-01-02 17:15:00,1735856100000,220.22,220.2481,220.0608,220.0608,5866.0,220.1577
2025-01-02 17:30:00,1735857000000,220.13,220.13,219.88,220.0,7027.0,219.9098
2025-01-02 17:45:00,1735857900000,220.01,220.15,220.0,220.15,10474.0,220.0575
2025-01-02 18:00:00,1735858800000,220.15,220.15,219.96,220.0,8396.0,220.0169
2025-01-02 18:15:00,1735859700000,220.15,220.15,219.9,219.9,1861.0,220.0055
2025-01-02 18:30:00,1735860600000,219.73,219.9153,219.65,219.65,5503.0,219.7362
2025-01-02 18:45:00,1735861500000,219.74,219.86,219.6005,219.81,4367.0,219.7032
2025-01-02 19:00:00,1735862400000,219.94,220.45,219.86,220.45,11930.0,220.1616
2025-01-02 19:15:00,1735863300000,220.38,221.0,220.38,220.94,20403.0,220.6386
2025-01-02 19:30:00,1735864200000,220.97,220.97,220.86,220.94,6590.0,220.914
2025-01-02 19:45:00,1735865100000,220.9499,221.13,220.78,220.95,14298.0,220.9208
2025-01-03 04:00:00,1735894800000,221.52,222.01,221.33,222.01,5065.0,221.634
2025-01-03 04:15:00,1735895700000,222.0,222.26,222.0,222.26,8803.0,222.1283
2025-01-03 04:30:00,1735896600000,222.17,222.24,222.08,222.24,3811.0,222.1537
2025-01-03 04:45:00,1735897500000,222.15,222.15,222.0,222.0,3702.0,222.0648
2025-01-03 05:00:00,1735898400000,221.83,221.88,221.61,221.8,8551.0,221.7439
2025-01-03 05:15:00,1735899300000,221.81,221.87,221.7,221.7,3187.0,221.7519
2025-01-03 05:30:00,1735900200000,221.74,221.77,221.66,221.77,2425.0,221.7292
2025-01-03 05:45:00,1735901100000,221.74,221.74,221.61,221.61,1202.0,221.6859
2025-01-03 06:00:00,1735902000000,221.51,221.51,221.5,221.5,3055.0,221.5121
2025-01-03 06:15:00,1735902900000,221.55,221.61,221.55,221.6,1792.0,221.589
2025-01-03 06:30:00,1735903800000,221.59,221.59,221.59,221.59,267.0,221.5852
2025-01-03 06:45:00,1735904700000,221.49,221.49,221.41,221.49,1530.0,221.4619
2025-01-03 07:00:00,1735905600000,221.49,221.49,221.17,221.18,8923.0,221.3226
2025-01-03 07:15:00,1735906500000,221.15,221.17,221.01,221.11,6642.0,221.0876
2025-01-03 07:30:00,1735907400000,221.3,221.3,221.19,221.3,4002.0,221.2749
2025-01-03 07:45:00,1735908300000,221.3,221.7,221.3,221.65,5845.0,221.5736
2025-01-03 08:00:00,1735909200000,221.2111,221.91,221.0,221.73,54566.0,221.4443
2025-01-03 08:15:00,1735910100000,221.66,222.0,221.6225,221.89,23570.0,221.8154
2025-01-03 08:30:00,1735911000000,221.89,221.92,221.65,221.78,87751.0,220.6001
2025-01-03 08:45:00,1735911900000,221.8005,221.81,221.3781,221.3781,22163.0,221.5957
2025-01-03 09:00:00,1735912800000,221.3812,221.64,221.27,221.58,22607.0,221.4184
2025-01-03 09:15:00,1735913700000,221.6,222.52,221.1,222.43,108747.0,221.7831
2025-01-03 09:30:00,1735914600000,222.505,225.1262,222.0,225.08,2701966.0,223.8258
2025-01-03 09:45:00,1735915500000,225.09,225.36,223.6,224.19,1383066.0,224.4039
2025-01-03 10:00:00,1735916400000,224.18,224.37,222.385,222.52,1274551.0,223.4503
2025-01-03 10:15:00,1735917300000,222.51,222.78,221.62,222.347,1192082.0,222.1625
2025-01-03 10:30:00,1735918200000,222.33,223.39,221.83,223.12,850884.0,222.7607
2025-01-03 10:45:00,1735919100000,223.1,223.16,222.35,222.78,665655.0,222.7451
2025-01-03 11:00:00,1735920000000,222.75,223.05,222.21,222.815,671045.0,222.6284
2025-01-03 11:15:00,1735920900000,222.78,223.59,222.67,223.59,694214.0,223.1686
2025-01-03 11:30:00,1735921800000,223.59,224.615,223.525,224.55,797694.0,224.1468
2025-01-03 11:45:00,1735922700000,224.56,224.74,224.26,224.37,581476.0,224.5503
2025-01-03 12:00:00,1735923600000,224.37,224.75,224.1,224.1001,453669.0,224.4602
2025-01-03 12:15:00,1735924500000,224.147,224.49,223.79,223.98,551241.0,224.1216
2025-01-03 12:30:00,1735925400000,224.0,224.18,223.62,223.65,413717.0,223.9498
2025-01-03 12:45:00,1735926300000,223.6362,223.8,223.3901,223.43,381389.0,223.6072
2025-01-03 13:00:00,1735927200000,223.43,223.55,223.113,223.29,2689871.0,223.2617
2025-01-03 13:15:00,1735928100000,223.2967,223.88,223.265,223.79,382862.0,223.5812
2025-01-03 13:30:00,1735929000000,223.815,224.3,223.713,224.1655,531307.0,223.9895
2025-01-03 13:45:00,1735929900000,224.18,224.28,223.5359,223.55,374525.0,223.9129
2025-01-03 14:00:00,1735930800000,223.55,223.93,223.4322,223.865,355883.0,223.7883
2025-01-03 14:15:00,1735931700000,223.87,224.245,223.84,224.24,362303.0,223.9874
2025-01-03 14:30:00,1735932600000,224.24,224.5,224.1901,224.25,493229.0,224.3597
2025-01-03 14:45:00,1735933500000,224.26,224.39,223.95,223.99,328453.0,224.1186
2025-01-03 15:00:00,1735934400000,223.98,223.98,223.63,223.77,450536.0,223.8085
2025-01-03 15:15:00,1735935300000,223.74,223.92,223.62,223.84,488894.0,223.7677
2025-01-03 15:30:00,1735936200000,223.81,223.81,223.44,223.57,605404.0,223.6176
2025-01-03 15:45:00,1735937100000,223.58,224.39,223.36,224.13,2119156.0,224.024
2025-01-03 16:00:00,1735938000000,224.19,224.2199,223.88,224.01,198157.0,224.1778
2025-01-03 16:15:00,1735938900000,224.01,224.12,223.88,223.91,16431.0,224.0204
2025-01-03 16:30:00,1735939800000,223.95,224.19,223.95,224.19,3521.0,224.1104
2025-01-03 16:45:00,1735940700000,224.01,224.04,223.9182,224.04,6555.0,223.9629
2025-01-03 17:00:00,1735941600000,223.98,224.0,223.93,224.0,2462.0,223.9818
2025-01-03 17:15:00,1735942500000,224.0391,224.07,224.0,224.07,1588.0,224.0355
2025-01-03 17:30:00,1735943400000,224.11,224.11,224.1,224.1,1162.0,224.0921
2025-01-03 17:45:00,1735944300000,224.1193,224.12,224.05,224.1189,1921.0,224.1078
2025-01-03 18:00:00,1735945200000,224.12,224.12,224.0924,224.0924,5988.0,224.1174
2025-01-03 18:15:00,1735946100000,224.14,224.14,224.13,224.13,762.0,224.1329
2025-01-03 18:30:00,1735947000000,224.13,224.14,224.09,224.09,12977.0,224.1063
2025-01-03 18:45:00,1735947900000,224.15,224.18,224.08,224.1007,1721.0,224.1241
2025-01-03 19:00:00,1735948800000,224.16,224.2,224.1011,224.18,4089.0,224.1723
2025-01-03 19:15:00,1735949700000,224.1299,224.2,224.12,224.2,1345.0,224.1491
2025-01-03 19:30:00,1735950600000,224.13,224.13,224.13,224.13,105.0,224.134
2025-01-03 19:45:00,1735951500000,224.25,224.25,224.2,224.25,4795.0,224.2307
2025-01-06 04:00:00,1736154000000,225.9,226.0,225.3,225.41,26742.0,225.6876
2025-01-06 04:15:00,1736154900000,225.41,225.99,225.41,225.95,15411.0,225.808
2025-01-06 04:30:00,1736155800000,225.92,226.0,225.57,225.66,3767.0,225.8351
2025-01-06 04:45:00,1736156700000,225.66,225.74,225.65,225.7,7757.0,225.6671
2025-01-06 05:00:00,1736157600000,225.75,225.92,225.7,225.92,4306.0,225.7672
2025-01-06 05:15:00,1736158500000,225.85,226.0,225.85,225.92,4561.0,225.9527
2025-01-06 05:30:00,1736159400000,225.85,226.47,225.85,226.45,10850.0,226.1904
2025-01-06 05:45:00,1736160300000,226.32,226.42,226.26,226.26,6786.0,226.3224
2025-01-06 06:00:00,1736161200000,226.26,226.55,226.0,226.47,14378.0,226.2366
2025-01-06 06:15:00,1736162100000,226.55,226.84,226.45,226.79,8013.0,226.6113
2025-01-06 06:30:00,1736163000000,226.78,226.95,226.78,226.9,5080.0,226.8952
2025-01-06 06:45:00,1736163900000,226.95,226.95,226.56,226.82,8654.0,226.7515
2025-01-06 07:00:00,1736164800000,226.81,226.85,226.03,226.48,36306.0,226.4981
2025-01-06 07:15:00,1736165700000,226.48,226.75,226.25,226.75,25065.0,226.5142
2025-01-06 07:30:00,1736166600000,226.74,226.95,226.74,226.94,43394.0,226.8942
2025-01-06 07:45:00,1736167500000,226.95,226.95,226.83,226.91,46189.0,226.9347
2025-01-06 08:00:00,1736168400000,226.545,227.03,224.75,226.98,676994.0,224.7214
2025-01-06 08:15:00,1736169300000,226.94,226.98,226.59,226.68,33757.0,226.7728
2025-01-06 08:30:00,1736170200000,226.7,227.17,226.6,226.84,49440.0,226.8857
2025-01-06 08:45:00,1736171100000,226.85,227.25,226.69,227.1,18884.0,227.0801
2025-01-06 09:00:00,1736172000000,227.1,227.25,227.0,227.1717,41773.0,227.134
2025-01-06 09:15:00,1736172900000,227.15,227.49,226.0,226.95,119321.0,226.7933
2025-01-06 09:30:00,1736173800000,226.78,227.9,224.84,225.25,3586458.0,226.1826
2025-01-06 09:45:00,1736174700000,225.2499,226.37,225.2499,226.06,1436914.0,225.856
2025-01-06 10:00:00,1736175600000,226.08,226.67,225.43,226.05,1387809.0,226.0629
2025-01-06 10:15:00,1736176500000,226.07,228.12,226.06,227.98,1834502.0,227.2797
2025-01-06 10:30:00,1736177400000,227.995,228.52,227.55,228.23,1142872.0,228.0686
2025-01-06 10:45:00,1736178300000,228.2299,228.835,227.95,228.235,969351.0,228.3239
2025-01-06 11:00:00,1736179200000,228.22,228.55,227.69,228.1268,723167.0,228.1993
2025-01-06 11:15:00,1736180100000,228.115,228.4999,227.89,228.43,807750.0,228.1153
2025-01-06 11:30:00,1736181000000,228.41,228.66,228.0101,228.2886,612510.0,228.3415
2025-01-06 11:45:00,1736181900000,228.3,228.6899,228.08,228.43,524329.0,228.3771
2025-01-06 12:00:00,1736182800000,228.33,228.33,227.81,227.95,520235.0,228.105
2025-01-06 12:15:00,1736183700000,227.95,227.98,227.33,227.5477,457805.0,227.6594
2025-01-06 12:30:00,1736184600000,227.53,227.91,227.2,227.22,535808.0,227.5982
2025-01-06 12:45:00,1736185500000,227.219,227.37,226.77,227.21,700729.0,227.0369
2025-01-06 13:00:00,1736186400000,227.218,227.22,226.66,227.02,425570.0,226.9563
2025-01-06 13:15:00,1736187300000,227.02,227.187,226.8,227.0,299406.0,226.975
2025-01-06 13:30:00,1736188200000,226.99,227.0617,226.54,226.68,407668.0,226.8243
2025-01-06 13:45:00,1736189100000,226.69,226.74,226.14,226.2199,462464.0,226.4476
2025-01-06 14:00:00,1736190000000,226.22,226.29,225.8316,225.97,694491.0,225.997
2025-01-06 14:15:00,1736190900000,225.9699,226.43,225.88,226.31,404105.0,226.2685
2025-01-06 14:30:00,1736191800000,226.31,226.36,226.06,226.35,420626.0,226.2224
2025-01-06 14:45:00,1736192700000,226.34,226.51,225.83,225.8728,454751.0,226.1989
2025-01-06 15:00:00,1736193600000,225.86,226.46,225.74,226.33,439313.0,226.1826
2025-01-06 15:15:00,1736194500000,226.33,226.985,226.26,226.9497,661959.0,226.6476
2025-01-06 15:30:00,1736195400000,226.945,227.34,226.92,227.28,901474.0,227.1296
2025-01-06 15:45:00,1736196300000,227.28,227.71,226.7706,227.61,2127542.0,227.3772
2025-01-06 16:00:00,1736197200000,227.61,228.0,226.78,227.83,1100493.0,227.6172
2025-01-06 16:15:00,1736198100000,227.9,227.9,227.61,227.7218,19260.0,227.774
2025-01-06 16:30:00,1736199000000,227.7206,227.77,227.61,227.62,9472.0,227.6972
2025-01-06 16:45:00,1736199900000,227.61,227.85,227.61,227.78,12906.0,227.6997
2025-01-06 17:00:00,1736200800000,227.8499,227.8499,227.64,227.64,10454.0,227.7122
2025-01-06 17:15:00,1736201700000,227.63,227.68,227.61,227.67,4206.0,227.6309
2025-01-06 17:30:00,1736202600000,227.6996,227.71,227.68,227.7,2526.0,227.6987
2025-01-06 17:45:00,1736203500000,227.77,227.8,227.64,227.64,2652.0,227.729
2025-01-06 18:00:00,1736204400000,227.6207,227.73,227.6207,227.73,4132.0,227.7023
2025-01-06 18:15:00,1736205300000,227.71,227.71,227.65,227.7,702.0,227.6916
2025-01-06 18:30:00,1736206200000,227.66,227.7,227.61,227.7,5143.0,227.6497
2025-01-06 18:45:00,1736207100000,227.7,227.76,227.61,227.61,1862.0,227.6777
2025-01-06 19:00:00,1736208000000,227.69,227.69,227.61,227.65,2313.0,227.6353
2025-01-06 19:15:00,1736208900000,227.61,227.65,227.61,227.64,1431.0,227.6269
2025-01-06 19:30:00,1736209800000,227.61,227.7619,227.61,227.72,2951.0,227.6712
2025-01-06 19:45:00,1736210700000,227.699,227.8,227.63,227.7,3283.0,227.6842
2025-01-07 04:00:00,1736240400000,227.35,227.62,226.78,226.78,10638.0,227.3079
2025-01-07 04:15:00,1736241300000,226.61,227.09,226.61,227.09,2720.0,226.9174
2025-01-07 04:30:00,1736242200000,227.08,227.08,226.93,227.05,3566.0,227.0116
2025-01-07 04:45:00,1736243100000,226.97,226.97,226.58,226.85,5247.0,226.8031
2025-01-07 05:00:00,1736244000000,226.74,227.1,226.69,227.1,2776.0,226.8387
2025-01-07 05:15:00,1736244900000,227.01,227.24,227.0,227.24,2757.0,227.1511
2025-01-07 05:30:00,1736245800000,227.32,227.32,227.32,227.32,213.0,227.3153
2025-01-07 05:45:00,1736246700000,227.34,227.37,227.22,227.37,5111.0,227.2483
2025-01-07 06:00:00,1736247600000,227.42,227.44,227.35,227.35,5527.0,227.3729
2025-01-07 06:15:00,1736248500000,227.35,227.35,227.23,227.35,2706.0,227.31
2025-01-07 06:30:00,1736249400000,227.29,227.42,227.29,227.41,5277.0,227.3611
2025-01-07 06:45:00,1736250300000,227.37,227.4,227.17,227.19,4478.0,227.2418
2025-01-07 07:00:00,1736251200000,227.3,227.5,227.1,227.47,15261.0,227.3048
2025-01-07 07:15:00,1736252100000,227.44,227.61,227.42,227.51,16172.0,227.5048
2025-01-07 07:30:00,1736253000000,227.6,227.9,227.6,227.9,8690.0,227.7832
2025-01-07 07:45:00,1736253900000,227.87,227.95,227.75,227.78,3521.0,227.8715
2025-01-07 08:00:00,1736254800000,227.48,228.0,227.04,227.87,74646.0,227.5949
2025-01-07 08:15:00,1736255700000,227.87,228.0,227.8,227.89,9651.0,227.9185
2025-01-07 08:30:00,1736256600000,227.92,227.96,227.79,227.82,27563.0,227.8963
2025-01-07 08:45:00,1736257500000,227.8125,227.92,227.77,227.82,10282.0,227.8268
2025-01-07 09:00:00,1736258400000,227.84,228.18,227.84,228.0083,41768.0,228.018
2025-01-07 09:15:00,1736259300000,228.14,228.7498,227.81,227.84,83290.0,228.3618
2025-01-07 09:30:00,1736260200000,227.9,228.381,225.8301,226.6,2430379.0,227.1668
2025-01-07 09:45:00,1736261100000,226.6,227.0,225.86,225.94,1228087.0,226.2688
2025-01-07 10:00:00,1736262000000,225.94,225.94,223.78,224.33,1700443.0,224.7073
2025-01-07 10:15:00,1736262900000,224.31,224.83,223.9,224.07,902899.0,224.3372
2025-01-07 10:30:00,1736263800000,224.0,224.11,222.1401,222.625,1358113.0,222.9035
2025-01-07 10:45:00,1736264700000,222.58,223.94,222.18,223.92,960355.0,222.8662
2025-01-07 11:00:00,1736265600000,223.94,224.12,223.35,223.69,865943.0,223.7465
2025-01-07 11:15:00,1736266500000,223.67,224.28,223.39,223.985,621658.0,223.7857
2025-01-07 11:30:00,1736267400000,223.97,224.18,223.24,223.6,553120.0,223.7203
2025-01-07 11:45:00,1736268300000,223.61,223.92,222.82,222.92,488986.0,223.343
2025-01-07 12:00:00,1736269200000,222.94,223.25,222.79,223.22,376338.0,223.0149
2025-01-07 12:15:00,1736270100000,223.2,223.32,222.65,222.92,460630.0,222.9925
2025-01-07 12:30:00,1736271000000,222.94,223.3,222.63,222.68,441204.0,222.885
2025-01-07 12:45:00,1736271900000,222.69,223.11,222.43,222.98,427465.0,222.7576
2025-01-07 13:00:00,1736272800000,222.97,223.38,222.93,223.335,418939.0,223.1968
2025-01-07 13:15:00,1736273700000,223.33,223.77,223.13,223.409,505716.0,223.4617
2025-01-07 13:30:00,1736274600000,223.39,223.39,222.94,223.02,366213.0,223.1438
2025-01-07 13:45:00,1736275500000,223.04,223.33,222.92,223.065,330520.0,223.1228
2025-01-07 14:00:00,1736276400000,223.0622,223.43,223.04,223.22,411066.0,223.232
2025-01-07 14:15:00,1736277300000,223.2,223.36,222.985,223.34,493326.0,223.1762
2025-01-07 14:30:00,1736278200000,223.32,223.3401,222.53,223.0,620327.0,222.935
2025-01-07 14:45:00,1736279100000,222.9731,223.06,222.54,222.65,334545.0,222.7447
2025-01-07 15:00:00,1736280000000,222.635,222.675,222.0,222.09,648670.0,222.3272
2025-01-07 15:15:00,1736280900000,222.095,222.17,221.74,221.9085,785506.0,221.9575
2025-01-07 15:30:00,1736281800000,221.89,222.34,221.46,221.85,1006084.0,221.8602
2025-01-07 15:45:00,1736282700000,221.87,222.315,221.733,222.08,1994113.0,222.0708
2025-01-07 16:00:00,1736283600000,222.11,222.44,222.11,222.44,657325.0,222.119
2025-01-07 16:15:00,1736284500000,222.42,222.48,222.11,222.13,9490.0,222.3649
2025-01-07 16:30:00,1736285400000,222.35,222.5,222.11,222.5,575023.0,222.1165
2025-01-07 16:45:00,1736286300000,222.53,222.54,222.35,222.4985,10506.0,222.4034
2025-01-07 17:00:00,1736287200000,222.5,222.5,222.4,222.41,4884.0,222.4023
2025-01-07 17:15:00,1736288100000,222.41,222.44,222.4,222.4,2521.0,222.4145
2025-01-07 17:30:00,1736289000000,222.516,222.516,222.34,222.34,7929.0,222.4167
2025-01-07 17:45:00,1736289900000,222.34,222.4039,222.24,222.38,3573.0,222.3176
2025-01-07 18:00:00,1736290800000,222.29,222.29,222.15,222.15,6946.0,222.1721
2025-01-07 18:15:00,1736291700000,222.21,222.3,222.15,222.2106,4987.0,222.2049
2025-01-07 18:30:00,1736292600000,222.2,222.33,222.2,222.22,2717.0,222.2364
2025-01-07 18:45:00,1736293500000,222.2208,222.37,222.22,222.37,2557.0,222.3195
2025-01-07 19:00:00,1736294400000,222.3053,222.48,222.25,222.45,3697.0,222.3799
2025-01-07 19:15:00,1736295300000,222.36,222.4999,222.35,222.48,3228.0,222.3967
2025-01-07 19:30:00,1736296200000,222.362,222.5,222.362,222.4,5423.0,222.4176
2025-01-07 19:45:00,1736297100000,222.47,222.5,222.3615,222.3615,9155.0,222.4659
2025-01-08 04:00:00,1736326800000,222.95,223.15,222.87,223.06,5143.0,223.0285
2025-01-08 04:15:00,1736327700000,223.11,223.11,222.94,222.94,4732.0,223.0019
2025-01-08 04:30:00,1736328600000,223.18,223.22,223.11,223.16,3085.0,223.1605
2025-01-08 04:45:00,1736329500000,222.92,223.22,222.92,223.22,3286.0,223.0721
2025-01-08 05:00:00,1736330400000,223.27,223.41,223.27,223.4,1687.0,223.3323
2025-01-08 05:15:00,1736331300000,223.41,223.41,223.3,223.31,1826.0,223.3599
2025-01-08 05:30:00,1736332200000,223.3,223.3,223.08,223.08,1984.0,223.2297
2025-01-08 05:45:00,1736333100000,223.05,223.19,223.05,223.19,873.0,223.1226
2025-01-08 06:00:00,1736334000000,223.18,223.19,223.18,223.19,565.0,223.1879
2025-01-08 06:15:00,1736334900000,223.26,223.26,222.71,222.71,5833.0,223.0497
2025-01-08 06:30:00,1736335800000,222.79,222.82,221.46,221.98,32834.0,221.9665
2025-01-08 06:45:00,1736336700000,221.79,222.41,221.79,222.4,5045.0,222.0901
2025-01-08 07:00:00,1736337600000,222.6,222.65,221.88,222.03,9272.0,222.1399
2025-01-08 07:15:00,1736338500000,221.74,221.88,220.89,220.89,38935.0,221.2237
2025-01-08 07:30:00,1736339400000,220.8,221.43,220.4,221.11,17579.0,220.8445
2025-01-08 07:45:00,1736340300000,221.1,221.1,220.77,220.77,15316.0,220.963
2025-01-08 08:00:00,1736341200000,222.5,223.01,220.3014,221.71,230326.0,221.9272
2025-01-08 08:15:00,1736342100000,221.71,222.23,221.57,222.1714,34279.0,221.9457
2025-01-08 08:30:00,1736343000000,222.1826,222.1826,221.6,221.6958,26175.0,221.9368
2025-01-08 08:45:00,1736343900000,221.69,222.5,221.69,222.5,12184.0,222.0743
2025-01-08 09:00:00,1736344800000,222.55,222.5978,222.0313,222.32,15203.0,222.3097
2025-01-08 09:15:00,1736345700000,222.1,223.75,221.77,223.12,70807.0,222.9451
2025-01-08 09:30:00,1736346600000,223.185,223.21,222.13,222.965,1643629.0,222.7723
2025-01-08 09:45:00,1736347500000,222.95,223.07,221.8501,222.59,1049534.0,222.5816
2025-01-08 10:00:00,1736348400000,222.56,222.82,220.78,220.815,968178.0,221.9412
2025-01-08 10:15:00,1736349300000,220.85,221.25,220.2,220.68,1015411.0,220.7987
2025-01-08 10:30:00,1736350200000,220.66,222.145,220.6333,221.2767,744217.0,221.5467
2025-01-08 10:45:00,1736351100000,221.26,221.763,220.96,221.545,458072.0,221.3559
2025-01-08 11:00:00,1736352000000,221.555,221.615,220.9043,221.21,477657.0,221.2513
2025-01-08 11:15:00,1736352900000,221.2,221.814,221.05,221.53,463954.0,221.5395
2025-01-08 11:30:00,1736353800000,221.525,222.74,221.49,222.385,526568.0,222.1225
2025-01-08 11:45:00,1736354700000,222.371,222.59,222.17,222.36,414519.0,222.4314
2025-01-08 12:00:00,1736355600000,222.36,222.36,221.21,221.25,410583.0,221.8431
2025-01-08 12:15:00,1736356500000,221.26,221.52,220.4401,220.56,525846.0,221.1331
2025-01-08 12:30:00,1736357400000,220.58,221.23,220.32,221.15,433045.0,220.8353
2025-01-08 12:45:00,1736358300000,221.185,221.681,220.695,221.56,422319.0,221.1543
2025-01-08 13:00:00,1736359200000,221.555,222.53,221.5,222.385,388487.0,222.1651
2025-01-08 13:15:00,1736360100000,222.4,223.12,222.36,222.91,494751.0,222.7185
2025-01-08 13:30:00,1736361000000,222.89,223.17,222.565,223.06,639490.0,222.8361
2025-01-08 13:45:00,1736361900000,223.05,223.07,221.64,222.19,468906.0,222.2345
2025-01-08 14:00:00,1736362800000,222.21,222.96,221.9,222.57,528539.0,222.526
2025-01-08 14:15:00,1736363700000,222.58,223.52,222.56,223.35,581044.0,223.0114
2025-01-08 14:30:00,1736364600000,223.34,223.34,221.96,222.1474,461608.0,222.4777
2025-01-08 14:45:00,1736365500000,222.14,222.39,221.8,221.92,444497.0,222.0668
2025-01-08 15:00:00,1736366400000,221.95,222.0361,221.47,221.495,399744.0,221.7711
2025-01-08 15:15:00,1736367300000,221.5,221.97,221.5,221.78,449940.0,221.7994
2025-01-08 15:30:00,1736368200000,221.795,221.89,221.2704,221.73,523834.0,221.5935
2025-01-08 15:45:00,1736369100000,221.725,222.5,221.42,222.15,2012139.0,222.0075
2025-01-08 16:00:00,1736370000000,222.13,222.91,222.05,222.05,551980.0,222.1353
2025-01-08 16:15:00,1736370900000,222.09,222.2,222.07,222.2,19759.0,222.1181
2025-01-08 16:30:00,1736371800000,222.1999,222.1999,221.55,221.98,37099.0,221.9978
2025-01-08 16:45:00,1736372700000,221.8489,222.06,221.8489,222.0,11824.0,221.9659
2025-01-08 17:00:00,1736373600000,221.95,221.9985,221.7,221.76,8986.0,221.8295
2025-01-08 17:15:00,1736374500000,221.7643,221.96,221.7643,221.954,2679.0,220.7209
2025-01-08 17:30:00,1736375400000,221.95,221.98,221.8,221.9,6058.0,221.8685
2025-01-08 17:45:00,1736376300000,221.85,221.86,221.6148,221.62,4270.0,221.6814
2025-01-08 18:00:00,1736377200000,221.5,221.86,221.5,221.84,1013.0,221.7401
2025-01-08 18:15:00,1736378100000,221.85,221.87,221.6,221.7,3167.0,221.7713
2025-01-08 18:30:00,1736379000000,221.79,221.86,221.79,221.86,1417.0,221.8346
2025-01-08 18:45:00,1736379900000,221.85,221.87,221.71,221.87,1557.0,221.8108
2025-01-08 19:00:00,1736380800000,221.7465,221.75,221.6703,221.75,2040.0,221.709
2025-01-08 19:15:00,1736381700000,221.67,221.7,221.5,221.55,1826.0,221.6553
2025-01-08 19:30:00,1736382600000,221.51,221.62,221.07,221.35,4523.0,221.3271
2025-01-08 19:45:00,1736383500000,221.39,221.47,221.21,221.4,4200.0,221.3696
2025-01-10 04:00:00,1736499600000,221.4,221.4,220.99,221.19,7770.0,221.0709
2025-01-10 04:15:00,1736500500000,221.2,221.28,221.16,221.2,3025.0,221.2105
2025-01-10 04:30:00,1736501400000,221.26,221.3,221.2,221.2,2324.0,221.2363
2025-01-10 04:45:00,1736502300000,221.16,221.24,221.02,221.24,4137.0,221.1326
2025-01-10 05:00:00,1736503200000,221.28,221.35,221.27,221.34,2751.0,221.2911
2025-01-10 05:15:00,1736504100000,221.29,221.31,221.29,221.31,218.0,221.3006
2025-01-10 05:30:00,1736505000000,221.31,221.55,221.3,221.37,3425.0,221.431
2025-01-10 05:45:00,1736505900000,221.45,221.45,221.45,221.45,328.0,221.4428
2025-01-10 06:00:00,1736506800000,221.99,222.0,221.99,222.0,1077.0,221.9949
2025-01-10 06:15:00,1736507700000,222.1,222.1,221.85,221.99,2286.0,221.9853
2025-01-10 06:30:00,1736508600000,221.86,221.86,221.86,221.86,479.0,221.8624
2025-01-10 06:45:00,1736509500000,221.9,221.9,221.9,221.9,206.0,221.9075
2025-01-10 07:00:00,1736510400000,221.5,221.59,221.02,221.08,10785.0,221.3311
2025-01-10 07:15:00,1736511300000,221.38,221.4,221.21,221.3,3735.0,221.2979
2025-01-10 07:30:00,1736512200000,221.41,221.81,221.39,221.62,3588.0,221.654
2025-01-10 07:45:00,1736513100000,221.52,221.68,221.52,221.68,1766.0,221.5972
2025-01-10 08:00:00,1736514000000,221.54,222.0,221.0087,221.5192,40589.0,221.451
2025-01-10 08:15:00,1736514900000,221.37,221.6338,221.032,221.44,18018.0,221.2593
2025-01-10 08:30:00,1736515800000,221.33,221.33,219.0601,220.29,179509.0,220.0362
2025-01-10 08:45:00,1736516700000,220.25,220.8,220.24,220.58,74155.0,220.4399
2025-01-10 09:00:00,1736517600000,220.4,221.08,220.4,220.9025,49250.0,220.784
2025-01-10 09:15:00,1736518500000,220.97,221.7,220.8,221.7,142280.0,221.0773
2025-01-10 09:30:00,1736519400000,221.46,221.71,218.65,219.14,3748805.0,220.2735
2025-01-10 09:45:00,1736520300000,219.17,219.255,217.52,218.25,2032196.0,218.2549
2025-01-10 10:00:00,1736521200000,218.22,218.22,216.5,217.22,1889649.0,217.0321
2025-01-10 10:15:00,1736522100000,217.21,218.43,217.06,218.305,1268242.0,217.5975
2025-01-10 10:30:00,1736523000000,218.325,219.09,217.9,218.8241,1248423.0,218.5761
2025-01-10 10:45:00,1736523900000,218.8241,219.69,218.16,218.31,1134340.0,219.0403
2025-01-10 11:00:00,1736524800000,218.3569,218.49,217.31,217.38,919446.0,217.6955
2025-01-10 11:15:00,1736525700000,217.38,218.1,217.2,217.78,997817.0,217.5876
2025-01-10 11:30:00,1736526600000,217.76,218.155,217.16,218.1,709084.0,217.6953
2025-01-10 11:45:00,1736527500000,218.1,218.3299,217.16,217.18,710067.0,217.6818
2025-01-10 12:00:00,1736528400000,217.18,217.3499,216.96,217.31,770847.0,217.1305
2025-01-10 12:15:00,1736529300000,217.31,217.79,217.175,217.66,688925.0,217.4422
2025-01-10 12:30:00,1736530200000,217.65,218.78,217.65,218.75,606654.0,218.1229
2025-01-10 12:45:00,1736531100000,218.73,218.9498,218.45,218.81,538900.0,218.7145
2025-01-10 13:00:00,1736532000000,218.8,219.525,218.55,219.22,599329.0,219.1152
2025-01-10 13:15:00,1736532900000,219.225,220.21,219.12,219.9086,683448.0,219.7074
2025-01-10 13:30:00,1736533800000,219.93,220.2997,219.5601,220.02,646995.0,219.9909
2025-01-10 13:45:00,1736534700000,220.03,220.79,219.89,220.74,588399.0,220.3399
2025-01-10 14:00:00,1736535600000,220.745,220.8399,219.47,219.65,1395086.0,220.2769
2025-01-10 14:15:00,1736536500000,219.6601,220.09,219.12,219.9926,555945.0,219.6366
2025-01-10 14:30:00,1736537400000,220.0,220.0,219.32,219.46,568717.0,219.6052
2025-01-10 14:45:00,1736538300000,219.45,219.92,219.25,219.66,558548.0,219.5364
2025-01-10 15:00:00,1736539200000,219.66,219.92,219.03,219.12,689539.0,219.5523
2025-01-10 15:15:00,1736540100000,219.119,219.225,218.61,218.94,848336.0,218.9008
2025-01-10 15:30:00,1736541000000,218.93,219.26,218.54,219.03,995846.0,218.8866
2025-01-10 15:45:00,1736541900000,219.02,219.54,218.35,218.89,2365552.0,219.0016
2025-01-10 16:00:00,1736542800000,218.94,219.075,218.623,218.8,728707.0,218.9369
2025-01-10 16:15:00,1736543700000,218.94,218.94,218.69,218.78,5228.0,218.8698
2025-01-10 16:30:00,1736544600000,218.7699,218.77,218.5,218.551,12254.0,218.606
2025-01-10 16:45:00,1736545500000,218.65,218.94,218.55,218.59,14992.0,218.7807
2025-01-10 17:00:00,1736546400000,218.581,218.62,218.48,218.51,13502.0,218.5543
2025-01-10 17:15:00,1736547300000,218.51,218.64,218.51,218.635,4281.0,218.553
2025-01-10 17:30:00,1736548200000,218.58,218.8436,218.58,218.64,8008.0,218.657
2025-01-10 17:45:00,1736549100000,218.75,218.75,218.5,218.5,1163.0,218.5659
2025-01-10 18:00:00,1736550000000,218.51,218.8352,218.5002,218.6,21790.0,218.6002
2025-01-10 18:15:00,1736550900000,218.6,218.63,218.58,218.58,2148.0,218.6033
2025-01-10 18:30:00,1736551800000,218.52,218.55,218.51,218.55,3149.0,218.2022
2025-01-10 18:45:00,1736552700000,218.5138,218.6,218.4014,218.6,3687.0,218.4868
2025-01-10 19:00:00,1736553600000,218.59,218.66,218.55,218.6,2129.0,218.5733
2025-01-10 19:15:00,1736554500000,218.59,218.6,218.59,218.6,390.0,218.5869
2025-01-10 19:30:00,1736555400000,218.7,218.7,218.6,218.64,3210.0,218.6523
2025-01-10 19:45:00,1736556300000,218.64,218.66,218.4747,218.5,6684.0,218.573
2025-01-13 04:00:00,1736758800000,217.73,218.3,215.55,216.11,30872.0,216.1382
2025-01-13 04:15:00,1736759700000,216.0,216.1,215.76,215.85,14112.0,215.8956
2025-01-13 04:30:00,1736760600000,215.87,216.1,215.83,215.83,5041.0,215.9745
2025-01-13 04:45:00,1736761500000,215.98,215.98,215.65,215.68,4205.0,215.731
2025-01-13 05:00:00,1736762400000,215.76,215.93,215.72,215.93,2187.0,215.7897
2025-01-13 05:15:00,1736763300000,216.18,216.2,216.12,216.2,2061.0,216.1914
2025-01-13 05:30:00,1736764200000,216.25,216.4,216.23,216.4,4087.0,216.3095
2025-01-13 05:45:00,1736765100000,216.42,216.45,216.19,216.19,3907.0,216.3463
2025-01-13 06:00:00,1736766000000,216.21,216.59,216.21,216.35,10168.0,216.4386
2025-01-13 06:15:00,1736766900000,216.49,216.65,216.45,216.45,3521.0,216.5038
2025-01-13 06:30:00,1736767800000,216.43,216.51,216.4,216.51,2648.0,216.456
2025-01-13 06:45:00,1736768700000,216.31,216.54,216.31,216.47,8403.0,216.4646
2025-01-13 07:00:00,1736769600000,216.54,216.75,216.47,216.54,51800.0,216.4903
2025-01-13 07:15:00,1736770500000,216.55,217.36,216.48,217.2,23149.0,216.884
2025-01-13 07:30:00,1736771400000,217.19,217.45,217.11,217.38,18824.0,217.239
2025-01-13 07:45:00,1736772300000,217.38,217.6,217.24,217.3,24865.0,217.3564
2025-01-13 08:00:00,1736773200000,216.6,217.6891,216.47,217.21,80707.0,217.0598
2025-01-13 08:15:00,1736774100000,217.3399,217.75,217.24,217.52,32353.0,217.468
2025-01-13 08:30:00,1736775000000,217.43,218.1637,217.43,217.87,36772.0,217.8654
2025-01-13 08:45:00,1736775900000,217.77,217.89,217.53,217.58,32564.0,217.7167
2025-01-13 09:00:00,1736776800000,217.615,217.615,217.01,217.06,45112.0,217.3518
2025-01-13 09:15:00,1736777700000,217.39,218.34,217.3,218.33,68932.0,217.8233
2025-01-13 09:30:00,1736778600000,218.06,218.76,216.47,217.29,2674644.0,217.5183
2025-01-13 09:45:00,1736779500000,217.29,219.4,216.72,218.365,1428321.0,218.0885
2025-01-13 10:00:00,1736780400000,218.36,218.9299,217.54,217.8112,879129.0,218.2129
2025-01-13 10:15:00,1736781300000,217.79,218.38,217.37,217.47,764312.0,217.8854
2025-01-13 10:30:00,1736782200000,217.49,219.1,217.465,218.984,890607.0,218.2759
2025-01-13 10:45:00,1736783100000,218.995,219.2,217.58,217.635,799254.0,218.5025
2025-01-13 11:00:00,1736784000000,217.64,217.9464,217.14,217.59,689726.0,217.476
2025-01-13 11:15:00,1736784900000,217.5763,217.7,216.94,217.03,712641.0,217.1759
2025-01-13 11:30:00,1736785800000,217.02,217.855,217.01,217.855,554720.0,217.3552
2025-01-13 11:45:00,1736786700000,217.86,217.875,216.82,216.86,552455.0,217.3756
2025-01-13 12:00:00,1736787600000,216.85,217.6,216.61,217.56,656145.0,217.0164
2025-01-13 12:15:00,1736788500000,217.56,218.02,217.32,217.8904,591592.0,217.7214
2025-01-13 12:30:00,1736789400000,217.89,218.1,217.55,217.61,534395.0,217.8688
2025-01-13 12:45:00,1736790300000,217.62,218.5,217.55,218.38,437423.0,217.967
2025-01-13 13:00:00,1736791200000,218.38,218.87,218.33,218.85,562950.0,218.6519
2025-01-13 13:15:00,1736792100000,218.865,219.0,218.36,218.96,465833.0,218.6362
2025-01-13 13:30:00,1736793000000,218.97,219.24,218.48,218.64,987296.0,218.7204
2025-01-13 13:45:00,1736793900000,218.64,218.93,218.3784,218.68,498250.0,218.681
2025-01-13 14:00:00,1736794800000,218.67,218.72,217.91,217.9184,562750.0,218.3813
2025-01-13 14:15:00,1736795700000,217.92,218.31,217.6636,218.26,475825.0,217.9417
2025-01-13 14:30:00,1736796600000,218.27,218.79,218.0701,218.65,563220.0,218.3932
2025-01-13 14:45:00,1736797500000,218.64,218.76,218.275,218.74,522035.0,218.4931
2025-01-13 15:00:00,1736798400000,218.73,218.8499,218.49,218.62,439392.0,218.6642
2025-01-13 15:15:00,1736799300000,218.6103,219.02,218.415,218.55,604609.0,218.735
2025-01-13 15:30:00,1736800200000,218.57,218.75,218.25,218.31,591527.0,218.4964
2025-01-13 15:45:00,1736801100000,218.33,218.86,218.09,218.5,1830964.0,218.4927
2025-01-13 16:00:00,1736802000000,218.46,218.6992,218.15,218.4399,913523.0,218.4476
2025-01-13 16:15:00,1736802900000,218.4397,218.52,218.2906,218.45,43249.0,218.3767
2025-01-13 16:30:00,1736803800000,218.38,218.45,218.3,218.44,20049.0,218.3554
2025-01-13 16:45:00,1736804700000,218.5,219.0,218.32,218.63,25598.0,218.544
2025-01-13 17:00:00,1736805600000,218.55,218.64,218.41,218.53,6796.0,218.5408
2025-01-13 17:15:00,1736806500000,218.64,218.68,218.52,218.545,43558.0,218.5102
2025-01-13 17:30:00,1736807400000,218.7399,218.8,218.7,218.75,7539.0,218.6162
2025-01-13 17:45:00,1736808300000,218.8,218.8999,218.76,218.835,6020.0,218.6486
2025-01-13 18:00:00,1736809200000,218.9,219.2493,218.9,219.2,12051.0,219.063
2025-01-13 18:15:00,1736810100000,219.2499,219.28,218.78,219.15,16871.0,219.053
2025-01-13 18:30:00,1736811000000,219.18,219.54,219.145,219.45,10956.0,219.4013
2025-01-13 18:45:00,1736811900000,219.4899,219.6,219.27,219.27,14229.0,219.5235
2025-01-13 19:00:00,1736812800000,219.4,219.4199,219.18,219.25,5685.0,219.2949
2025-01-13 19:15:00,1736813700000,219.2601,219.42,219.2601,219.28,8947.0,219.3521
2025-01-13 19:30:00,1736814600000,219.3497,219.3497,219.26,219.2799,3561.0,219.3001
2025-01-13 19:45:00,1736815500000,219.2794,219.4,219.265,219.4,6437.0,219.3412
2025-01-14 04:00:00,1736845200000,220.51,220.51,220.07,220.36,9599.0,220.2245
2025-01-14 04:15:00,1736846100000,220.03,220.54,219.94,219.94,9304.0,220.222
2025-01-14 04:30:00,1736847000000,219.96,220.19,219.96,220.19,2013.0,220.0722
2025-01-14 04:45:00,1736847900000,220.04,220.11,219.92,220.0,4588.0,220.0188
2025-01-14 05:00:00,1736848800000,219.9,220.17,219.9,220.17,2110.0,220.0565
2025-01-14 05:15:00,1736849700000,220.05,220.05,219.88,219.88,2131.0,219.9143
2025-01-14 05:30:00,1736850600000,219.93,219.93,219.93,219.93,137.0,219.9391
2025-01-14 05:45:00,1736851500000,220.05,220.05,219.91,219.96,1035.0,219.9686
2025-01-14 06:00:00,1736852400000,219.74,219.75,219.74,219.75,724.0,219.736
2025-01-14 06:15:00,1736853300000,219.75,219.77,219.49,219.57,6480.0,219.5987
2025-01-14 06:30:00,1736854200000,219.59,219.76,219.57,219.76,1468.0,219.6552
2025-01-14 06:45:00,1736855100000,219.54,219.58,219.46,219.58,2799.0,219.5331
2025-01-14 07:00:00,1736856000000,219.45,219.57,219.01,219.01,15147.0,219.3613
2025-01-14 07:15:00,1736856900000,219.1,219.1,218.6,219.09,14096.0,218.8681
2025-01-14 07:30:00,1736857800000,219.01,219.08,219.0,219.08,5129.0,219.0419
2025-01-14 07:45:00,1736858700000,219.08,219.09,219.0,219.0,19293.0,219.008
2025-01-14 08:00:00,1736859600000,219.51,220.4,218.6012,219.3,73210.0,219.3607
2025-01-14 08:15:00,1736860500000,219.1,219.2475,219.0,219.2375,28445.0,219.1006
2025-01-14 08:30:00,1736861400000,219.24,221.68,219.24,220.27,169328.0,220.7622
2025-01-14 08:45:00,1736862300000,220.32,220.8,220.0412,220.16,59932.0,220.4189
2025-01-14 09:00:00,1736863200000,220.09,220.23,219.6232,220.186,34092.0,219.9823
2025-01-14 09:15:00,1736864100000,220.12,220.89,220.09,220.62,77933.0,220.5001
2025-01-14 09:30:00,1736865000000,220.44,221.75,219.63,221.495,2291221.0,220.706
2025-01-14 09:45:00,1736865900000,221.53,221.82,220.17,220.3,1157772.0,221.0647
2025-01-14 10:00:00,1736866800000,220.31,221.35,219.94,220.86,1222968.0,220.5015
2025-01-14 10:15:00,1736867700000,220.8572,221.2931,220.0972,220.23,731863.0,220.7091
2025-01-14 10:30:00,1736868600000,220.24,220.3799,219.17,219.76,860158.0,219.7285
2025-01-14 10:45:00,1736869500000,219.74,219.84,218.88,218.97,593393.0,219.2742
2025-01-14 11:00:00,1736870400000,218.9773,219.14,218.21,218.44,713629.0,218.6922
2025-01-14 11:15:00,1736871300000,218.41,219.1652,218.21,218.54,637875.0,218.6825
2025-01-14 11:30:00,1736872200000,218.555,218.885,217.74,217.83,662329.0,218.3341
2025-01-14 11:45:00,1736873100000,217.88,218.1299,217.37,217.46,1112437.0,217.8048
2025-01-14 12:00:00,1736874000000,217.43,217.9406,217.1605,217.755,613441.0,217.5012
2025-01-14 12:15:00,1736874900000,217.7624,217.88,217.2,217.3905,438717.0,217.4329
2025-01-14 12:30:00,1736875800000,217.36,217.73,216.56,217.62,605580.0,217.0487
2025-01-14 12:45:00,1736876700000,217.62,217.89,217.37,217.6,382023.0,217.654
2025-01-14 13:00:00,1736877600000,217.5736,218.0,217.48,217.93,427433.0,217.8227
2025-01-14 13:15:00,1736878500000,217.94,218.6,217.825,218.495,436013.0,218.196
2025-01-14 13:30:00,1736879400000,218.5,218.87,218.35,218.7699,465072.0,218.5867
2025-01-14 13:45:00,1736880300000,218.74,219.3899,218.682,219.1456,593734.0,219.0988
2025-01-14 14:00:00,1736881200000,219.145,219.31,218.83,219.03,346933.0,219.0927
2025-01-14 14:15:00,1736882100000,219.02,219.48,219.0001,219.145,525680.0,219.1775
2025-01-14 14:30:00,1736883000000,219.15,219.17,218.66,218.7374,412706.0,218.9817
2025-01-14 14:45:00,1736883900000,218.71,218.8221,217.2308,217.29,520850.0,218.1177
2025-01-14 15:00:00,1736884800000,217.29,217.43,216.2,216.6,857637.0,216.6415
2025-01-14 15:15:00,1736885700000,216.6,217.04,216.55,216.927,638576.0,216.8114
2025-01-14 15:30:00,1736886600000,216.91,217.12,216.38,216.85,671804.0,216.6581
2025-01-14 15:45:00,1736887500000,216.88,217.78,216.82,217.77,1818355.0,217.4274
2025-01-14 16:00:00,1736888400000,217.76,218.47,217.76,218.26,630636.0,217.8003
2025-01-14 16:15:00,1736889300000,218.25,218.5,218.14,218.3322,16139.0,218.3225
2025-01-14 16:30:00,1736890200000,218.38,218.59,218.3466,218.3466,13906.0,218.5072
2025-01-14 16:45:00,1736891100000,218.3985,218.4,218.26,218.26,4788.0,218.1948
2025-01-14 17:00:00,1736892000000,218.26,218.32,218.26,218.32,2325.0,218.3023
2025-01-14 17:15:00,1736892900000,218.4,218.4,217.76,218.2,9590.0,218.2133
2025-01-14 17:30:00,1736893800000,218.2488,218.2488,218.21,218.21,1361.0,218.2371
2025-01-14 17:45:00,1736894700000,218.2,218.2488,218.2,218.2379,2431.0,218.2202
2025-01-14 18:00:00,1736895600000,218.24,218.3,218.2,218.2009,9427.0,218.2271
2025-01-14 18:15:00,1736896500000,218.2,218.24,218.03,218.03,6453.0,218.1898
2025-01-14 18:30:00,1736897400000,218.0313,218.0844,217.76,218.04,2743.0,218.0264
2025-01-14 18:45:00,1736898300000,217.92,218.0799,217.85,217.9002,5818.0,217.9647
2025-01-14 19:00:00,1736899200000,218.0217,218.09,217.94,217.97,3084.0,217.983
2025-01-14 19:15:00,1736900100000,218.1,218.1,217.95,218.1,3536.0,218.0263
2025-01-14 19:30:00,1736901000000,218.08,218.4,218.0551,218.21,7205.0,218.2449
2025-01-14 19:45:00,1736901900000,218.2,218.2,218.0257,218.1245,4709.0,218.1412
2025-01-15 04:00:00,1736931600000,218.3,218.38,218.2,218.35,4433.0,218.29
2025-01-15 04:15:00,1736932500000,218.29,218.35,218.29,218.35,569.0,218.3138
2025-01-15 04:30:00,1736933400000,218.25,218.41,218.25,218.4,761.0,218.312
2025-01-15 05:00:00,1736935200000,218.02,218.12,217.84,217.86,3518.0,217.9271
2025-01-15 05:15:00,1736936100000,217.8,217.85,217.65,217.85,726.0,217.759
2025-01-15 05:30:00,1736937000000,217.86,217.86,217.86,217.86,516.0,217.8685
2025-01-15 05:45:00,1736937900000,218.16,218.35,218.16,218.35,4920.0,218.247
2025-01-15 06:00:00,1736938800000,218.31,218.31,218.31,218.31,222.0,218.3244
2025-01-15 06:15:00,1736939700000,218.39,218.47,218.39,218.43,1577.0,218.433
2025-01-15 06:30:00,1736940600000,218.46,218.52,218.46,218.47,1269.0,218.4816
2025-01-15 06:45:00,1736941500000,218.7,218.7,218.65,218.65,693.0,218.6612
2025-01-15 07:00:00,1736942400000,218.46,218.85,218.42,218.85,7348.0,218.668
2025-01-15 07:15:00,1736943300000,218.86,218.88,218.69,218.78,12618.0,218.7622
2025-01-15 07:30:00,1736944200000,218.87,219.16,218.8,219.15,17667.0,218.9406
2025-01-15 07:45:00,1736945100000,219.2,219.26,219.0,219.04,11104.0,219.1951
2025-01-15 08:00:00,1736946000000,218.6,219.4588,218.22,218.9,161206.0,218.4006
2025-01-15 08:15:00,1736946900000,218.9998,219.23,218.92,219.07,17589.0,219.0434
2025-01-15 08:30:00,1736947800000,219.3,223.1,219.0792,221.89,278095.0,221.7609
2025-01-15 08:45:00,1736948700000,222.0,222.5,221.94,222.25,145460.0,222.2461
2025-01-15 09:00:00,1736949600000,222.21,222.5,222.0,222.08,135978.0,222.2735
2025-01-15 09:15:00,1736950500000,222.06,223.19,222.0,223.06,110851.0,222.5435
2025-01-15 09:30:00,1736951400000,222.83,223.4734,221.75,222.11,3048764.0,222.6225
2025-01-15 09:45:00,1736952300000,222.08,222.97,221.97,222.69,1413170.0,222.547
2025-01-15 10:00:00,1736953200000,222.685,223.44,222.58,223.08,1109669.0,223.0653
2025-01-15 10:15:00,1736954100000,223.03,223.4326,222.97,223.105,952199.0,223.1601
2025-01-15 10:30:00,1736955000000,223.12,223.175,222.15,222.34,982770.0,222.6582
2025-01-15 10:45:00,1736955900000,222.345,222.43,221.46,221.53,822246.0,222.0523
2025-01-15 11:00:00,1736956800000,221.52,222.325,221.48,222.275,793798.0,221.8719
2025-01-15 11:15:00,1736957700000,222.26,222.29,221.72,221.72,496990.0,221.9838
2025-01-15 11:30:00,1736958600000,221.715,221.76,221.02,221.04,840784.0,221.3828
2025-01-15 11:45:00,1736959500000,221.02,221.2799,220.75,220.895,634268.0,220.9895
2025-01-15 12:00:00,1736960400000,220.905,221.53,220.81,221.41,643196.0,221.2548
2025-01-15 12:15:00,1736961300000,221.42,221.6843,221.23,221.52,414052.0,221.4949
2025-01-15 12:30:00,1736962200000,221.515,221.97,221.51,221.86,531204.0,221.8141
2025-01-15 12:45:00,1736963100000,221.8699,222.18,221.52,221.58,712568.0,221.9244
2025-01-15 13:00:00,1736964000000,221.58,222.0,221.56,221.77,475608.0,221.7915
2025-01-15 13:15:00,1736964900000,221.77,222.175,221.7401,222.16,450201.0,222.0254
2025-01-15 13:30:00,1736965800000,222.17,222.5,222.12,222.45,478308.0,222.3131
2025-01-15 13:45:00,1736966700000,222.4598,222.6,222.28,222.38,401737.0,222.4853
2025-01-15 14:00:00,1736967600000,222.38,222.5661,222.26,222.38,418532.0,222.3836
2025-01-15 14:15:00,1736968500000,222.371,222.65,222.215,222.44,541031.0,222.45
2025-01-15 14:30:00,1736969400000,222.44,222.85,222.4,222.54,589447.0,222.6817
2025-01-15 14:45:00,1736970300000,222.57,222.74,222.5,222.67,462880.0,222.6259
2025-01-15 15:00:00,1736971200000,222.69,223.07,222.66,223.06,601797.0,222.8374
2025-01-15 15:15:00,1736972100000,223.0698,223.3,223.01,223.122,739509.0,223.1542
2025-01-15 15:30:00,1736973000000,223.11,223.21,222.89,223.16,798679.0,223.0972
2025-01-15 15:45:00,1736973900000,223.17,223.57,222.72,223.34,2105390.0,223.2418
2025-01-15 16:00:00,1736974800000,223.35,223.4,223.0565,223.1,173436.0,223.3402
2025-01-15 16:15:00,1736975700000,223.1,223.16,222.9401,223.03,18247.0,223.0687
2025-01-15 16:30:00,1736976600000,223.05,223.05,222.911,222.951,6227.0,222.9958
2025-01-15 16:45:00,1736977500000,222.7752,222.94,222.7752,222.938,4189.0,222.8905
2025-01-15 17:00:00,1736978400000,222.9,223.09,222.8605,223.01,6231.0,222.4668
2025-01-15 17:15:00,1736979300000,223.03,223.2,223.03,223.13,19854.0,223.2366
2025-01-15 17:30:00,1736980200000,223.18,223.22,223.18,223.22,2004.0,223.1939
2025-01-15 17:45:00,1736981100000,223.18,223.24,223.1415,223.24,3332.0,223.1902
2025-01-15 18:00:00,1736982000000,223.24,223.2994,223.0144,223.2994,7792.0,223.1655
2025-01-15 18:15:00,1736982900000,223.27,223.3299,223.1488,223.3299,2844.0,223.2634
2025-01-15 18:30:00,1736983800000,223.33,223.85,223.33,223.82,20107.0,223.5407
2025-01-15 18:45:00,1736984700000,223.7,223.8,223.6492,223.78,3555.0,223.7468
2025-01-15 19:00:00,1736985600000,223.7593,223.82,223.6562,223.77,10052.0,223.7662
2025-01-15 19:15:00,1736986500000,223.8,223.89,223.8,223.89,1921.0,223.8522
2025-01-15 19:30:00,1736987400000,223.8827,223.9998,223.86,223.88,6752.0,223.9132
2025-01-15 19:45:00,1736988300000,223.95,223.95,223.65,223.65,11402.0,223.7825
2025-01-16 04:00:00,1737018000000,224.01,225.31,224.01,224.81,18543.0,224.6631
2025-01-16 04:15:00,1737018900000,224.85,224.95,224.5,224.5,6508.0,224.7345
2025-01-16 04:30:00,1737019800000,224.25,224.35,224.05,224.2,5807.0,224.2104
2025-01-16 04:45:00,1737020700000,224.12,224.35,224.12,224.35,3625.0,224.2602
2025-01-16 05:00:00,1737021600000,224.28,224.3,224.1,224.1,2735.0,224.2357
2025-01-16 05:15:00,1737022500000,224.22,224.49,224.22,224.49,1724.0,224.3438
2025-01-16 05:30:00,1737023400000,224.42,224.49,224.24,224.39,4973.0,224.3769
2025-01-16 05:45:00,1737024300000,224.35,224.35,224.21,224.3,2212.0,224.2874
2025-01-16 06:00:00,1737025200000,224.23,224.35,224.21,224.34,2348.0,224.2906
2025-01-16 06:15:00,1737026100000,224.29,224.3,224.17,224.22,4977.0,224.2194
2025-01-16 06:30:00,1737027000000,224.28,224.33,224.28,224.33,1347.0,224.2943
2025-01-16 06:45:00,1737027900000,224.18,224.4,224.18,224.35,5149.0,224.3193
2025-01-16 07:00:00,1737028800000,224.32,224.32,224.01,224.01,13510.0,224.1302
2025-01-16 07:15:00,1737029700000,224.11,224.27,224.05,224.07,12445.0,224.1528
2025-01-16 07:30:00,1737030600000,224.01,224.15,223.98,224.15,5888.0,224.0441
2025-01-16 07:45:00,1737031500000,224.13,224.13,223.87,223.87,9460.0,223.9958
2025-01-16 08:00:00,1737032400000,224.1,225.0,222.792,223.75,68910.0,224.0555
2025-01-16 08:15:00,1737033300000,223.75,224.04,223.75,223.89,13399.0,223.9261
2025-01-16 08:30:00,1737034200000,224.15,224.38,223.74,224.25,31703.0,224.1648
2025-01-16 08:45:00,1737035100000,224.34,224.67,224.3,224.3513,32359.0,224.5067
2025-01-16 09:00:00,1737036000000,224.43,224.5,224.13,224.38,33006.0,224.034
2025-01-16 09:15:00,1737036900000,224.4201,224.59,224.239,224.5,26513.0,224.426
2025-01-16 09:30:00,1737037800000,224.42,224.65,222.66,223.15,1804913.0,223.4983
2025-01-16 09:45:00,1737038700000,223.19,223.64,222.88,223.375,954536.0,223.1492
2025-01-16 10:00:00,1737039600000,223.375,223.6,222.53,222.95,1096047.0,223.0066
2025-01-16 10:15:00,1737040500000,222.9385,223.575,222.84,223.1221,712087.0,223.2433
2025-01-16 10:30:00,1737041400000,223.14,223.4899,222.78,223.255,636369.0,223.167
2025-01-16 10:45:00,1737042300000,223.24,223.56,222.8351,223.56,511687.0,223.201
2025-01-16 11:00:00,1737043200000,223.551,224.51,223.43,224.14,978569.0,224.129
2025-01-16 11:15:00,1737044100000,224.135,224.24,223.35,223.93,595393.0,223.908
2025-01-16 11:30:00,1737045000000,223.95,224.14,222.52,222.67,557203.0,223.275
2025-01-16 11:45:00,1737045900000,222.69,223.13,222.5562,222.82,515705.0,222.824
2025-01-16 12:00:00,1737046800000,222.79,222.875,222.28,222.45,365198.0,222.5655
2025-01-16 12:15:00,1737047700000,222.455,222.575,222.06,222.5135,494962.0,222.323
2025-01-16 12:30:00,1737048600000,222.53,222.62,222.08,222.359,406671.0,222.3444
2025-01-16 12:45:00,1737049500000,222.35,222.46,222.05,222.11,335857.0,222.2688
2025-01-16 13:00:00,1737050400000,222.1,222.32,222.03,222.08,326898.0,222.1702
2025-01-16 13:15:00,1737051300000,222.09,222.14,221.35,221.405,495780.0,221.7773
2025-01-16 13:30:00,1737052200000,221.4,221.41,220.7938,220.8,658896.0,221.0639
2025-01-16 13:45:00,1737053100000,220.81,220.925,220.31,220.539,795688.0,220.5791
2025-01-16 14:00:00,1737054000000,220.53,221.31,220.38,221.1561,512263.0,220.9569
2025-01-16 14:15:00,1737054900000,221.15,221.36,220.74,221.255,509265.0,221.1172
2025-01-16 14:30:00,1737055800000,221.27,221.4,221.09,221.23,388177.0,221.2675
2025-01-16 14:45:00,1737056700000,221.2426,221.85,221.0,221.71,432167.0,221.3937
2025-01-16 15:00:00,1737057600000,221.71,222.02,221.6466,221.8233,374402.0,221.876
2025-01-16 15:15:00,1737058500000,221.835,221.91,221.24,221.38,447606.0,221.521
2025-01-16 15:30:00,1737059400000,221.39,221.61,221.1709,221.32,513125.0,221.395
2025-01-16 15:45:00,1737060300000,221.31,221.35,220.51,220.65,1524199.0,220.855
2025-01-16 16:00:00,1737061200000,220.66,220.66,220.2592,220.2675,2059430.0,220.6588
2025-01-16 16:15:00,1737062100000,220.32,220.41,220.01,220.32,31275.0,220.1573
2025-01-16 16:30:00,1737063000000,220.24,220.4699,220.1,220.4,22005.0,220.3614
2025-01-16 16:45:00,1737063900000,220.281,220.407,220.2009,220.3,10437.0,220.3156
2025-01-16 17:00:00,1737064800000,220.3,220.44,220.27,220.36,13244.0,220.3189
2025-01-16 17:15:00,1737065700000,220.39,220.43,220.36,220.4,2063.0,220.3802
2025-01-16 17:30:00,1737066600000,220.5,220.5,220.3,220.31,8471.0,220.3664
2025-01-16 17:45:00,1737067500000,220.3,220.3,220.25,220.28,3570.0,220.2834
2025-01-16 18:00:00,1737068400000,220.32,220.573,220.3,220.3,8460.0,220.3494
2025-01-16 18:15:00,1737069300000,220.38,220.57,220.3,220.3301,6319.0,220.3654
2025-01-16 18:30:00,1737070200000,220.43,220.5,220.34,220.34,2398.0,220.4227
2025-01-16 18:45:00,1737071100000,220.34,220.4865,220.34,220.4,2585.0,220.4079
2025-01-16 19:00:00,1737072000000,220.4,220.4899,220.34,220.4899,4827.0,220.4128
2025-01-16 19:15:00,1737072900000,220.39,220.49,220.3316,220.49,3425.0,220.3953
2025-01-16 19:30:00,1737073800000,220.3507,220.5,220.3507,220.44,5082.0,220.4329
2025-01-16 19:45:00,1737074700000,220.4699,220.5,220.4025,220.4025,2637.0,220.4524
2025-01-17 04:00:00,1737104400000,221.4,222.24,221.4,222.08,5284.0,222.0223
2025-01-17 04:15:00,1737105300000,222.07,222.18,221.88,222.0,5820.0,222.0046
2025-01-17 04:30:00,1737106200000,221.95,221.95,221.95,221.95,464.0,221.9531
2025-01-17 04:45:00,1737107100000,221.99,221.99,221.92,221.99,1170.0,221.9558
2025-01-17 05:00:00,1737108000000,221.99,221.99,221.73,221.75,2885.0,221.8405
2025-01-17 05:15:00,1737108900000,221.87,221.94,221.87,221.89,945.0,221.8911
2025-01-17 05:30:00,1737109800000,221.89,221.89,221.81,221.87,5792.0,221.8749
2025-01-17 05:45:00,1737110700000,221.94,221.94,221.94,221.94,246.0,221.9329
2025-01-17 06:00:00,1737111600000,221.95,221.97,221.9,221.97,1788.0,221.9431
2025-01-17 06:15:00,1737112500000,221.96,221.99,221.85,221.85,2949.0,221.9282
2025-01-17 06:45:00,1737114300000,221.73,221.8,221.61,221.61,1792.0,221.7122
2025-01-17 07:00:00,1737115200000,221.61,221.8,221.5,221.71,9998.0,221.6374
2025-01-17 07:15:00,1737116100000,221.66,221.99,221.64,221.99,6060.0,221.8442
2025-01-17 07:30:00,1737117000000,221.99,221.99,221.88,221.93,4934.0,221.9222
2025-01-17 07:45:00,1737117900000,221.91,221.94,221.89,221.899,3214.0,221.9073
2025-01-17 08:00:00,1737118800000,221.66,222.3,220.109,222.3,284433.0,220.9578
2025-01-17 08:15:00,1737119700000,222.3,222.85,222.285,222.83,42001.0,222.5663
2025-01-17 08:30:00,1737120600000,222.85,223.38,222.81,223.3,66097.0,223.1039
2025-01-17 08:45:00,1737121500000,223.35,224.25,223.191,224.2,96993.0,223.7752
2025-01-17 09:00:00,1737122400000,224.24,224.99,224.1435,224.73,138983.0,224.5853
2025-01-17 09:15:00,1737123300000,224.69,226.66,224.23,225.85,408588.0,225.5873
2025-01-17 09:30:00,1737124200000,225.84,226.26,223.76,224.2,9387145.0,225.8124
2025-01-17 09:45:00,1737125100000,224.18,224.92,223.71,223.84,1366186.0,224.2931
2025-01-17 10:00:00,1737126000000,223.835,224.6,223.72,223.955,1004659.0,224.1501
2025-01-17 10:15:00,1737126900000,223.97,224.12,223.08,223.82,1004735.0,223.6318
2025-01-17 10:30:00,1737127800000,223.84,224.52,223.74,223.745,1092373.0,224.2063
2025-01-17 10:45:00,1737128700000,223.735,223.96,223.36,223.94,818422.0,223.7196
2025-01-17 11:00:00,1737129600000,223.92,224.6355,223.46,224.53,1194804.0,224.0671
2025-01-17 11:15:00,1737130500000,224.5483,225.58,224.18,225.37,1108047.0,224.9515
2025-01-17 11:30:00,1737131400000,225.374,225.51,224.33,224.555,878067.0,224.8535
2025-01-17 11:45:00,1737132300000,224.56,224.7295,224.3,224.66,531619.0,224.5228
2025-01-17 12:00:00,1737133200000,224.66,224.69,224.2729,224.465,639497.0,224.5088
2025-01-17 12:15:00,1737134100000,224.465,224.97,224.395,224.8,424320.0,224.7416
2025-01-17 12:30:00,1737135000000,224.785,225.0,224.7,224.8,500424.0,224.8314
2025-01-17 12:45:00,1737135900000,224.81,225.02,224.72,224.935,729207.0,224.9242
2025-01-17 13:00:00,1737136800000,224.92,225.62,224.73,225.47,589538.0,225.2283
2025-01-17 13:15:00,1737137700000,225.46,225.85,225.455,225.6506,645106.0,225.7229
2025-01-17 13:30:00,1737138600000,225.635,225.65,225.1296,225.26,597521.0,225.4387
2025-01-17 13:45:00,1737139500000,225.27,225.425,224.87,225.225,535711.0,225.0945
2025-01-17 14:00:00,1737140400000,225.21,225.59,225.185,225.48,787491.0,225.4293
2025-01-17 14:15:00,1737141300000,225.4891,225.8,225.47,225.675,640105.0,225.6973
2025-01-17 14:30:00,1737142200000,225.675,226.065,225.56,225.9985,1253711.0,225.8272
2025-01-17 14:45:00,1737143100000,226.0,226.45,225.97,226.26,1094840.0,226.1381
2025-01-17 15:00:00,1737144000000,226.25,226.4,225.95,226.16,804407.0,226.21
2025-01-17 15:15:00,1737144900000,226.18,226.2874,225.7401,225.77,828516.0,226.0815
2025-01-17 15:30:00,1737145800000,225.77,226.08,225.525,225.7662,2132124.0,225.9817
2025-01-17 15:45:00,1737146700000,225.765,226.51,225.5,225.95,2243852.0,225.8418
2025-01-17 16:00:00,1737147600000,225.94,226.0,225.61,225.9,1050316.0,225.9377
2025-01-17 16:15:00,1737148500000,225.9,225.94,225.5,225.88,84926.0,225.9096
2025-01-17 16:30:00,1737149400000,225.78,225.9,225.5613,225.88,24072.0,225.871
2025-01-17 16:45:00,1737150300000,225.87,225.94,225.8201,225.8201,6734.0,225.8928
2025-01-17 17:00:00,1737151200000,225.8218,225.86,225.8,225.84,5569.0,225.8266
2025-01-17 17:15:00,1737152100000,225.8,225.8378,225.75,225.78,4071.0,225.7908
2025-01-17 17:30:00,1737153000000,225.78,225.8892,225.7636,225.85,3498.0,225.818
2025-01-17 17:45:00,1737153900000,225.8501,225.9,225.8501,225.9,1531.0,225.8802
2025-01-17 18:00:00,1737154800000,225.9,226.02,225.8595,226.02,9846.0,225.9671
2025-01-17 18:15:00,1737155700000,226.03,226.5,226.03,226.35,27439.0,226.322
2025-01-17 18:30:00,1737156600000,226.22,226.35,226.22,226.22,634.0,226.2794
2025-01-17 18:45:00,1737157500000,226.24,226.34,226.24,226.3175,6176.0,226.2885
2025-01-17 19:00:00,1737158400000,226.3,226.3386,226.2424,226.25,3963.0,226.2811
2025-01-17 19:15:00,1737159300000,226.25,226.34,225.94,226.249,51258.0,225.9623
2025-01-17 19:30:00,1737160200000,226.252,226.4,226.252,226.28,4331.0,226.3143
2025-01-17 19:45:00,1737161100000,226.2617,226.4,226.2617,226.39,7650.0,226.3534
2025-01-21 04:00:00,1737450000000,226.56,228.22,226.23,228.18,29334.0,227.6808
2025-01-21 04:15:00,1737450900000,228.16,228.19,227.42,227.61,9201.0,227.7854
2025-01-21 04:30:00,1737451800000,227.88,228.09,227.8,227.9,9430.0,227.9581
2025-01-21 04:45:00,1737452700000,227.84,228.15,227.84,228.09,6882.0,228.0433
2025-01-21 05:00:00,1737453600000,228.2,228.57,228.18,228.33,13759.0,228.3759
2025-01-21 05:15:00,1737454500000,228.2,228.71,228.18,228.5,12389.0,228.4893
2025-01-21 05:30:00,1737455400000,228.56,228.99,228.56,228.9,19084.0,228.7931
2025-01-21 05:45:00,1737456300000,228.84,228.85,228.51,228.51,9004.0,228.6881
2025-01-21 06:00:00,1737457200000,228.52,228.8,228.52,228.77,18397.0,228.7818
2025-01-21 06:15:00,1737458100000,228.75,228.8,228.5,228.52,16365.0,228.6296
2025-01-21 06:30:00,1737459000000,228.49,228.8,228.41,228.8,7119.0,228.6176
2025-01-21 06:45:00,1737459900000,228.79,228.8,228.55,228.59,10153.0,228.6756
2025-01-21 07:00:00,1737460800000,228.57,228.6,227.9,228.43,50638.0,228.2748
2025-01-21 07:15:00,1737461700000,228.45,228.77,228.4,228.75,17574.0,228.6161
2025-01-21 07:30:00,1737462600000,228.74,228.76,228.62,228.69,23095.0,228.7286
2025-01-21 07:45:00,1737463500000,228.65,228.76,228.61,228.75,21968.0,228.7351
2025-01-21 08:00:00,1737464400000,228.0,228.8,225.376,228.78,132494.0,228.4008
2025-01-21 08:15:00,1737465300000,228.78,228.8,228.3,228.3306,49875.0,228.6439
2025-01-21 08:30:00,1737466200000,228.48,228.67,228.3,228.59,33396.0,228.5207
2025-01-21 08:45:00,1737467100000,228.58,228.99,228.572,228.96,68400.0,228.7774
2025-01-21 09:00:00,1737468000000,228.95,229.75,228.95,229.3,1181663.0,226.4179
2025-01-21 09:15:00,1737468900000,229.2599,229.7,228.68,228.91,88201.0,229.1755
2025-01-21 09:30:00,1737469800000,228.9,230.99,228.76,229.59,5060806.0,229.7381
2025-01-21 09:45:00,1737470700000,229.605,229.6179,227.64,228.25,2024459.0,228.6044
2025-01-21 10:00:00,1737471600000,228.25,228.89,226.99,227.0465,1444453.0,227.8752
2025-01-21 10:15:00,1737472500000,227.085,228.4209,226.94,228.38,938838.0,227.854
2025-01-21 10:30:00,1737473400000,228.36,228.575,227.79,228.325,676324.0,228.1471
2025-01-21 10:45:00,1737474300000,228.355,229.0,227.83,228.89,745007.0,228.4602
2025-01-21 11:00:00,1737475200000,228.885,229.73,228.33,229.63,888480.0,229.238
2025-01-21 11:15:00,1737476100000,229.63,229.7689,229.35,229.58,704915.0,229.5605
2025-01-21 11:30:00,1737477000000,229.57,229.87,229.17,229.82,694802.0,229.5626
2025-01-21 11:45:00,1737477900000,229.82,231.48,229.78,231.18,1669660.0,230.6938
2025-01-21 12:00:00,1737478800000,231.17,231.57,230.86,231.415,1001948.0,231.2287
2025-01-21 12:15:00,1737479700000,231.42,231.47,230.935,231.4,771069.0,231.2191
2025-01-21 12:30:00,1737480600000,231.36,231.78,231.11,231.51,894666.0,231.4726
2025-01-21 12:45:00,1737481500000,231.495,231.705,231.16,231.3102,615159.0,231.3726
2025-01-21 13:00:00,1737482400000,231.315,231.44,230.94,231.4299,728588.0,231.1447
2025-01-21 13:15:00,1737483300000,231.4099,231.74,230.997,231.09,547238.0,231.3844
2025-01-21 13:30:00,1737484200000,231.09,231.35,230.93,231.21,615197.0,231.1656
2025-01-21 13:45:00,1737485100000,231.22,231.6,231.0803,231.6,604220.0,231.3247
2025-01-21 14:00:00,1737486000000,231.57,231.665,230.7511,230.7608,1003803.0,231.2345
2025-01-21 14:15:00,1737486900000,230.76,231.0,230.39,230.9099,743437.0,230.6745
2025-01-21 14:30:00,1737487800000,230.91,230.95,230.54,230.615,421770.0,230.7082
2025-01-21 14:45:00,1737488700000,230.615,230.97,230.5,230.9,436823.0,230.7317
2025-01-21 15:00:00,1737489600000,230.88,231.074,230.28,230.305,787914.0,230.7417
2025-01-21 15:15:00,1737490500000,230.291,230.8,230.13,230.72,984270.0,230.3591
2025-01-21 15:30:00,1737491400000,230.71,230.85,230.28,230.77,878231.0,230.6365
2025-01-21 15:45:00,1737492300000,230.78,231.18,230.6,230.7,1956156.0,230.8474
2025-01-21 16:00:00,1737493200000,230.71,231.83,230.71,231.4,2241756.0,230.7555
2025-01-21 16:15:00,1737494100000,231.49,231.57,231.26,231.45,40918.0,231.4597
2025-01-21 16:30:00,1737495000000,231.4484,231.8,231.42,231.7,61547.0,231.6563
2025-01-21 16:45:00,1737495900000,231.74,231.83,230.71,231.7512,136551.0,230.9161
2025-01-21 17:00:00,1737496800000,231.75,231.8,230.71,231.46,24881.0,231.3564
2025-01-21 17:15:00,1737497700000,231.5,231.75,231.26,231.26,14224.0,231.4961
2025-01-21 17:30:00,1737498600000,231.3,231.77,231.2127,231.55,26440.0,231.4637
2025-01-21 17:45:00,1737499500000,231.65,231.8,230.71,230.71,7511.0,231.5695
2025-01-21 18:00:00,1737500400000,231.41,231.41,230.5444,231.0399,36611.0,230.9642
2025-01-21 18:15:00,1737501300000,230.94,230.9671,230.55,230.6513,21580.0,230.7612
2025-01-21 18:30:00,1737502200000,230.65,231.0499,230.65,230.88,7793.0,230.8084
2025-01-21 18:45:00,1737503100000,231.1,231.1,230.7636,230.96,5448.0,230.9437
2025-01-21 19:00:00,1737504000000,230.89,231.0,230.83,231.0,4438.0,230.9195
2025-01-21 19:15:00,1737504900000,231.0,231.3,231.0,231.1025,4537.0,231.1648
2025-01-21 19:30:00,1737505800000,231.2,231.4073,231.15,231.3,4361.0,231.3144
2025-01-21 19:45:00,1737506700000,231.2115,231.44,231.2015,231.4098,10544.0,231.3564
2025-01-22 04:00:00,1737536400000,231.45,232.08,231.3,232.08,25390.0,231.7537
2025-01-22 04:15:00,1737537300000,232.1,232.25,232.0,232.17,46829.0,232.0719
2025-01-22 04:30:00,1737538200000,232.13,232.33,232.04,232.04,37279.0,232.2364
2025-01-22 04:45:00,1737539100000,232.11,232.25,232.11,232.17,5937.0,232.1543
2025-01-22 05:00:00,1737540000000,232.14,232.19,231.72,231.78,18242.0,232.0818
2025-01-22 05:15:00,1737540900000,231.72,231.8,231.54,231.76,6386.0,231.7013
2025-01-22 05:30:00,1737541800000,231.72,232.37,231.72,232.23,8259.0,232.0653
2025-01-22 05:45:00,1737542700000,232.16,232.36,232.15,232.24,9355.0,232.2835
2025-01-22 06:00:00,1737543600000,232.26,232.34,232.15,232.29,4657.0,232.2586
2025-01-22 06:15:00,1737544500000,232.25,232.3,232.2,232.3,4667.0,232.2593
2025-01-22 06:30:00,1737545400000,232.29,232.31,232.11,232.15,20743.0,232.2407
2025-01-22 06:45:00,1737546300000,232.18,232.18,232.05,232.16,4022.0,232.1399
2025-01-22 07:00:00,1737547200000,232.12,232.3,232.05,232.29,38967.0,232.1407
2025-01-22 07:15:00,1737548100000,232.25,232.4,232.24,232.28,20217.0,232.3062
2025-01-22 07:30:00,1737549000000,232.3,232.47,232.27,232.47,29038.0,232.3587
2025-01-22 07:45:00,1737549900000,232.48,232.5,232.3,232.44,14648.0,232.4201
2025-01-22 08:00:00,1737550800000,232.14,232.64,231.15,232.5,84023.0,232.2156
2025-01-22 08:15:00,1737551700000,232.5,232.55,232.3,232.39,34466.0,232.4403
2025-01-22 08:30:00,1737552600000,232.3608,232.68,232.3,232.6,343295.0,230.9383
2025-01-22 08:45:00,1737553500000,232.64,232.88,232.53,232.56,357294.0,231.0756
2025-01-22 09:00:00,1737554400000,232.56,232.77,232.28,232.3,45392.0,232.4915
2025-01-22 09:15:00,1737555300000,232.28,232.97,232.0,232.12,173423.0,232.307
2025-01-22 09:30:00,1737556200000,232.02,232.75,231.19,231.86,3031910.0,231.964
2025-01-22 09:45:00,1737557100000,231.855,234.02,231.38,233.9306,2575024.0,232.8249
2025-01-22 10:00:00,1737558000000,233.925,235.44,233.6,234.88,2977749.0,234.5085
2025-01-22 10:15:00,1737558900000,234.85,235.265,234.56,235.165,1627517.0,234.9246
2025-01-22 10:30:00,1737559800000,235.18,235.4,234.92,235.105,1083657.0,235.1353
2025-01-22 10:45:00,1737560700000,235.1,235.12,234.35,234.38,907046.0,234.7024
2025-01-22 11:00:00,1737561600000,234.3795,234.95,233.8205,233.9557,908298.0,234.3917
2025-01-22 11:15:00,1737562500000,233.91,234.65,233.86,234.65,962051.0,234.2576
2025-01-22 11:30:00,1737563400000,234.64,235.15,234.495,235.06,750244.0,234.8198
2025-01-22 11:45:00,1737564300000,235.0947,235.24,234.5,235.07,799499.0,234.926
2025-01-22 12:00:00,1737565200000,235.04,235.14,234.34,234.38,874936.0,234.8672
2025-01-22 12:15:00,1737566100000,234.38,234.555,233.94,234.3401,795159.0,234.2689
2025-01-22 12:30:00,1737567000000,234.3442,234.45,233.96,233.965,448912.0,234.1928
2025-01-22 12:45:00,1737567900000,233.9575,234.45,233.94,234.34,664044.0,234.1789
2025-01-22 13:00:00,1737568800000,234.35,234.425,233.72,233.795,630499.0,234.0832
2025-01-22 13:15:00,1737569700000,233.795,233.91,232.84,232.97,1001811.0,233.2753
2025-01-22 13:30:00,1737570600000,232.95,233.25,232.77,233.11,558861.0,233.0115
2025-01-22 13:45:00,1737571500000,233.13,233.16,232.61,232.715,539256.0,232.927
2025-01-22 14:00:00,1737572400000,232.72,233.365,232.65,233.365,734022.0,232.966
2025-01-22 14:15:00,1737573300000,233.365,233.38,233.06,233.21,560227.0,233.2127
2025-01-22 14:30:00,1737574200000,233.21,233.36,232.98,233.29,606788.0,233.1653
2025-01-22 14:45:00,1737575100000,233.275,233.7,233.26,233.44,613120.0,233.5114
2025-01-22 15:00:00,1737576000000,233.42,233.71,233.37,233.605,513709.0,233.5594
2025-01-22 15:15:00,1737576900000,233.6,233.64,233.295,233.4503,686367.0,233.4969
2025-01-22 15:30:00,1737577800000,233.45,234.0,233.4,233.935,1096514.0,233.7226
2025-01-22 15:45:00,1737578700000,233.92,235.33,233.7,235.01,3746226.0,234.7131
2025-01-22 16:00:00,1737579600000,235.01,235.01,234.6557,234.84,1024932.0,235.0046
2025-01-22 16:15:00,1737580500000,234.799,234.8,234.1652,234.51,32180.0,234.6085
2025-01-22 16:30:00,1737581400000,234.4329,235.01,234.15,234.3601,28707.0,234.4905
2025-01-22 16:45:00,1737582300000,234.42,234.5788,234.3,234.5788,14858.0,234.3959
2025-01-22 17:00:00,1737583200000,234.51,234.56,234.3,234.303,7269.0,234.435
2025-01-22 17:15:00,1737584100000,234.33,235.01,234.31,234.4211,33319.0,234.5095
2025-01-22 17:30:00,1737585000000,234.56,234.56,234.32,234.45,5800.0,234.4311
2025-01-22 17:45:00,1737585900000,234.41,234.49,234.33,234.37,5186.0,234.3765
2025-01-22 18:00:00,1737586800000,234.37,234.45,234.36,234.3999,6094.0,234.3895
2025-01-22 18:15:00,1737587700000,234.4,234.415,234.3002,234.4,2510.0,234.3889
2025-01-22 18:30:00,1737588600000,234.3,234.4,234.18,234.25,5573.0,234.274
2025-01-22 18:45:00,1737589500000,234.37,234.5,234.15,234.38,6623.0,234.388
2025-01-22 19:00:00,1737590400000,234.4,234.48,234.2,234.24,10750.0,234.2727
2025-01-22 19:15:00,1737591300000,234.203,234.34,234.09,234.22,8860.0,234.1779
2025-01-22 19:30:00,1737592200000,234.46,234.46,234.3,234.3,10769.0,234.3126
2025-01-22 19:45:00,1737593100000,234.4,234.4,234.105,234.35,11515.0,234.3156
2025-01-23 04:00:00,1737622800000,233.22,234.29,233.22,234.16,12122.0,233.9254
2025-01-23 04:15:00,1737623700000,234.11,234.18,233.78,233.78,7003.0,234.043
2025-01-23 04:30:00,1737624600000,233.77,234.1,233.77,233.96,8413.0,234.0229
2025-01-23 04:45:00,1737625500000,234.14,234.17,233.96,233.96,5094.0,234.0783
2025-01-23 05:00:00,1737626400000,233.94,233.95,233.59,233.84,4496.0,233.7879
2025-01-23 05:15:00,1737627300000,233.85,234.25,233.84,234.1,7076.0,233.9718
2025-01-23 05:30:00,1737628200000,234.16,234.27,234.16,234.22,3692.0,234.2305
2025-01-23 05:45:00,1737629100000,234.1,234.1,234.0,234.0,767.0,234.0655
2025-01-23 06:00:00,1737630000000,233.96,234.0,233.95,233.96,1844.0,233.9643
2025-01-23 06:15:00,1737630900000,233.96,233.96,233.91,233.96,3196.0,233.9544
2025-01-23 06:30:00,1737631800000,233.95,234.1,233.91,234.1,2494.0,234.0014
2025-01-23 06:45:00,1737632700000,234.24,234.33,234.16,234.24,5768.0,234.2629
2025-01-23 07:00:00,1737633600000,234.21,234.29,233.76,234.12,8666.0,234.1012
2025-01-23 07:15:00,1737634500000,234.23,234.39,234.17,234.39,3953.0,234.3101
2025-01-23 07:30:00,1737635400000,234.4,234.81,234.4,234.64,19099.0,234.6616
2025-01-23 07:45:00,1737636300000,234.51,234.92,234.5,234.83,11406.0,234.7385
2025-01-23 08:00:00,1737637200000,234.3,234.95,233.1,234.62,60448.0,234.4707
2025-01-23 08:15:00,1737638100000,234.62,234.62,234.38,234.5005,23076.0,234.5099
2025-01-23 08:30:00,1737639000000,234.6,234.7,234.4,234.5392,17824.0,234.5313
2025-01-23 08:45:00,1737639900000,234.65,234.9499,234.6,234.83,36482.0,234.7426
2025-01-23 09:00:00,1737640800000,234.9,234.9486,234.54,234.56,20383.0,234.755
2025-01-23 09:15:00,1737641700000,234.57,234.73,233.3,233.56,227229.0,234.6762
2025-01-23 09:30:00,1737642600000,234.1,234.38,231.51,234.09,2898480.0,233.1341
2025-01-23 09:45:00,1737643500000,234.11,234.2,232.8801,233.18,1332444.0,233.7393
2025-01-23 10:00:00,1737644400000,233.19,233.84,233.07,233.705,763561.0,233.4249
2025-01-23 10:15:00,1737645300000,233.7,234.29,233.64,234.29,808623.0,233.9865
2025-01-23 10:30:00,1737646200000,234.28,235.07,234.07,234.2416,1031906.0,234.5641
2025-01-23 10:45:00,1737647100000,234.235,234.4699,234.07,234.29,704842.0,234.244
2025-01-23 11:00:00,1737648000000,234.28,234.4,233.64,234.22,756468.0,234.0599
2025-01-23 11:15:00,1737648900000,234.23,234.49,233.76,234.42,1148439.0,234.1149
2025-01-23 11:30:00,1737649800000,234.4,234.68,234.21,234.43,501677.0,234.4214
2025-01-23 11:45:00,1737650700000,234.45,234.675,233.9,233.93,528797.0,234.23
2025-01-23 12:00:00,1737651600000,233.93,233.93,233.3689,233.655,539802.0,233.5971
2025-01-23 12:15:00,1737652500000,233.65,233.79,233.13,233.255,602590.0,233.4943
2025-01-23 12:30:00,1737653400000,233.255,233.38,233.15,233.245,487685.0,233.2569
2025-01-23 12:45:00,1737654300000,233.24,233.58,233.2,233.53,438933.0,233.4555
2025-01-23 13:00:00,1737655200000,233.53,233.595,233.32,233.45,363613.0,233.4596
2025-01-23 13:15:00,1737656100000,233.45,233.87,233.45,233.615,468259.0,233.7012
2025-01-23 13:30:00,1737657000000,233.62,234.025,233.52,233.61,515594.0,233.7618
2025-01-23 13:45:00,1737657900000,233.6284,233.92,233.605,233.745,585932.0,233.7549
2025-01-23 14:00:00,1737658800000,233.74,233.775,233.25,233.3864,530833.0,233.4737
2025-01-23 14:15:00,1737659700000,233.385,233.6112,233.25,233.55,432636.0,233.4161
2025-01-23 14:30:00,1737660600000,233.57,233.84,233.555,233.82,432303.0,233.7132
2025-01-23 14:45:00,1737661500000,233.82,233.93,233.6495,233.9,364025.0,233.7804
2025-01-23 15:00:00,1737662400000,233.9,234.22,233.74,234.1746,481746.0,233.9511
2025-01-23 15:15:00,1737663300000,234.18,234.56,234.17,234.47,584484.0,234.374
2025-01-23 15:30:00,1737664200000,234.46,234.48,234.1201,234.395,923636.0,234.2964
2025-01-23 15:45:00,1737665100000,234.395,235.52,234.33,235.39,2488414.0,235.1573
2025-01-23 16:00:00,1737666000000,235.39,235.94,235.09,235.5,557845.0,235.4196
2025-01-23 16:15:00,1737666900000,235.42,235.48,235.25,235.2975,18816.0,235.3589
2025-01-23 16:30:00,1737667800000,235.24,235.3,235.05,235.3,37318.0,235.1703
2025-01-23 16:45:00,1737668700000,235.22,235.42,235.05,235.14,34624.0,235.1506
2025-01-23 17:00:00,1737669600000,235.1001,235.19,235.09,235.14,10260.0,235.1219
2025-01-23 17:15:00,1737670500000,235.14,235.19,235.1,235.1234,20283.0,235.2787
2025-01-23 17:30:00,1737671400000,235.12,235.42,235.0011,235.12,12768.0,235.1865
2025-01-23 17:45:00,1737672300000,235.08,235.14,235.0628,235.1,8844.0,235.1142
2025-01-23 18:00:00,1737673200000,235.12,235.1888,235.06,235.16,8465.0,235.1336
2025-01-23 18:15:00,1737674100000,235.19,235.2,235.18,235.1975,1502.0,235.1852
2025-01-23 18:30:00,1737675000000,235.2,235.4,235.2,235.29,10658.0,235.2636
2025-01-23 18:45:00,1737675900000,235.288,235.289,235.139,235.2,4737.0,235.2208
2025-01-23 19:00:00,1737676800000,235.2,235.25,235.2,235.24,3623.0,235.2151
2025-01-23 19:15:00,1737677700000,235.2881,235.3773,235.28,235.3773,1169.0,235.3018
2025-01-23 19:30:00,1737678600000,235.27,235.32,235.22,235.22,4517.0,235.2594
2025-01-23 19:45:00,1737679500000,235.2,235.2895,235.0927,235.1604,8717.0,235.1765
2025-01-24 04:00:00,1737709200000,235.19,235.55,235.19,235.53,2841.0,235.3709
2025-01-24 04:15:00,1737710100000,235.75,235.78,235.62,235.62,4897.0,235.7447
2025-01-24 04:30:00,1737711000000,235.64,235.92,235.64,235.72,6079.0,235.8018
2025-01-24 04:45:00,1737711900000,235.6,235.6,235.6,235.6,275.0,235.586
2025-01-24 05:00:00,1737712800000,235.64,235.64,235.56,235.62,830.0,235.6153
2025-01-24 05:15:00,1737713700000,235.57,235.61,235.45,235.49,4099.0,235.5215
2025-01-24 05:30:00,1737714600000,235.5,235.56,235.47,235.47,1112.0,235.4962
2025-01-24 05:45:00,1737715500000,235.58,235.58,235.58,235.58,152.0,235.58
2025-01-24 06:00:00,1737716400000,235.54,235.57,235.53,235.53,652.0,235.5459
2025-01-24 06:15:00,1737717300000,235.54,235.84,235.54,235.84,4298.0,235.6988
2025-01-24 06:30:00,1737718200000,235.79,235.98,235.79,235.94,2808.0,235.8925
2025-01-24 06:45:00,1737719100000,235.92,235.94,235.89,235.91,3167.0,235.9213
2025-01-24 07:00:00,1737720000000,235.89,235.91,235.49,235.63,7214.0,235.6272
2025-01-24 07:15:00,1737720900000,235.63,235.91,235.62,235.91,5513.0,235.7964
2025-01-24 07:30:00,1737721800000,235.85,235.92,235.8,235.92,6558.0,235.8379
2025-01-24 07:45:00,1737722700000,235.92,235.99,235.81,235.91,5978.0,235.914
2025-01-24 08:00:00,1737723600000,235.63,236.0,235.01,235.8,68695.0,235.7679
2025-01-24 08:15:00,1737724500000,235.9201,236.0,234.832,235.9268,18150.0,235.919
2025-01-24 08:30:00,1737725400000,235.98,235.98,235.6,235.6,17658.0,235.7992
2025-01-24 08:45:00,1737726300000,235.72,235.72,235.5117,235.65,15701.0,235.6265
2025-01-24 09:00:00,1737727200000,235.65,235.8992,235.25,235.27,54325.0,235.5495
2025-01-24 09:15:00,1737728100000,235.3,235.5,234.68,234.87,119786.0,235.0841
2025-01-24 09:30:00,1737729000000,234.5,236.17,234.41,235.78,1910725.0,235.2877
2025-01-24 09:45:00,1737729900000,235.8,236.4,235.545,236.0,1280499.0,236.0033
2025-01-24 10:00:00,1737730800000,236.03,236.37,235.05,235.34,997361.0,235.8053
2025-01-24 10:15:00,1737731700000,235.3114,235.46,234.3215,234.525,840488.0,234.8733
2025-01-24 10:30:00,1737732600000,234.55,235.05,234.37,234.66,683400.0,234.7235
2025-01-24 10:45:00,1737733500000,234.64,234.64,234.05,234.24,702606.0,234.2953
2025-01-24 11:00:00,1737734400000,234.22,234.5,233.97,234.1699,631507.0,234.2134
2025-01-24 11:15:00,1737735300000,234.16,234.52,233.97,234.41,582521.0,234.255
2025-01-24 11:30:00,1737736200000,234.43,234.795,234.3301,234.715,471257.0,234.5498
2025-01-24 11:45:00,1737737100000,234.71,234.75,233.7,233.809,550076.0,234.2779
2025-01-24 12:00:00,1737738000000,233.79,234.0999,233.75,233.99,459920.0,233.9089
2025-01-24 12:15:00,1737738900000,233.99,234.06,233.68,233.76,490667.0,233.9308
2025-01-24 12:30:00,1737739800000,233.765,234.085,233.66,233.8657,1100761.0,233.8461
2025-01-24 12:45:00,1737740700000,233.84,233.94,233.695,233.815,461905.0,233.8197
2025-01-24 13:00:00,1737741600000,233.78,234.06,233.56,233.76,418232.0,233.83
2025-01-24 13:15:00,1737742500000,233.78,234.07,233.66,233.985,425134.0,233.8472
2025-01-24 13:30:00,1737743400000,233.9848,234.1,233.51,233.5145,800280.0,233.8983
2025-01-24 13:45:00,1737744300000,233.5195,233.65,233.33,233.51,527043.0,233.4576
2025-01-24 14:00:00,1737745200000,233.475,233.75,232.93,233.1303,676627.0,233.2859
2025-01-24 14:15:00,1737746100000,233.14,233.5,232.99,233.34,433708.0,233.2326
2025-01-24 14:30:00,1737747000000,233.3499,233.48,233.04,233.18,530038.0,233.2399
2025-01-24 14:45:00,1737747900000,233.19,233.49,233.06,233.1,377324.0,233.314
2025-01-24 15:00:00,1737748800000,233.11,233.54,233.09,233.3701,496686.0,233.3466
2025-01-24 15:15:00,1737749700000,233.375,233.64,233.27,233.49,527745.0,233.4489
2025-01-24 15:30:00,1737750600000,233.49,233.96,233.43,233.9201,1636190.0,233.8089
2025-01-24 15:45:00,1737751500000,233.93,235.05,233.89,234.85,2522187.0,234.5493
2025-01-24 16:00:00,1737752400000,234.85,234.91,234.3901,234.62,495924.0,234.8414
2025-01-24 16:15:00,1737753300000,234.65,234.78,234.6,234.6891,15157.0,234.6856
2025-01-24 16:30:00,1737754200000,234.6883,234.72,234.4,234.4807,10420.0,234.6144
2025-01-24 16:45:00,1737755100000,234.58,234.85,234.4911,234.55,14498.0,234.5956
2025-01-24 17:00:00,1737756000000,234.5105,234.63,234.5,234.54,7933.0,234.5396
2025-01-24 17:15:00,1737756900000,234.54,234.65,234.5207,234.62,5733.0,234.6096
2025-01-24 17:30:00,1737757800000,234.62,234.62,234.56,234.56,1154.0,234.6109
2025-01-24 17:45:00,1737758700000,234.503,234.535,234.345,234.345,2241.0,234.4855
2025-01-24 18:00:00,1737759600000,234.42,234.42,234.404,234.404,755.0,234.4281
2025-01-24 18:15:00,1737760500000,234.5,234.56,234.5,234.5599,1594.0,234.5492
2025-01-24 18:30:00,1737761400000,234.4414,234.55,234.44,234.44,699.0,234.4817
2025-01-24 18:45:00,1737762300000,234.5,234.518,234.44,234.4412,3364.0,234.4706
2025-01-24 19:00:00,1737763200000,234.48,234.48,234.48,234.48,647.0,234.4806
2025-01-24 19:15:00,1737764100000,234.69,234.69,234.4573,234.69,1423.0,234.5336
2025-01-24 19:30:00,1737765000000,234.51,234.51,234.5,234.5,714.0,234.513
2025-01-24 19:45:00,1737765900000,234.6465,234.6465,234.4401,234.6,2018.0,234.5103
2025-01-27 04:00:00,1737968400000,228.63,229.77,226.53,227.86,61973.0,227.5403
2025-01-27 04:15:00,1737969300000,227.97,228.0,226.6,226.61,49523.0,227.2466
2025-01-27 04:30:00,1737970200000,226.61,227.1,225.6,225.85,99013.0,226.3607
2025-01-27 04:45:00,1737971100000,225.74,226.0,224.28,224.28,93363.0,225.1885
2025-01-27 05:00:00,1737972000000,224.35,224.55,223.91,224.29,84478.0,224.1605
2025-01-27 05:15:00,1737972900000,224.2,224.21,223.05,223.5,58550.0,223.712
2025-01-27 05:30:00,1737973800000,223.49,224.2,222.84,223.0,115906.0,223.4363
2025-01-27 05:45:00,1737974700000,222.78,222.8,219.0,219.48,231271.0,220.5809
2025-01-27 06:00:00,1737975600000,219.19,222.3,218.93,222.3,117368.0,220.5588
2025-01-27 06:15:00,1737976500000,222.65,223.65,221.86,223.3,180659.0,222.7988
2025-01-27 06:30:00,1737977400000,223.17,224.1,223.05,223.94,131935.0,223.8515
2025-01-27 06:45:00,1737978300000,223.95,224.0,223.28,223.84,113989.0,223.6547
2025-01-27 07:00:00,1737979200000,223.76,225.55,223.55,224.25,175467.0,224.5804
2025-01-27 07:15:00,1737980100000,224.2,224.93,224.2,224.78,154922.0,224.5983
2025-01-27 07:30:00,1737981000000,224.81,224.93,223.6,224.46,106018.0,224.2476
2025-01-27 07:45:00,1737981900000,224.5,224.99,224.5,224.75,102962.0,224.8602
2025-01-27 08:00:00,1737982800000,225.42,234.263,219.0236,226.77,456414.0,225.3104
2025-01-27 08:15:00,1737983700000,226.53,227.01,226.22,226.83,201274.0,228.1604
2025-01-27 08:30:00,1737984600000,226.9,227.49,226.24,227.105,119403.0,226.8971
2025-01-27 08:45:00,1737985500000,227.19,228.11,226.696,226.75,132810.0,227.4147
2025-01-27 09:00:00,1737986400000,226.86,227.0,225.56,225.9,159885.0,226.2093
2025-01-27 09:15:00,1737987300000,226.0,226.48,225.4,226.25,208832.0,226.1186
2025-01-27 09:30:00,1737988200000,226.21,229.55,225.86,228.16,5373879.0,227.5593
2025-01-27 09:45:00,1737989100000,228.12,229.75,228.0,229.63,2599951.0,228.9051
2025-01-27 10:00:00,1737990000000,229.61,231.2,228.955,230.655,1998575.0,230.064
2025-01-27 10:15:00,1737990900000,230.57,232.14,229.95,232.05,1853442.0,230.8741
2025-01-27 10:30:00,1737991800000,232.01,233.86,231.794,233.075,1834361.0,232.8763
2025-01-27 10:45:00,1737992700000,233.05,233.42,232.37,232.39,1192667.0,232.8607
2025-01-27 11:00:00,1737993600000,232.42,232.85,232.11,232.61,1037953.0,232.3961
2025-01-27 11:15:00,1737994500000,232.55,232.88,231.9,232.04,1906553.0,232.2509
2025-01-27 11:30:00,1737995400000,232.03,232.83,231.94,232.76,1001558.0,232.3753
2025-01-27 11:45:00,1737996300000,232.75,233.925,232.45,232.76,1190001.0,233.1443
2025-01-27 12:00:00,1737997200000,232.76,233.52,232.65,232.89,1261076.0,233.0151
2025-01-27 12:15:00,1737998100000,232.92,233.05,231.84,232.2597,735904.0,232.2827
2025-01-27 12:30:00,1737999000000,232.22,232.74,231.68,231.98,833952.0,232.1697
2025-01-27 12:45:00,1737999900000,231.99,232.12,231.01,231.71,1170787.0,231.5764
2025-01-27 13:00:00,1738000800000,231.74,232.07,231.5,231.61,696659.0,231.7274
2025-01-27 13:15:00,1738001700000,231.63,232.31,231.63,232.14,747973.0,232.0351
2025-01-27 13:30:00,1738002600000,232.14,233.27,232.08,232.95,1124097.0,232.8788
2025-01-27 13:45:00,1738003500000,232.93,233.22,232.66,233.12,730142.0,232.9866
2025-01-27 14:00:00,1738004400000,233.14,234.06,233.07,233.41,1073678.0,233.5568
2025-01-27 14:15:00,1738005300000,233.44,234.548,233.32,234.5,855269.0,233.9319
2025-01-27 14:30:00,1738006200000,234.51,234.53,232.75,232.75,960175.0,233.5388
2025-01-27 14:45:00,1738007100000,232.73,232.8896,232.15,232.355,943627.0,232.5508
2025-01-27 15:00:00,1738008000000,232.36,232.38,231.45,232.2,1169341.0,232.0042
2025-01-27 15:15:00,1738008900000,232.17,233.3,232.05,232.78,1091329.0,232.8473
2025-01-27 15:30:00,1738009800000,232.83,233.45,232.63,233.45,1377005.0,233.075
2025-01-27 15:45:00,1738010700000,233.435,235.61,233.1,235.44,4024614.0,234.6077
2025-01-27 16:00:00,1738011600000,235.42,235.99,235.22,235.71,252602.0,235.5312
2025-01-27 16:15:00,1738012500000,235.78,235.95,235.64,235.7,42424.0,235.7681
2025-01-27 16:30:00,1738013400000,235.6801,235.7,235.3019,235.47,44104.0,235.509
2025-01-27 16:45:00,1738014300000,235.45,235.49,235.38,235.44,33218.0,235.4304
2025-01-27 17:00:00,1738015200000,235.401,235.45,235.3328,235.42,12321.0,235.4265
2025-01-27 17:15:00,1738016100000,235.42,235.45,235.2174,235.43,10399.0,235.4244
2025-01-27 17:30:00,1738017000000,235.35,235.6,235.3,235.5986,10759.0,235.4316
2025-01-27 17:45:00,1738017900000,235.6,235.73,235.5,235.73,9345.0,235.641
2025-01-27 18:00:00,1738018800000,235.6,235.6378,234.8201,235.6099,14477.0,235.3201
2025-01-27 18:15:00,1738019700000,235.1212,235.54,234.205,234.5,20756.0,235.0298
2025-01-27 18:30:00,1738020600000,234.43,235.39,234.2,235.39,7278.0,234.7011
2025-01-27 18:45:00,1738021500000,235.3673,235.5,234.5125,235.25,7442.0,235.2792
2025-01-27 19:00:00,1738022400000,235.25,235.6,235.0111,235.3004,8522.0,235.3657
2025-01-27 19:15:00,1738023300000,235.3001,235.34,235.0185,235.0219,6075.0,235.2185
2025-01-27 19:30:00,1738024200000,235.01,235.2,234.56,235.03,7296.0,234.9028
2025-01-27 19:45:00,1738025100000,235.23,235.39,234.7125,235.18,17390.0,235.0531
2025-01-28 04:00:00,1738054800000,235.13,235.26,234.63,234.77,12030.0,235.0005
2025-01-28 04:15:00,1738055700000,234.78,235.0,234.68,234.71,10597.0,234.7878
2025-01-28 04:30:00,1738056600000,234.7,234.91,234.42,234.85,9595.0,234.6757
2025-01-28 04:45:00,1738057500000,234.85,234.85,234.78,234.78,856.0,234.8189
2025-01-28 05:00:00,1738058400000,235.0,235.33,234.97,235.3,4746.0,235.1217
2025-01-28 05:15:00,1738059300000,235.09,235.09,234.83,234.89,3622.0,234.9801
2025-01-28 05:30:00,1738060200000,234.97,235.05,234.69,234.69,2628.0,234.8101
2025-01-28 05:45:00,1738061100000,234.59,234.68,234.32,234.5,12571.0,234.5349
2025-01-28 06:00:00,1738062000000,234.48,234.8,234.45,234.63,2942.0,234.5736
2025-01-28 06:15:00,1738062900000,234.5,234.5,234.23,234.41,3543.0,234.3566
2025-01-28 06:30:00,1738063800000,234.4,234.47,234.11,234.47,6419.0,234.2501
2025-01-28 06:45:00,1738064700000,234.45,234.47,234.28,234.28,2203.0,234.3874
2025-01-28 07:00:00,1738065600000,234.41,234.43,233.86,234.02,21992.0,234.1284
2025-01-28 07:15:00,1738066500000,234.1,234.1,233.5,233.82,21771.0,233.7942
2025-01-28 07:30:00,1738067400000,233.76,234.31,233.63,234.25,18904.0,233.9705
2025-01-28 07:45:00,1738068300000,234.2,234.33,234.15,234.33,4270.0,234.2512
2025-01-28 08:00:00,1738069200000,234.25,235.5,233.63,234.77,118460.0,234.2859
2025-01-28 08:15:00,1738070100000,234.83,235.14,234.7008,235.05,26644.0,234.9213
2025-01-28 08:30:00,1738071000000,235.13,235.18,234.2,234.23,35585.0,234.5387
2025-01-28 08:45:00,1738071900000,234.28,234.5284,234.2,234.4,21859.0,234.3425
2025-01-28 09:00:00,1738072800000,234.47,234.56,234.25,234.56,37818.0,234.4269
2025-01-28 09:15:00,1738073700000,234.54,234.5403,234.01,234.24,80392.0,234.8963
2025-01-28 09:30:00,1738074600000,234.29,235.54,233.98,234.7699,3243262.0,234.6508
2025-01-28 09:45:00,1738075500000,234.75,237.35,234.59,237.01,2375909.0,236.1964
2025-01-28 10:00:00,1738076400000,236.975,238.85,236.94,238.67,2351906.0,237.8808
2025-01-28 10:15:00,1738077300000,238.64,240.5351,238.22,240.106,2763885.0,239.6119
2025-01-28 10:30:00,1738078200000,240.12,240.61,235.279,239.545,1834494.0,239.5891
2025-01-28 10:45:00,1738079100000,239.5,240.83,239.02,240.81,1526565.0,239.8535
2025-01-28 11:00:00,1738080000000,240.82,241.13,240.0,240.44,1256318.0,240.571
2025-01-28 11:15:00,1738080900000,240.45,240.89,239.56,239.87,1507466.0,240.265
2025-01-28 11:30:00,1738081800000,239.88,239.95,238.99,239.57,894094.0,239.6028
2025-01-28 11:45:00,1738082700000,239.5757,240.22,239.16,240.04,845417.0,239.7472
2025-01-28 12:00:00,1738083600000,240.06,240.88,239.92,240.665,839140.0,240.4112
2025-01-28 12:15:00,1738084500000,240.6675,241.77,240.64,241.09,1534130.0,241.1683
2025-01-28 12:30:00,1738085400000,241.1,241.13,240.6,240.8,711897.0,240.8284
2025-01-28 12:45:00,1738086300000,240.81,240.96,240.516,240.58,566206.0,240.7439
2025-01-28 13:00:00,1738087200000,240.55,240.6299,239.92,239.97,791609.0,240.2699
2025-01-28 13:15:00,1738088100000,240.0,240.135,239.3601,239.3601,717351.0,239.6856
2025-01-28 13:30:00,1738089000000,239.4,239.72,239.06,239.675,993079.0,239.3275
2025-01-28 13:45:00,1738089900000,239.68,239.69,238.79,239.2468,620073.0,239.2704
2025-01-28 14:00:00,1738090800000,239.26,239.4,238.69,239.0389,563948.0,239.0243
2025-01-28 14:15:00,1738091700000,239.03,239.55,238.8,239.505,669315.0,239.1986
2025-01-28 14:30:00,1738092600000,239.51,239.84,239.31,239.692,637102.0,239.5534
2025-01-28 14:45:00,1738093500000,239.695,240.13,239.47,239.58,689184.0,239.8696
2025-01-28 15:00:00,1738094400000,239.59,239.595,238.53,238.66,889681.0,238.9474
2025-01-28 15:15:00,1738095300000,238.675,238.93,238.26,238.915,1045048.0,238.6201
2025-01-28 15:30:00,1738096200000,238.915,239.01,238.62,238.96,884788.0,238.8185
2025-01-28 15:45:00,1738097100000,238.97,238.995,238.0,238.22,2718451.0,238.4451
2025-01-28 16:00:00,1738098000000,238.15,238.8,238.15,238.2999,429372.0,238.1977
2025-01-28 16:15:00,1738098900000,238.2997,238.4999,238.15,238.48,15973.0,238.3581
2025-01-28 16:30:00,1738099800000,238.45,238.69,238.15,238.51,45105.0,238.3278
2025-01-28 16:45:00,1738100700000,238.4,238.7129,238.4,238.46,8551.0,238.5306
2025-01-28 17:00:00,1738101600000,238.5868,238.59,238.3704,238.47,3769.0,238.4689
2025-01-28 17:15:00,1738102500000,238.55,238.55,237.8422,237.87,28601.0,238.0832
2025-01-28 17:30:00,1738103400000,237.9,238.17,237.8999,238.1,4716.0,238.0001
2025-01-28 17:45:00,1738104300000,238.11,238.4867,238.11,238.4867,1374.0,238.3157
2025-01-28 18:00:00,1738105200000,238.11,238.2499,237.81,238.2499,7330.0,238.0759
2025-01-28 18:15:00,1738106100000,238.1999,238.488,238.1,238.41,4577.0,238.3267
2025-01-28 18:30:00,1738107000000,238.05,238.25,238.05,238.25,841.0,238.1974
2025-01-28 18:45:00,1738107900000,238.32,238.41,238.22,238.41,2407.0,238.3184
2025-01-28 19:00:00,1738108800000,238.15,238.26,238.03,238.21,3192.0,238.1426
2025-01-28 19:15:00,1738109700000,238.11,238.284,238.0607,238.14,4417.0,238.1277
2025-01-28 19:30:00,1738110600000,238.1025,238.2197,238.1,238.2197,4232.0,238.1613
2025-01-28 19:45:00,1738111500000,238.2,238.45,238.2,238.45,4168.0,238.3171
2025-01-29 04:00:00,1738141200000,238.61,239.2,238.44,239.2,20796.0,238.7923
2025-01-29 04:15:00,1738142100000,239.27,239.29,238.84,238.92,4408.0,239.0506
2025-01-29 04:30:00,1738143000000,238.88,239.07,238.81,239.07,5920.0,238.9354
2025-01-29 04:45:00,1738143900000,239.04,239.28,239.04,239.21,8701.0,239.1124
2025-01-29 05:00:00,1738144800000,239.28,239.44,239.27,239.44,1376.0,239.2867
2025-01-29 05:15:00,1738145700000,239.39,239.47,239.31,239.37,3050.0,239.3707
2025-01-29 05:30:00,1738146600000,239.39,239.67,239.39,239.67,2379.0,239.5421
2025-01-29 05:45:00,1738147500000,239.7,239.78,239.49,239.5,12506.0,239.6938
2025-01-29 06:00:00,1738148400000,239.62,239.66,239.6,239.6,2870.0,239.6253
2025-01-29 06:15:00,1738149300000,239.65,240.0,239.65,239.98,11172.0,239.7914
2025-01-29 06:30:00,1738150200000,240.05,240.13,239.8,239.88,16297.0,240.006
2025-01-29 06:45:00,1738151100000,239.84,240.18,239.8,240.1,26445.0,240.1063
2025-01-29 07:00:00,1738152000000,240.02,240.3,239.8,240.01,27554.0,240.0493
2025-01-29 07:15:00,1738152900000,240.13,240.64,240.13,240.59,13529.0,240.3879
2025-01-29 07:30:00,1738153800000,240.44,240.5,240.31,240.43,7949.0,240.417
2025-01-29 07:45:00,1738154700000,240.4,240.4,239.95,240.16,36422.0,240.0705
2025-01-29 08:00:00,1738155600000,240.2,240.66,238.51,239.7472,144212.0,239.4544
2025-01-29 08:15:00,1738156500000,239.88,239.88,239.1897,239.4008,36051.0,239.5185
2025-01-29 08:30:00,1738157400000,239.5,239.6499,239.36,239.489,31261.0,239.5388
2025-01-29 08:45:00,1738158300000,239.45,239.81,239.4,239.81,17560.0,239.5978
2025-01-29 09:00:00,1738159200000,239.8,240.08,239.8,240.02,36169.0,239.9467
2025-01-29 09:15:00,1738160100000,240.01,240.09,238.84,239.0097,57014.0,239.4155
2025-01-29 09:30:00,1738161000000,239.015,240.39,236.79,237.015,2551347.0,238.3761
2025-01-29 09:45:00,1738161900000,237.04,237.81,236.8414,237.12,865293.0,237.3146
2025-01-29 10:00:00,1738162800000,237.14,237.5,236.55,237.3079,1021707.0,237.0529
2025-01-29 10:15:00,1738163700000,237.35,238.38,237.25,238.08,806365.0,237.8373
2025-01-29 10:30:00,1738164600000,238.1,238.77,237.79,238.05,882964.0,238.4456
2025-01-29 10:45:00,1738165500000,238.05,238.9299,237.92,238.41,610707.0,238.4772
2025-01-29 11:00:00,1738166400000,238.39,238.53,237.62,237.73,585673.0,238.1369
2025-01-29 11:15:00,1738167300000,237.736,238.1,237.33,237.77,568691.0,237.7317
2025-01-29 11:30:00,1738168200000,237.76,237.9399,237.19,237.75,497844.0,237.6015
2025-01-29 11:45:00,1738169100000,237.76,237.99,237.41,237.535,387552.0,237.6915
2025-01-29 12:00:00,1738170000000,237.52,237.88,237.37,237.555,416835.0,237.6316
2025-01-29 12:15:00,1738170900000,237.54,238.65,237.52,238.4756,545175.0,238.2306
2025-01-29 12:30:00,1738171800000,238.49,238.5744,238.0701,238.18,394668.0,238.353
2025-01-29 12:45:00,1738172700000,238.18,238.22,237.47,237.5844,398695.0,237.8625
2025-01-29 13:00:00,1738173600000,237.6,237.72,236.56,237.255,731760.0,237.0434
2025-01-29 13:15:00,1738174500000,237.2401,237.64,236.9688,237.615,426553.0,237.261
2025-01-29 13:30:00,1738175400000,237.62,238.03,237.0204,237.23,372196.0,237.5012
2025-01-29 13:45:00,1738176300000,237.26,237.86,237.23,237.615,355656.0,237.6415
2025-01-29 14:00:00,1738177200000,237.57,237.73,236.82,237.1045,658413.0,237.1868
2025-01-29 14:15:00,1738178100000,237.13,237.27,236.7,236.715,584684.0,236.9159
2025-01-29 14:30:00,1738179000000,236.7,238.08,236.15,237.9944,1252529.0,237.1327
2025-01-29 14:45:00,1738179900000,238.04,238.3,237.46,237.78,652651.0,237.9045
2025-01-29 15:00:00,1738180800000,237.76,237.99,236.81,237.32,724992.0,237.3465
2025-01-29 15:15:00,1738181700000,237.33,238.1295,236.76,237.98,689652.0,237.5852
2025-01-29 15:30:00,1738182600000,238.0,238.28,237.15,237.54,769297.0,237.725
2025-01-29 15:45:00,1738183500000,237.56,237.7,236.31,237.05,1881818.0,237.1607
2025-01-29 16:00:00,1738184400000,237.07,237.4899,233.0,234.48,691036.0,235.217
2025-01-29 16:15:00,1738185300000,234.4925,237.07,233.8501,234.84,194001.0,234.828
2025-01-29 16:30:00,1738186200000,234.94,235.68,234.4,235.34,148797.0,234.9444
2025-01-29 16:45:00,1738187100000,235.0282,235.8395,235.0,235.77,44946.0,235.4758
2025-01-29 17:00:00,1738188000000,235.74,236.8,235.3244,236.66,60568.0,236.164
2025-01-29 17:15:00,1738188900000,236.7941,237.82,236.1107,237.46,79038.0,237.077
2025-01-29 17:30:00,1738189800000,237.4,237.4,236.45,236.61,29987.0,237.0425
2025-01-29 17:45:00,1738190700000,236.68,236.89,231.49,231.49,157809.0,233.7835
2025-01-29 18:00:00,1738191600000,231.5,234.85,230.26,234.0,180736.0,232.8293
2025-01-29 18:15:00,1738192500000,234.28,234.38,233.14,233.88,51337.0,233.5738
2025-01-29 18:30:00,1738193400000,233.8,234.25,233.1701,233.49,51877.0,233.6703
2025-01-29 18:45:00,1738194300000,233.6211,233.75,233.3622,233.6,22780.0,233.6059
2025-01-29 19:00:00,1738195200000,233.74,235.15,233.5268,235.05,27413.0,234.555
2025-01-29 19:15:00,1738196100000,234.85,235.579,234.7,235.25,30581.0,235.1111
2025-01-29 19:30:00,1738197000000,235.18,235.18,234.56,235.0,14766.0,234.8356
2025-01-29 19:45:00,1738197900000,235.1,236.0,235.07,236.0,21445.0,235.5752
2025-01-30 04:00:00,1738227600000,237.09,237.45,236.5,236.8,28098.0,236.8812
2025-01-30 04:15:00,1738228500000,236.8,236.97,236.73,236.78,8298.0,236.8384
2025-01-30 04:30:00,1738229400000,236.81,236.9,236.58,236.65,3554.0,236.7385
2025-01-30 04:45:00,1738230300000,236.67,236.89,236.67,236.89,3272.0,236.7857
2025-01-30 05:00:00,1738231200000,236.82,236.98,236.76,236.98,2751.0,236.8407
2025-01-30 05:15:00,1738232100000,236.81,236.87,236.73,236.74,3115.0,236.8209
2025-01-30 05:30:00,1738233000000,236.74,237.46,236.66,237.25,11117.0,237.1282
2025-01-30 05:45:00,1738233900000,237.29,237.31,236.66,236.94,11081.0,237.0877
2025-01-30 06:00:00,1738234800000,236.94,236.94,236.4,236.56,8075.0,236.7405
2025-01-30 06:15:00,1738235700000,236.69,236.8,236.14,236.15,28936.0,236.3547
2025-01-30 06:30:00,1738236600000,236.26,236.62,236.26,236.62,13138.0,236.4046
2025-01-30 06:45:00,1738237500000,236.62,237.03,236.59,237.0,14478.0,236.8529
2025-01-30 07:00:00,1738238400000,237.0,237.45,236.89,236.94,35053.0,237.0443
2025-01-30 07:15:00,1738239300000,236.94,236.95,236.5,236.92,21465.0,236.7827
2025-01-30 07:30:00,1738240200000,236.99,237.21,236.85,237.1,24805.0,236.9683
2025-01-30 07:45:00,1738241100000,237.06,237.55,237.06,237.24,13381.0,237.2923
2025-01-30 08:00:00,1738242000000,236.9,237.94,235.18,237.92,118465.0,237.0339
2025-01-30 08:15:00,1738242900000,237.9,238.1923,237.0,237.3,64137.0,237.577
2025-01-30 08:30:00,1738243800000,237.2,237.59,236.35,236.53,82704.0,236.8785
2025-01-30 08:45:00,1738244700000,236.5,236.76,236.02,236.76,66061.0,236.3981
2025-01-30 09:00:00,1738245600000,236.87,236.96,235.94,236.0,82063.0,236.3106
2025-01-30 09:15:00,1738246500000,235.9899,237.36,235.6,237.36,84611.0,236.3771
2025-01-30 09:30:00,1738247400000,237.14,237.61,234.55,235.4385,3414230.0,235.9524
2025-01-30 09:45:00,1738248300000,235.43,237.95,235.19,237.01,1887256.0,236.6969
2025-01-30 10:00:00,1738249200000,237.0,237.03,235.34,235.8785,1234255.0,235.9281
2025-01-30 10:15:00,1738250100000,235.88,236.46,235.25,235.35,786765.0,235.8242
2025-01-30 10:30:00,1738251000000,235.37,236.13,235.04,235.44,676713.0,235.5237
2025-01-30 10:45:00,1738251900000,235.45,235.51,233.2305,233.2305,1341370.0,234.4013
2025-01-30 11:00:00,1738252800000,233.245,233.71,232.22,232.32,1369471.0,233.0854
2025-01-30 11:15:00,1738253700000,232.33,234.13,232.31,233.97,1965756.0,233.4402
2025-01-30 11:30:00,1738254600000,233.97,234.12,233.46,233.77,617450.0,233.7324
2025-01-30 11:45:00,1738255500000,233.765,235.39,233.73,235.14,885599.0,234.7182
2025-01-30 12:00:00,1738256400000,235.135,235.755,234.645,234.8,757100.0,235.0846
2025-01-30 12:15:00,1738257300000,234.82,234.88,234.0428,234.36,444464.0,234.4835
2025-01-30 12:30:00,1738258200000,234.37,234.63,234.1387,234.3456,462641.0,234.402
2025-01-30 12:45:00,1738259100000,234.3557,234.7,234.27,234.41,321165.0,234.4899
2025-01-30 13:00:00,1738260000000,234.42,234.71,234.33,234.47,360448.0,234.5107
2025-01-30 13:15:00,1738260900000,234.4677,234.95,234.35,234.72,367098.0,234.5672
2025-01-30 13:30:00,1738261800000,234.76,235.74,234.67,235.475,497892.0,235.3023
2025-01-30 13:45:00,1738262700000,235.49,235.7099,235.17,235.65,477747.0,235.4753
2025-01-30 14:00:00,1738263600000,235.655,235.67,235.17,235.1923,403012.0,235.3698
2025-01-30 14:15:00,1738264500000,235.21,235.27,234.87,235.0,425198.0,235.0461
2025-01-30 14:30:00,1738265400000,235.0,235.1997,234.89,235.0976,392640.0,235.0348
2025-01-30 14:45:00,1738266300000,235.09,235.965,235.02,235.96,562116.0,235.455
2025-01-30 15:00:00,1738267200000,235.96,236.1579,235.71,235.87,577304.0,235.9579
2025-01-30 15:15:00,1738268100000,235.865,236.2089,235.82,235.9415,557508.0,236.0174
2025-01-30 15:30:00,1738269000000,235.94,236.195,234.56,234.755,1060206.0,235.4158
2025-01-30 15:45:00,1738269900000,234.75,235.235,234.33,234.6,2434797.0,234.7275
2025-01-30 16:00:00,1738270800000,234.64,234.94,234.46,234.7378,1412123.0,234.6401
2025-01-30 16:15:00,1738271700000,234.7,234.7999,234.66,234.66,7220.0,234.7486
2025-01-30 16:30:00,1738272600000,234.66,235.2,234.52,234.8,33375.0,234.7418
2025-01-30 16:45:00,1738273500000,234.72,234.85,234.6047,234.61,35590.0,234.6603
2025-01-30 17:00:00,1738274400000,234.68,234.9478,234.68,234.81,10896.0,234.7951
2025-01-30 17:15:00,1738275300000,234.9473,235.609,234.82,235.22,35705.0,235.0408
2025-01-30 17:30:00,1738276200000,235.36,235.5887,235.02,235.02,15161.0,235.2571
2025-01-30 17:45:00,1738277100000,235.2072,235.21,234.92,235.09,13595.0,235.087
2025-01-30 18:00:00,1738278000000,235.18,235.48,235.135,235.31,8829.0,235.3041
2025-01-30 18:15:00,1738278900000,235.35,235.35,235.07,235.07,21007.0,235.2278
2025-01-30 18:30:00,1738279800000,235.08,235.319,235.07,235.1,4625.0,235.169
2025-01-30 18:45:00,1738280700000,235.21,235.2953,235.1,235.2953,3384.0,235.2101
2025-01-30 19:00:00,1738281600000,235.2002,235.34,235.2,235.339,4036.0,235.2778
2025-01-30 19:15:00,1738282500000,235.34,235.34,235.3,235.34,3302.0,235.3325
2025-01-30 19:30:00,1738283400000,235.4147,235.4147,235.34,235.34,476.0,235.3629
2025-01-30 19:45:00,1738284300000,235.42,235.43,235.3207,235.359,10394.0,235.3883
2025-01-31 04:00:00,1738314000000,235.93,236.01,235.73,235.89,8664.0,235.8885
2025-01-31 04:15:00,1738314900000,235.82,235.85,235.79,235.79,2872.0,235.8238
2025-01-31 04:30:00,1738315800000,235.81,236.32,235.8,236.32,14943.0,236.0323
2025-01-31 04:45:00,1738316700000,236.39,236.91,236.29,236.49,10364.0,236.6261
2025-01-31 05:00:00,1738317600000,236.49,236.8,236.49,236.74,6384.0,236.6586
2025-01-31 05:15:00,1738318500000,236.58,236.59,236.42,236.47,1576.0,236.5304
2025-01-31 05:30:00,1738319400000,236.59,236.67,236.59,236.67,913.0,236.6519
2025-01-31 05:45:00,1738320300000,236.68,236.68,236.5,236.56,1923.0,236.6176
2025-01-31 06:00:00,1738321200000,236.56,236.65,236.56,236.65,472.0,236.6113
2025-01-31 06:15:00,1738322100000,236.65,236.7,236.6,236.62,1470.0,236.6456
2025-01-31 06:30:00,1738323000000,236.65,236.65,236.65,236.65,335.0,236.641
2025-01-31 06:45:00,1738323900000,236.66,236.66,236.6,236.66,3676.0,236.6318
2025-01-31 07:00:00,1738324800000,236.67,237.0,236.67,236.82,28332.0,236.8951
2025-01-31 07:15:00,1738325700000,236.8,236.87,236.69,236.69,8653.0,236.7843
2025-01-31 07:30:00,1738326600000,236.77,236.79,236.7,236.75,4661.0,236.7582
2025-01-31 07:45:00,1738327500000,236.8,236.8,236.66,236.66,4442.0,236.7573
2025-01-31 08:00:00,1738328400000,236.9998,237.0,235.06,236.7081,1212669.0,234.7835
2025-01-31 08:15:00,1738329300000,236.7,236.92,236.7,236.89,36318.0,236.8523
2025-01-31 08:30:00,1738330200000,236.84,236.956,236.69,236.88,33893.0,236.8464
2025-01-31 08:45:00,1738331100000,236.9,236.99,236.77,236.9188,32712.0,236.8922
2025-01-31 09:00:00,1738332000000,236.84,236.9,236.1771,236.39,41585.0,236.4828
2025-01-31 09:15:00,1738332900000,236.32,237.23,236.28,236.82,61895.0,236.6809
2025-01-31 09:30:00,1738333800000,236.5,239.03,236.41,239.0,3055514.0,237.8893
2025-01-31 09:45:00,1738334700000,239.02,239.73,238.39,239.24,2049292.0,239.1273
2025-01-31 10:00:00,1738335600000,239.225,239.64,237.8,238.5392,1468917.0,238.7086
2025-01-31 10:15:00,1738336500000,238.55,238.58,237.8,238.135,892675.0,238.1138
2025-01-31 10:30:00,1738337400000,238.11,239.3156,238.1,238.77,970772.0,238.8492
2025-01-31 10:45:00,1738338300000,238.7863,239.45,238.34,239.3025,1026477.0,238.9819
2025-01-31 11:00:00,1738339200000,239.28,239.49,238.94,239.255,817136.0,239.203
2025-01-31 11:15:00,1738340100000,239.26,239.345,238.46,238.825,750410.0,238.8295
2025-01-31 11:30:00,1738341000000,238.82,239.48,238.66,239.25,688180.0,239.1845
2025-01-31 11:45:00,1738341900000,239.26,239.83,239.19,239.58,692511.0,239.5282
2025-01-31 12:00:00,1738342800000,239.59,239.7399,238.58,239.4857,763846.0,239.1929
2025-01-31 12:15:00,1738343700000,239.505,239.84,239.2543,239.82,494195.0,239.6094
2025-01-31 12:30:00,1738344600000,239.84,239.8799,239.37,239.41,417831.0,239.6129
2025-01-31 12:45:00,1738345500000,239.4,239.79,239.25,239.41,436581.0,239.5046
2025-01-31 13:00:00,1738346400000,239.42,240.215,239.39,239.74,858180.0,239.8954
2025-01-31 13:15:00,1738347300000,239.745,240.29,239.1,239.62,1085985.0,239.7674
2025-01-31 13:30:00,1738348200000,239.57,239.635,238.36,238.97,845038.0,238.9315
2025-01-31 13:45:00,1738349100000,238.9,239.05,238.18,238.68,594101.0,238.6736
2025-01-31 14:00:00,1738350000000,238.6671,238.97,237.95,238.72,729741.0,238.3918
2025-01-31 14:15:00,1738350900000,238.69,238.94,237.97,238.515,515115.0,238.4407
2025-01-31 14:30:00,1738351800000,238.52,238.78,237.52,237.62,618565.0,238.1422
2025-01-31 14:45:00,1738352700000,237.62,238.48,236.93,238.185,767702.0,237.7248
2025-01-31 15:00:00,1738353600000,238.16,238.16,237.03,237.455,713125.0,237.5069
2025-01-31 15:15:00,1738354500000,237.46,237.7104,236.96,237.2,749211.0,237.261
2025-01-31 15:30:00,1738355400000,237.2,237.86,237.13,237.56,944766.0,237.4449
2025-01-31 15:45:00,1738356300000,237.55,239.19,237.0,237.59,2947774.0,237.7726
2025-01-31 16:00:00,1738357200000,237.68,238.13,237.263,237.51,842358.0,237.6871
2025-01-31 16:15:00,1738358100000,237.53,237.68,237.4,237.48,452243.0,237.6693
2025-01-31 16:30:00,1738359000000,237.4,237.52,237.31,237.46,22726.0,237.4276
2025-01-31 16:45:00,1738359900000,237.4317,237.67,237.43,237.67,12821.0,237.4697
2025-01-31 17:00:00,1738360800000,237.4813,237.54,237.47,237.5,7112.0,237.501
2025-01-31 17:15:00,1738361700000,237.47,237.68,237.35,237.5,11908.0,237.4309
2025-01-31 17:30:00,1738362600000,237.5,237.5,237.3,237.45,6442.0,237.4502
2025-01-31 17:45:00,1738363500000,237.45,237.5,237.3,237.3,8932.0,237.4156
2025-01-31 18:00:00,1738364400000,237.4572,237.46,237.3,237.3,6623.0,237.4086
2025-01-31 18:15:00,1738365300000,237.29,237.4828,237.0116,237.06,14582.0,237.2509
2025-01-31 18:30:00,1738366200000,237.23,237.4,237.08,237.1483,5317.0,237.1829
2025-01-31 18:45:00,1738367100000,237.09,237.15,236.95,236.95,3906.0,237.0405
2025-01-31 19:00:00,1738368000000,236.7708,236.9907,236.77,236.88,3640.0,236.8724
2025-01-31 19:15:00,1738368900000,236.88,236.88,236.63,236.63,6396.0,236.7341
2025-01-31 19:30:00,1738369800000,236.65,236.7443,236.6,236.7443,1938.0,236.6346
2025-01-31 19:45:00,1738370700000,236.75,236.75,236.0,236.25,10843.0,236.3451
2025-02-03 04:00:00,1738573200000,233.77,233.77,229.56,232.76,35642.0,232.7495
2025-02-03 04:15:00,1738574100000,233.19,233.21,232.14,232.7,21460.0,232.5059
2025-02-03 04:30:00,1738575000000,232.8,233.04,232.16,232.29,9432.0,232.6198
2025-02-03 04:45:00,1738575900000,232.28,232.69,232.26,232.49,6380.0,232.4639
2025-02-03 05:00:00,1738576800000,232.49,232.68,232.23,232.51,16957.0,232.5044
2025-02-03 05:15:00,1738577700000,232.6,232.87,232.55,232.76,9295.0,232.7516
2025-02-03 05:30:00,1738578600000,232.76,233.45,232.75,233.45,28659.0,233.1092
2025-02-03 05:45:00,1738579500000,233.55,233.56,233.3,233.56,8147.0,233.417
2025-02-03 06:00:00,1738580400000,233.53,234.09,233.52,234.03,13047.0,233.8599
2025-02-03 06:15:00,1738581300000,234.07,234.15,233.63,233.63,14527.0,233.9591
2025-02-03 06:30:00,1738582200000,233.63,233.63,233.02,233.04,7061.0,233.297
2025-02-03 06:45:00,1738583100000,233.31,233.32,233.0,233.32,7619.0,233.1741
2025-02-03 07:00:00,1738584000000,233.26,233.44,232.38,232.9,60182.0,232.9083
2025-02-03 07:15:00,1738584900000,232.9,234.06,232.55,233.77,41423.0,233.3171
2025-02-03 07:30:00,1738585800000,233.57,233.57,232.87,233.07,21991.0,233.1287
2025-02-03 07:45:00,1738586700000,233.12,233.5,232.81,233.32,21036.0,233.1689
2025-02-03 08:00:00,1738587600000,233.0,234.44,228.85,234.22,271840.0,232.8392
2025-02-03 08:15:00,1738588500000,234.2216,234.34,233.47,233.96,63123.0,233.9634
2025-02-03 08:30:00,1738589400000,233.9082,234.11,233.34,233.7042,71696.0,233.7759
2025-02-03 08:45:00,1738590300000,233.8781,234.76,233.8781,234.4,76013.0,234.3784
2025-02-03 09:00:00,1738591200000,234.4,234.87,233.8,234.51,92031.0,234.3887
2025-02-03 09:15:00,1738592100000,234.69,235.0,232.5,233.96,237669.0,233.7715
2025-02-03 09:30:00,1738593000000,234.06,238.3,233.61,237.31,5382840.0,235.6338
2025-02-03 09:45:00,1738593900000,237.34,237.34,235.23,235.505,2316363.0,236.1276
2025-02-03 10:00:00,1738594800000,235.49,235.49,233.7005,233.9508,2277696.0,234.3884
2025-02-03 10:15:00,1738595700000,233.94,236.0,232.9,235.27,2530459.0,234.219
2025-02-03 10:30:00,1738596600000,235.28,236.31,234.78,236.225,1521875.0,235.4555
2025-02-03 10:45:00,1738597500000,236.2,236.61,235.63,236.385,1188483.0,236.1228
2025-02-03 11:00:00,1738598400000,236.39,237.44,235.8,237.37,1236675.0,236.5582
2025-02-03 11:15:00,1738599300000,237.3991,238.05,236.82,237.1293,1070864.0,237.5348
2025-02-03 11:30:00,1738600200000,237.1409,237.95,236.8,237.92,648001.0,237.3527
2025-02-03 11:45:00,1738601100000,237.94,238.42,237.42,237.8559,1144934.0,237.9735
2025-02-03 12:00:00,1738602000000,237.9098,238.11,237.535,238.0593,616463.0,237.8865
2025-02-03 12:15:00,1738602900000,238.04,239.25,237.87,238.5366,1022010.0,238.6936
2025-02-03 12:30:00,1738603800000,238.5456,238.5731,237.6201,237.71,779695.0,238.0518
2025-02-03 12:45:00,1738604700000,237.73,238.5,237.29,238.06,869097.0,237.9546
2025-02-03 13:00:00,1738605600000,238.055,238.4,237.4501,238.24,513725.0,237.9159
2025-02-03 13:15:00,1738606500000,238.27,238.53,237.97,238.2312,447428.0,238.2575
2025-02-03 13:30:00,1738607400000,238.26,238.55,237.795,237.93,485369.0,238.2697
2025-02-03 13:45:00,1738608300000,237.94,238.4099,237.93,238.0799,431074.0,238.1832
2025-02-03 14:00:00,1738609200000,238.06,238.19,237.485,238.06,679138.0,237.7726
2025-02-03 14:15:00,1738610100000,238.04,238.2699,237.88,237.995,747076.0,238.0356
2025-02-03 14:30:00,1738611000000,238.0,238.17,237.75,237.79,425280.0,237.9888
2025-02-03 14:45:00,1738611900000,237.79,238.09,237.54,237.58,438104.0,237.8365
2025-02-03 15:00:00,1738612800000,237.59,238.15,237.46,237.82,637217.0,237.8725
2025-02-03 15:15:00,1738613700000,237.795,238.15,237.72,238.0317,628409.0,237.9885
2025-02-03 15:30:00,1738614600000,238.04,238.06,237.43,237.6,593081.0,237.7754
2025-02-03 15:45:00,1738615500000,237.6,238.19,237.35,237.47,2073230.0,237.7258
2025-02-03 16:00:00,1738616400000,237.42,237.8,237.3,237.55,806654.0,237.4252
2025-02-03 16:15:00,1738617300000,237.42,238.36,237.42,238.2,50433.0,237.9358
2025-02-03 16:30:00,1738618200000,238.2,239.2,238.08,238.5,48257.0,238.5939
2025-02-03 16:45:00,1738619100000,239.0,239.31,238.72,238.99,38267.0,239.0503
2025-02-03 17:00:00,1738620000000,238.99,239.25,238.7,238.84,27086.0,238.9984
2025-02-03 17:15:00,1738620900000,238.7,239.11,238.7,239.11,19499.0,238.873
2025-02-03 17:30:00,1738621800000,239.11,239.28,239.0,239.28,8130.0,239.1992
2025-02-03 17:45:00,1738622700000,239.1541,239.3688,239.1541,239.31,11206.0,239.2891
2025-02-03 18:00:00,1738623600000,239.25,239.3,239.0,239.21,17873.0,239.1176
2025-02-03 18:15:00,1738624500000,239.0408,239.2246,238.86,239.07,14695.0,239.0761
2025-02-03 18:30:00,1738625400000,238.9016,239.1,238.85,238.9027,8740.0,238.9521
2025-02-03 18:45:00,1738626300000,238.9042,238.99,238.543,238.92,19555.0,238.8161
2025-02-03 19:00:00,1738627200000,238.905,238.99,238.4,238.78,19772.0,238.6302
2025-02-03 19:15:00,1738628100000,238.52,238.8,238.1802,238.8,18981.0,238.4063
2025-02-03 19:30:00,1738629000000,238.6134,238.99,238.6134,238.99,3447.0,238.9558
2025-02-03 19:45:00,1738629900000,238.95,238.99,238.75,238.99,8939.0,238.8742
2025-02-04 04:00:00,1738659600000,237.98,237.98,236.82,237.25,16091.0,237.1599
2025-02-04 04:15:00,1738660500000,237.23,237.64,237.03,237.45,9842.0,237.31
2025-02-04 04:30:00,1738661400000,237.45,237.45,237.0,237.0,3391.0,237.1619
2025-02-04 04:45:00,1738662300000,237.27,237.27,237.17,237.17,1340.0,237.201
2025-02-04 05:00:00,1738663200000,237.01,237.2,237.0,237.12,11569.0,237.014
2025-02-04 05:15:00,1738664100000,237.3,237.3,237.18,237.18,1135.0,237.2144
2025-02-04 05:30:00,1738665000000,237.12,237.21,237.07,237.2,4867.0,237.1419
2025-02-04 05:45:00,1738665900000,237.21,237.33,237.2,237.33,5364.0,237.2389
2025-02-04 06:00:00,1738666800000,237.29,237.54,237.29,237.45,9579.0,237.4016
2025-02-04 06:15:00,1738667700000,237.41,238.7,237.0,238.5,62433.0,238.1637
2025-02-04 06:30:00,1738668600000,238.5,239.0,238.2,238.66,14482.0,238.64
2025-02-04 06:45:00,1738669500000,238.66,238.67,238.3,238.3,8553.0,238.616
2025-02-04 07:00:00,1738670400000,238.68,238.68,238.29,238.42,8854.0,238.4221
2025-02-04 07:15:00,1738671300000,238.42,239.0,238.39,238.74,23672.0,238.732
2025-02-04 07:30:00,1738672200000,238.74,238.9,238.7,238.7,24200.0,238.8143
2025-02-04 07:45:00,1738673100000,238.68,238.9,238.6,238.72,9178.0,238.7129
2025-02-04 08:00:00,1738674000000,238.43,238.9463,235.36,238.83,128801.0,237.9452
2025-02-04 08:15:00,1738674900000,238.87,239.0,238.5607,238.5607,28448.0,238.8412
2025-02-04 08:30:00,1738675800000,238.58,238.75,238.1703,238.29,37075.0,238.3939
2025-02-04 08:45:00,1738676700000,238.3,238.5975,238.3,238.48,29810.0,238.4275
2025-02-04 09:00:00,1738677600000,238.4042,238.86,238.4042,238.6,36411.0,238.7129
2025-02-04 09:15:00,1738678500000,238.5,239.35,238.13,238.82,94186.0,238.7513
2025-02-04 09:30:00,1738679400000,239.01,239.33,238.03,238.74,2208066.0,238.7245
2025-02-04 09:45:00,1738680300000,238.75,240.05,238.37,239.79,1382745.0,239.3786
2025-02-04 10:00:00,1738681200000,239.805,240.88,239.62,239.79,1427329.0,240.2951
2025-02-04 10:15:00,1738682100000,239.82,241.83,239.6801,241.44,1466680.0,240.8229
2025-02-04 10:30:00,1738683000000,241.4364,242.33,241.05,241.78,1341779.0,241.8319
2025-02-04 10:45:00,1738683900000,241.7501,241.95,241.13,241.465,929437.0,241.5129
2025-02-04 11:00:00,1738684800000,241.485,242.06,241.46,241.99,756837.0,241.866
2025-02-04 11:15:00,1738685700000,241.99,242.5,241.4805,242.4498,853599.0,241.9271
2025-02-04 11:30:00,1738686600000,242.44,242.52,241.98,242.11,640751.0,242.3192
2025-02-04 11:45:00,1738687500000,242.11,242.33,241.64,242.3005,629763.0,241.9799
2025-02-04 12:00:00,1738688400000,242.32,242.33,241.7,241.87,478020.0,241.9497
2025-02-04 12:15:00,1738689300000,241.87,242.0091,241.07,241.15,768752.0,241.5865
2025-02-04 12:30:00,1738690200000,241.175,241.48,241.03,241.345,513427.0,241.2296
2025-02-04 12:45:00,1738691100000,241.35,241.8299,241.03,241.72,479357.0,241.5075
2025-02-04 13:00:00,1738692000000,241.72,241.735,240.76,241.1301,539800.0,241.1052
2025-02-04 13:15:00,1738692900000,241.155,241.28,240.94,241.2485,450985.0,241.1402
2025-02-04 13:30:00,1738693800000,241.24,241.9,241.215,241.8968,641371.0,241.647
2025-02-04 13:45:00,1738694700000,241.895,242.05,241.66,241.69,441256.0,241.8782
2025-02-04 14:00:00,1738695600000,241.67,242.2397,241.59,242.18,483951.0,241.9723
2025-02-04 14:15:00,1738696500000,242.19,242.51,241.875,242.155,578660.0,242.1855
2025-02-04 14:30:00,1738697400000,242.18,242.2895,241.65,241.855,598110.0,242.0052
2025-02-04 14:45:00,1738698300000,241.855,242.2,241.54,241.9299,636284.0,241.9382
2025-02-04 15:00:00,1738699200000,241.93,242.0399,241.7136,241.95,495843.0,241.8882
2025-02-04 15:15:00,1738700100000,241.95,242.005,241.66,241.775,628227.0,241.8479
2025-02-04 15:30:00,1738701000000,241.77,241.96,241.72,241.7734,654947.0,241.8517
2025-02-04 15:45:00,1738701900000,241.78,242.42,241.51,242.1,1954719.0,242.0087
2025-02-04 16:00:00,1738702800000,242.06,242.5,238.3,238.6537,876205.0,241.0325
2025-02-04 16:15:00,1738703700000,238.8,238.9853,237.37,237.7,255952.0,237.935
2025-02-04 16:30:00,1738704600000,237.65,242.06,237.0506,237.92,257192.0,237.5388
2025-02-04 16:45:00,1738705500000,238.0,238.82,237.8,238.6,77370.0,238.4589
2025-02-04 17:00:00,1738706400000,238.46,238.5,237.56,237.9,111710.0,237.8724
2025-02-04 17:15:00,1738707300000,237.9968,238.8,237.84,238.5,54055.0,238.499
2025-02-04 17:30:00,1738708200000,238.5,238.74,238.3017,238.5,26941.0,238.5191
2025-02-04 17:45:00,1738709100000,238.4985,238.6134,238.0,238.1,34033.0,238.1905
2025-02-04 18:00:00,1738710000000,238.18,238.99,238.1507,238.92,34261.0,238.6319
2025-02-04 18:15:00,1738710900000,238.9,239.427,238.83,239.11,30264.0,239.0551
2025-02-04 18:30:00,1738711800000,239.24,239.28,238.65,238.9358,40036.0,238.895
2025-02-04 18:45:00,1738712700000,238.94,238.94,238.59,238.75,16033.0,238.7045
2025-02-04 19:00:00,1738713600000,238.66,239.17,238.64,239.17,18061.0,238.8732
2025-02-04 19:15:00,1738714500000,239.15,239.44,239.0013,239.3,15396.0,239.2038
2025-02-04 19:30:00,1738715400000,239.4,239.89,239.39,239.75,25797.0,239.7002
2025-02-04 19:45:00,1738716300000,239.73,239.73,239.0,239.1297,29833.0,239.3301
2025-02-05 04:00:00,1738746000000,238.1,238.38,237.78,238.32,31932.0,237.9601
2025-02-05 04:15:00,1738746900000,238.29,238.34,238.01,238.07,10769.0,238.1209
2025-02-05 04:30:00,1738747800000,238.02,238.02,237.6,237.6,8181.0,237.8126
2025-02-05 04:45:00,1738748700000,237.61,237.86,237.6,237.74,4099.0,237.7653
2025-02-05 05:00:00,1738749600000,237.85,238.35,237.8,238.35,7546.0,238.1034
2025-02-05 05:15:00,1738750500000,238.3,238.53,238.29,238.51,5779.0,238.4462
2025-02-05 05:30:00,1738751400000,238.7,238.83,238.7,238.74,3602.0,238.7482
2025-02-05 05:45:00,1738752300000,238.72,238.72,238.5,238.5,3902.0,238.5928
2025-02-05 06:00:00,1738753200000,238.5,238.69,238.45,238.68,5951.0,238.59
2025-02-05 06:15:00,1738754100000,238.73,238.88,238.73,238.8,3764.0,238.8318
2025-02-05 06:30:00,1738755000000,238.84,238.89,238.41,238.42,9785.0,238.6168
2025-02-05 06:45:00,1738755900000,238.47,238.82,238.47,238.76,6731.0,238.6361
2025-02-05 07:00:00,1738756800000,238.79,238.88,238.4,238.4,19885.0,238.6445
2025-02-05 07:15:00,1738757700000,238.45,238.93,238.44,238.91,14464.0,238.675
2025-02-05 07:30:00,1738758600000,238.91,238.93,238.65,238.8,13038.0,238.7873
2025-02-05 07:45:00,1738759500000,238.89,239.2,238.82,239.2,21314.0,239.0133
2025-02-05 08:00:00,1738760400000,238.5,239.5786,237.85,239.0,285501.0,239.9531
2025-02-05 08:15:00,1738761300000,238.95,239.1838,238.77,238.97,51721.0,238.9097
2025-02-05 08:30:00,1738762200000,238.97,239.2,238.43,238.6999,92577.0,238.6681
2025-02-05 08:45:00,1738763100000,238.7,238.9,238.5122,238.7,55429.0,238.6753
2025-02-05 09:00:00,1738764000000,238.68,238.8,238.38,238.642,83939.0,238.5317
2025-02-05 09:15:00,1738764900000,238.61,238.62,236.52,236.78,297042.0,237.5801
2025-02-05 09:30:00,1738765800000,237.02,237.76,235.5,235.94,5308470.0,236.5962
2025-02-05 09:45:00,1738766700000,235.989,237.3,235.8812,236.998,2460069.0,236.8683
2025-02-05 10:00:00,1738767600000,237.03,237.94,236.79,237.73,2008971.0,237.3064
2025-02-05 10:15:00,1738768500000,237.71,237.93,236.65,237.3105,1423680.0,237.1139
2025-02-05 10:30:00,1738769400000,237.3,237.31,236.15,236.27,1170799.0,236.8188
2025-02-05 10:45:00,1738770300000,236.2999,236.63,235.76,236.49,1445364.0,236.1389
2025-02-05 11:00:00,1738771200000,236.48,236.8,236.1,236.23,851241.0,236.5079
2025-02-05 11:15:00,1738772100000,236.2376,236.36,235.28,235.735,1303376.0,235.6743
2025-02-05 11:30:00,1738773000000,235.73,236.0,235.2,235.65,1115918.0,235.6104
2025-02-05 11:45:00,1738773900000,235.6201,236.84,235.48,236.611,994294.0,236.1062
2025-02-05 12:00:00,1738774800000,236.59,237.21,236.555,236.91,899728.0,236.9315
2025-02-05 12:15:00,1738775700000,236.915,237.31,236.79,236.81,710791.0,237.0201
2025-02-05 12:30:00,1738776600000,236.82,236.99,236.54,236.76,470241.0,236.7729
2025-02-05 12:45:00,1738777500000,236.79,237.1599,236.65,237.08,548908.0,236.8831
2025-02-05 13:00:00,1738778400000,237.11,237.43,237.06,237.255,567612.0,237.1987
2025-02-05 13:15:00,1738779300000,237.25,237.58,237.22,237.27,583846.0,237.3842
2025-02-05 13:30:00,1738780200000,237.2722,238.32,237.08,237.1892,1098180.0,237.5055
2025-02-05 13:45:00,1738781100000,237.19,237.265,236.65,236.74,759688.0,236.9044
2025-02-05 14:00:00,1738782000000,236.73,237.1,236.41,236.845,831047.0,236.7425
2025-02-05 14:15:00,1738782900000,236.8405,236.845,236.33,236.36,590613.0,236.5695
2025-02-05 14:30:00,1738783800000,236.35,236.5,235.995,236.1,966363.0,236.2391
2025-02-05 14:45:00,1738784700000,236.09,236.46,235.96,236.14,815895.0,236.1626
2025-02-05 15:00:00,1738785600000,236.15,236.4006,235.81,235.8639,852745.0,236.1055
2025-02-05 15:15:00,1738786500000,235.8484,236.51,235.845,236.2574,901162.0,236.2169
2025-02-05 15:30:00,1738787400000,236.23,236.3393,235.59,235.695,1110926.0,235.9973
2025-02-05 15:45:00,1738788300000,235.695,236.3299,235.63,236.12,2968829.0,236.0564
2025-02-05 16:00:00,1738789200000,236.17,236.68,236.01,236.6,399495.0,236.2044
2025-02-05 16:15:00,1738790100000,236.64,236.66,236.17,236.55,86080.0,236.394
2025-02-05 16:30:00,1738791000000,236.54,236.69,236.41,236.63,45777.0,236.5544
2025-02-05 16:45:00,1738791900000,236.59,236.78,236.5,236.6603,38722.0,236.6576
2025-02-05 17:00:00,1738792800000,236.66,236.78,236.6,236.73,19298.0,236.6927
2025-02-05 17:15:00,1738793700000,236.7,236.76,236.7,236.75,15876.0,236.7262
2025-02-05 17:30:00,1738794600000,236.76,236.86,236.75,236.86,16238.0,236.8005
2025-02-05 17:45:00,1738795500000,236.85,236.85,236.7028,236.8,13156.0,236.7942
2025-02-05 18:00:00,1738796400000,236.75,236.7855,236.68,236.75,5679.0,236.7396
2025-02-05 18:15:00,1738797300000,236.75,236.8,236.6257,236.7591,9668.0,236.7427
2025-02-05 18:30:00,1738798200000,236.75,236.81,236.68,236.8,8956.0,236.7565
2025-02-05 18:45:00,1738799100000,236.75,237.1,236.731,236.96,25240.0,236.9663
2025-02-05 19:00:00,1738800000000,237.1,237.1686,237.0,237.1686,11211.0,237.0752
2025-02-05 19:15:00,1738800900000,237.13,237.17,237.0,237.0515,11500.0,237.0926
2025-02-05 19:30:00,1738801800000,237.1,237.1,237.0,237.03,10182.0,237.0728
2025-02-05 19:45:00,1738802700000,237.05,237.1,236.97,237.08,23484.0,237.0596
2025-02-06 04:00:00,1738832400000,237.88,238.11,237.12,238.0,28700.0,237.8446
2025-02-06 04:15:00,1738833300000,237.93,238.03,237.8,237.83,15580.0,237.9054
2025-02-06 04:30:00,1738834200000,237.88,237.92,237.6,237.73,7866.0,237.7855
2025-02-06 04:45:00,1738835100000,237.69,237.83,237.66,237.72,4136.0,237.7475
2025-02-06 05:00:00,1738836000000,237.78,238.09,237.69,238.09,7616.0,237.8971
2025-02-06 05:15:00,1738836900000,238.09,238.14,237.79,237.87,7181.0,237.9927
2025-02-06 05:30:00,1738837800000,237.8,237.89,237.53,237.78,6945.0,237.704
2025-02-06 05:45:00,1738838700000,237.7,237.77,237.51,237.51,7352.0,237.6135
2025-02-06 06:00:00,1738839600000,237.5,237.57,237.26,237.36,16422.0,237.4834
2025-02-06 06:15:00,1738840500000,237.34,237.34,236.98,237.12,18275.0,237.0715
2025-02-06 06:30:00,1738841400000,237.07,237.69,236.9,237.57,13290.0,237.2647
2025-02-06 06:45:00,1738842300000,237.59,237.59,237.19,237.31,8672.0,237.3636
2025-02-06 07:00:00,1738843200000,237.32,237.48,237.04,237.12,22749.0,237.1966
2025-02-06 07:15:00,1738844100000,237.17,237.38,237.17,237.33,14798.0,237.3134
2025-02-06 07:30:00,1738845000000,237.36,237.4,237.2,237.39,27410.0,237.2861
2025-02-06 07:45:00,1738845900000,237.4,237.64,237.39,237.64,18778.0,237.4912
2025-02-06 08:00:00,1738846800000,237.39,238.24,237.0303,237.8,174806.0,237.6488
2025-02-06 08:15:00,1738847700000,237.8,238.27,237.8,237.9,90113.0,238.098
2025-02-06 08:30:00,1738848600000,237.9393,238.269,237.65,237.65,83133.0,237.9704
2025-02-06 08:45:00,1738849500000,237.65,238.0,237.65,237.95,44491.0,237.8243
2025-02-06 09:00:00,1738850400000,238.0,238.18,237.8,237.95,428487.0,236.6335
2025-02-06 09:15:00,1738851300000,237.91,239.0,237.85,238.15,172654.0,238.4128
2025-02-06 09:30:00,1738852200000,238.01,239.5,237.25,238.1304,3556070.0,238.0581
2025-02-06 09:45:00,1738853100000,238.13,238.24,237.255,237.445,1666805.0,237.7879
2025-02-06 10:00:00,1738854000000,237.42,237.9,236.67,237.8,1671582.0,237.1203
2025-02-06 10:15:00,1738854900000,237.8,237.9699,237.14,237.19,1966806.0,237.738
2025-02-06 10:30:00,1738855800000,237.2,237.91,236.9,237.55,1256812.0,237.3683
2025-02-06 10:45:00,1738856700000,237.55,238.01,237.255,237.41,1108236.0,237.6523
2025-02-06 11:00:00,1738857600000,237.38,237.68,237.13,237.291,904284.0,237.4567
2025-02-06 11:15:00,1738858500000,237.29,238.0,237.27,237.57,1002895.0,237.6634
2025-02-06 11:30:00,1738859400000,237.575,237.585,236.88,236.8997,863917.0,237.2403
2025-02-06 11:45:00,1738860300000,236.91,236.91,236.01,236.23,1374632.0,236.4306
2025-02-06 12:00:00,1738861200000,236.25,236.69,236.1,236.46,700052.0,236.4112
2025-02-06 12:15:00,1738862100000,236.4575,237.74,236.375,237.4828,1776132.0,237.2342
2025-02-06 12:30:00,1738863000000,237.483,237.5899,237.22,237.4314,945956.0,237.4484
2025-02-06 12:45:00,1738863900000,237.43,237.6799,237.16,237.435,1030868.0,237.447
2025-02-06 13:00:00,1738864800000,237.45,237.7896,237.33,237.72,747661.0,237.6288
2025-02-06 13:15:00,1738865700000,237.73,238.02,237.55,237.855,839835.0,237.8178
2025-02-06 13:30:00,1738866600000,237.852,238.2,237.71,238.1,908247.0,237.8809
2025-02-06 13:45:00,1738867500000,238.095,238.67,238.05,238.55,1060697.0,238.3128
2025-02-06 14:00:00,1738868400000,238.5401,238.92,238.24,238.91,850457.0,238.55
2025-02-06 14:15:00,1738869300000,238.9096,239.28,238.56,238.7115,1293413.0,238.9393
2025-02-06 14:30:00,1738870200000,238.72,238.7398,237.32,237.4659,1892606.0,238.0981
2025-02-06 14:45:00,1738871100000,237.47,237.6199,237.12,237.42,1121777.0,237.4177
2025-02-06 15:00:00,1738872000000,237.41,237.54,237.23,237.3664,1143244.0,237.3687
2025-02-06 15:15:00,1738872900000,237.37,237.78,237.25,237.63,1483185.0,237.5142
2025-02-06 15:30:00,1738873800000,237.635,238.58,237.43,238.525,1880136.0,237.9435
2025-02-06 15:45:00,1738874700000,238.5211,239.6599,238.11,238.7425,5274624.0,238.7762
2025-02-06 16:00:00,1738875600000,238.83,238.99,221.77,230.2499,6368608.0,230.1816
2025-02-06 16:15:00,1738876500000,230.25,235.8,229.35,232.8602,2280679.0,232.9135
2025-02-06 16:30:00,1738877400000,232.99,238.38,232.868,233.7,1931803.0,235.609
2025-02-06 16:45:00,1738878300000,233.65,234.0,230.8,232.84,1064936.0,232.0428
2025-02-06 17:00:00,1738879200000,233.11,233.23,227.06,227.33,1180544.0,230.0345
2025-02-06 17:15:00,1738880100000,227.265,230.0,225.0,226.94,1776944.0,227.0024
2025-02-06 17:30:00,1738881000000,226.99,231.0,225.65,226.25,1359251.0,228.4006
2025-02-06 17:45:00,1738881900000,226.22,229.0,225.717,228.75,701852.0,227.3697
2025-02-06 18:00:00,1738882800000,228.6401,229.5,228.3,229.19,335723.0,228.9221
2025-02-06 18:15:00,1738883700000,229.19,229.39,228.71,229.0712,150465.0,229.045
2025-02-06 18:30:00,1738884600000,229.07,229.14,228.39,228.87,164476.0,228.8838
2025-02-06 18:45:00,1738885500000,228.88,229.3,228.8007,229.0007,132446.0,229.0932
2025-02-06 19:00:00,1738886400000,229.0297,229.2,228.71,228.71,76236.0,228.9037
2025-02-06 19:15:00,1738887300000,228.7486,229.0859,228.514,229.0,65313.0,228.8185
2025-02-06 19:30:00,1738888200000,228.9408,229.0,228.9,228.9012,44848.0,228.9334
2025-02-06 19:45:00,1738889100000,228.94,229.19,228.68,229.16,158329.0,228.9947
2025-02-07 04:00:00,1738918800000,229.24,231.47,229.24,230.48,99217.0,230.7442
2025-02-07 04:15:00,1738919700000,230.35,231.75,230.15,231.63,51293.0,230.824
2025-02-07 04:30:00,1738920600000,231.61,232.19,231.56,232.05,49570.0,231.8692
2025-02-07 04:45:00,1738921500000,232.04,232.48,232.0,232.24,46492.0,232.1645
2025-02-07 05:00:00,1738922400000,232.31,232.9,232.24,232.46,40233.0,232.5838
2025-02-07 05:15:00,1738923300000,232.41,232.89,232.21,232.87,33311.0,232.5508
2025-02-07 05:30:00,1738924200000,232.81,232.88,232.22,232.27,51949.0,232.4614
2025-02-07 05:45:00,1738925100000,232.28,232.61,231.76,232.15,62675.0,232.1429
2025-02-07 06:00:00,1738926000000,232.12,232.19,231.76,231.9,25187.0,231.9225
2025-02-07 06:15:00,1738926900000,231.93,232.15,231.2,231.46,59864.0,231.6231
2025-02-07 06:30:00,1738927800000,231.48,231.48,230.9,231.24,29713.0,231.2026
2025-02-07 06:45:00,1738928700000,231.21,231.5,230.83,231.49,67981.0,231.1012
2025-02-07 07:00:00,1738929600000,231.5,231.5,231.03,231.39,178337.0,231.4324
2025-02-07 07:15:00,1738930500000,231.45,232.0,231.16,231.35,93337.0,231.6364
2025-02-07 07:30:00,1738931400000,231.33,232.25,231.25,232.25,133525.0,231.7415
2025-02-07 07:45:00,1738932300000,232.26,232.99,232.21,232.7,133145.0,232.63
2025-02-07 08:00:00,1738933200000,232.78,232.99,228.87,231.7712,630476.0,231.7121
2025-02-07 08:15:00,1738934100000,231.7703,232.06,230.9,231.2899,196779.0,231.4809
2025-02-07 08:30:00,1738935000000,231.2,232.7799,230.69,232.6899,362807.0,231.777
2025-02-07 08:45:00,1738935900000,232.61,232.8,231.99,232.77,250577.0,232.394
2025-02-07 09:00:00,1738936800000,232.7505,232.91,231.5627,232.3498,318403.0,232.3481
2025-02-07 09:15:00,1738937700000,232.3,232.95,232.01,232.5,275062.0,232.4398
2025-02-07 09:30:00,1738938600000,232.5,234.81,231.33,234.27,10173775.0,233.3469
2025-02-07 09:45:00,1738939500000,234.25,234.5,232.27,232.8,4936246.0,233.3999
2025-02-07 10:00:00,1738940400000,232.75,232.8,228.5,229.17,7238920.0,230.1019
2025-02-07 10:15:00,1738941300000,229.1989,230.85,228.94,229.6725,3520595.0,229.9503
2025-02-07 10:30:00,1738942200000,229.66,230.84,229.52,230.41,1998882.0,230.1965
2025-02-07 10:45:00,1738943100000,230.4005,231.505,229.23,230.3,2643654.0,230.434
2025-02-07 11:00:00,1738944000000,230.3,230.3679,229.33,229.675,2586779.0,230.0495
2025-02-07 11:15:00,1738944900000,229.69,230.75,228.9786,229.11,3366173.0,229.8892
2025-02-07 11:30:00,1738945800000,229.13,229.89,228.85,229.26,1342109.0,229.2874
2025-02-07 11:45:00,1738946700000,229.28,229.43,228.66,229.015,1906265.0,229.0274
2025-02-07 12:00:00,1738947600000,229.02,229.75,228.06,229.5899,2408774.0,228.9519
2025-02-07 12:15:00,1738948500000,229.55,229.74,228.59,229.03,1488296.0,229.0677
2025-02-07 12:30:00,1738949400000,229.01,230.1557,228.93,230.1,1174271.0,229.6455
2025-02-07 12:45:00,1738950300000,230.1096,230.1704,229.7401,229.82,947123.0,229.9899
2025-02-07 13:00:00,1738951200000,229.82,230.933,229.71,230.795,2284199.0,230.5366
2025-02-07 13:15:00,1738952100000,230.8,230.97,229.96,230.33,953849.0,230.3226
2025-02-07 13:30:00,1738953000000,230.32,230.99,229.67,229.715,1195310.0,230.4193
2025-02-07 13:45:00,1738953900000,229.74,229.9482,229.5,229.543,863824.0,229.7023
2025-02-07 14:00:00,1738954800000,229.53,229.695,229.01,229.17,1164358.0,229.3729
2025-02-07 14:15:00,1738955700000,229.18,229.25,228.86,228.935,1314554.0,229.0179
2025-02-07 14:30:00,1738956600000,228.95,229.275,228.63,229.23,1016956.0,228.9116
2025-02-07 14:45:00,1738957500000,229.23,229.375,228.92,229.13,718940.0,229.1807
2025-02-07 15:00:00,1738958400000,229.11,229.3656,228.7801,228.885,1005882.0,229.046
2025-02-07 15:15:00,1738959300000,228.89,229.3,228.7201,228.905,1284692.0,228.9499
2025-02-07 15:30:00,1738960200000,228.9,229.75,228.87,229.74,3464499.0,229.4724
2025-02-07 15:45:00,1738961100000,229.74,230.04,228.7,229.14,4253255.0,229.3712
2025-02-07 16:00:00,1738962000000,229.15,229.63,228.9,229.0302,496748.0,229.1368
2025-02-07 16:15:00,1738962900000,229.0499,229.14,229.01,229.0199,29776.0,229.039
2025-02-07 16:30:00,1738963800000,229.01,229.1,228.88,229.1,42859.0,229.0052
2025-02-07 16:45:00,1738964700000,229.03,229.08,228.9505,228.9601,15113.0,229.0116
2025-02-07 17:00:00,1738965600000,229.0248,229.0248,228.6892,228.7889,30589.0,228.8111
2025-02-07 17:15:00,1738966500000,228.7878,228.85,228.65,228.7,14871.0,228.748
2025-02-07 17:30:00,1738967400000,228.74,228.99,228.6728,228.85,10746.0,228.8071
2025-02-07 17:45:00,1738968300000,228.8,228.9463,228.8,228.8009,17143.0,228.8836
2025-02-07 18:00:00,1738969200000,228.8688,228.8694,228.75,228.75,15374.0,228.8133
2025-02-07 18:15:00,1738970100000,228.7701,228.8,228.66,228.66,12834.0,228.7234
2025-02-07 18:30:00,1738971000000,228.66,228.66,228.55,228.6,13478.0,228.6032
2025-02-07 18:45:00,1738971900000,228.66,229.14,228.66,228.74,12475.0,228.8024
2025-02-07 19:00:00,1738972800000,228.7326,228.75,228.66,228.7,2297.0,228.7121
2025-02-07 19:15:00,1738973700000,228.67,228.6999,228.5512,228.6,9410.0,228.6344
2025-02-07 19:30:00,1738974600000,228.6578,228.6799,228.56,228.56,9996.0,228.6053
2025-02-07 19:45:00,1738975500000,228.56,228.59,228.5,228.58,18061.0,228.5449
2025-02-10 04:00:00,1739178000000,229.99,230.38,229.81,230.34,27219.0,230.0778
2025-02-10 04:15:00,1739178900000,230.33,230.55,230.33,230.48,7276.0,230.4217
2025-02-10 04:30:00,1739179800000,230.48,230.5,230.4,230.44,7118.0,230.4452
2025-02-10 04:45:00,1739180700000,230.4,230.72,230.26,230.72,7333.0,230.4339
2025-02-10 05:00:00,1739181600000,230.69,230.76,230.63,230.74,3925.0,230.7039
2025-02-10 05:15:00,1739182500000,230.66,230.77,230.43,230.49,8874.0,230.55
2025-02-10 05:30:00,1739183400000,230.51,230.61,230.5,230.59,6468.0,230.5377
2025-02-10 05:45:00,1739184300000,230.5,230.59,230.4,230.43,6724.0,230.4884
2025-02-10 06:00:00,1739185200000,230.44,230.65,230.21,230.62,9508.0,230.4012
2025-02-10 06:15:00,1739186100000,230.65,230.83,230.63,230.77,10257.0,230.6906
2025-02-10 06:30:00,1739187000000,230.68,230.74,230.57,230.65,5429.0,230.6348
2025-02-10 06:45:00,1739187900000,230.66,230.8,230.65,230.68,5007.0,230.7135
2025-02-10 07:00:00,1739188800000,230.65,230.65,229.95,230.15,56926.0,230.2859
2025-02-10 07:15:00,1739189700000,230.1,230.16,229.99,230.15,14268.0,230.055
2025-02-10 07:30:00,1739190600000,230.17,230.2,230.09,230.15,7853.0,230.1483
2025-02-10 07:45:00,1739191500000,230.15,230.3,230.13,230.3,12695.0,230.2162
2025-02-10 08:00:00,1739192400000,230.31,230.64,229.6,230.14,159261.0,230.1483
2025-02-10 08:15:00,1739193300000,230.16,230.39,230.16,230.34,38448.0,230.3221
2025-02-10 08:30:00,1739194200000,230.33,230.65,230.25,230.4,97019.0,230.4202
2025-02-10 08:45:00,1739195100000,230.38,230.3893,230.14,230.25,58480.0,230.2667
2025-02-10 09:00:00,1739196000000,230.25,230.25,229.7532,229.7564,95463.0,230.0937
2025-02-10 09:15:00,1739196900000,229.7501,230.67,229.7,230.67,131445.0,230.1383
2025-02-10 09:30:00,1739197800000,230.545,231.55,229.2,230.22,4145246.0,230.3914
2025-02-10 09:45:00,1739198700000,230.2,231.29,229.53,231.24,2047584.0,230.3806
2025-02-10 10:00:00,1739199600000,231.2471,232.54,231.12,232.2801,2219496.0,231.9406
2025-02-10 10:15:00,1739200500000,232.29,233.6389,232.15,233.55,2051937.0,233.0375
2025-02-10 10:30:00,1739201400000,233.57,233.84,232.78,233.676,1733965.0,233.3631
2025-02-10 10:45:00,1739202300000,233.6907,233.8,232.85,232.91,1102528.0,233.3419
2025-02-10 11:00:00,1739203200000,232.9,233.28,232.45,232.67,909389.0,232.8191
2025-02-10 11:15:00,1739204100000,232.69,233.08,232.33,233.08,874642.0,232.6757
2025-02-10 11:30:00,1739205000000,233.065,233.16,232.54,232.64,783587.0,232.8428
2025-02-10 11:45:00,1739205900000,232.68,232.92,232.54,232.79,542963.0,232.7107
2025-02-10 12:00:00,1739206800000,232.78,232.785,231.555,231.63,1117960.0,232.0513
2025-02-10 12:15:00,1739207700000,231.6,232.0074,231.375,231.89,684579.0,231.6719
2025-02-10 12:30:00,1739208600000,231.9,232.74,231.8,232.48,553812.0,232.3912
2025-02-10 12:45:00,1739209500000,232.48,232.625,232.33,232.53,421942.0,232.4617
2025-02-10 13:00:00,1739210400000,232.53,232.61,232.245,232.41,403957.0,232.4278
2025-02-10 13:15:00,1739211300000,232.41,232.64,232.24,232.46,442413.0,232.4465
2025-02-10 13:30:00,1739212200000,232.465,232.625,232.2542,232.609,507532.0,232.4284
2025-02-10 13:45:00,1739213100000,232.615,233.02,232.6,232.9915,607224.0,232.8495
2025-02-10 14:00:00,1739214000000,232.99,233.07,232.62,232.9801,494492.0,232.8558
2025-02-10 14:15:00,1739214900000,232.99,233.12,232.8,233.04,482892.0,232.9543
2025-02-10 14:30:00,1739215800000,233.02,233.48,233.005,233.4706,673515.0,233.2735
2025-02-10 14:45:00,1739216700000,233.46,233.5,233.0,233.42,481086.0,233.3247
2025-02-10 15:00:00,1739217600000,233.44,233.55,232.94,233.4501,771637.0,233.2956
2025-02-10 15:15:00,1739218500000,233.45,233.7673,233.26,233.59,819633.0,233.5119
2025-02-10 15:30:00,1739219400000,233.59,233.89,233.47,233.825,844706.0,233.6966
2025-02-10 15:45:00,1739220300000,233.83,233.92,232.98,233.13,2013045.0,233.3078
2025-02-10 16:00:00,1739221200000,233.14,233.5,232.84,232.84,698652.0,233.1351
2025-02-10 16:15:00,1739222100000,232.82,233.5,232.82,233.14,15775.0,233.13
2025-02-10 16:30:00,1739223000000,233.0813,233.1391,233.0,233.0501,8649.0,233.0714
2025-02-10 16:45:00,1739223900000,233.05,233.14,232.9,233.0,13377.0,233.0414
2025-02-10 17:00:00,1739224800000,232.93,232.99,232.9,232.9,4886.0,232.8801
2025-02-10 17:15:00,1739225700000,232.8813,232.98,232.88,232.9,1873.0,232.8989
2025-02-10 17:30:00,1739226600000,232.9,233.0,232.88,232.939,4748.0,232.9274
2025-02-10 17:45:00,1739227500000,232.88,232.9,232.88,232.9,1004.0,232.8941
2025-02-10 18:00:00,1739228400000,232.88,232.88,232.6101,232.7,10978.0,232.7968
2025-02-10 18:15:00,1739229300000,232.71,232.71,232.32,232.6093,6347.0,232.5095
2025-02-10 18:30:00,1739230200000,232.52,232.63,232.42,232.55,3727.0,232.5293
2025-02-10 18:45:00,1739231100000,232.58,232.58,232.5007,232.57,5354.0,232.5465
2025-02-10 19:00:00,1739232000000,232.58,232.58,232.3064,232.37,5071.0,232.4563
2025-02-10 19:15:00,1739232900000,232.35,232.5,232.35,232.5,3433.0,232.4711
2025-02-10 19:30:00,1739233800000,232.4382,232.68,232.4201,232.68,9298.0,232.5255
2025-02-10 19:45:00,1739234700000,232.63,232.63,232.5,232.56,5725.0,232.5709
2025-02-11 04:00:00,1739264400000,232.28,232.41,232.27,232.3,2630.0,232.3464
2025-02-11 04:15:00,1739265300000,232.36,232.36,232.08,232.1,2872.0,232.1389
2025-02-11 04:30:00,1739266200000,232.24,232.27,232.17,232.27,770.0,232.2188
2025-02-11 04:45:00,1739267100000,232.26,232.26,232.12,232.14,2394.0,232.1578
2025-02-11 05:00:00,1739268000000,232.16,232.28,232.11,232.23,1571.0,232.1946
2025-02-11 05:15:00,1739268900000,232.25,232.25,232.08,232.11,3060.0,232.171
2025-02-11 05:30:00,1739269800000,232.18,232.34,232.16,232.2,1672.0,232.2386
2025-02-11 05:45:00,1739270700000,232.2,232.27,231.81,231.83,6482.0,232.044
2025-02-11 06:00:00,1739271600000,231.91,232.0,231.91,232.0,3223.0,231.9879
2025-02-11 06:15:00,1739272500000,231.95,232.0,231.92,231.92,2741.0,231.964
2025-02-11 06:30:00,1739273400000,231.99,232.03,231.99,232.02,1971.0,232.0097
2025-02-11 06:45:00,1739274300000,232.15,232.21,232.14,232.18,1488.0,232.1706
2025-02-11 07:00:00,1739275200000,232.16,232.5,231.16,231.5,83103.0,231.6624
2025-02-11 07:15:00,1739276100000,231.5,231.63,231.41,231.41,7664.0,231.5519
2025-02-11 07:30:00,1739277000000,231.43,231.63,231.43,231.63,2612.0,231.5037
2025-02-11 07:45:00,1739277900000,231.61,231.7,231.55,231.55,8322.0,231.6178
2025-02-11 08:00:00,1739278800000,231.96,232.41,231.1,231.74,78904.0,231.7107
2025-02-11 08:15:00,1739279700000,231.66,231.72,231.38,231.42,30742.0,231.5464
2025-02-11 08:30:00,1739280600000,231.48,231.63,231.3,231.3,23670.0,231.4667
2025-02-11 08:45:00,1739281500000,231.3531,231.6,231.07,231.22,132213.0,232.2871
2025-02-11 09:00:00,1739282400000,231.18,231.18,230.63,230.9,98657.0,230.8605
2025-02-11 09:15:00,1739283300000,230.95,232.15,230.85,231.8503,95238.0,231.6318
2025-02-11 09:30:00,1739284200000,231.92,233.41,231.66,232.8406,2018571.0,232.643
2025-02-11 09:45:00,1739285100000,232.865,232.99,232.25,232.77,903365.0,232.5945
2025-02-11 10:00:00,1739286000000,232.74,233.44,232.5142,232.8,1125178.0,232.9364
2025-02-11 10:15:00,1739286900000,232.8,232.92,232.4,232.6912,801004.0,232.6533
2025-02-11 10:30:00,1739287800000,232.69,233.02,232.43,232.5206,664216.0,232.7446
2025-02-11 10:45:00,1739288700000,232.515,232.64,231.55,231.63,913662.0,232.1067
2025-02-11 11:00:00,1739289600000,231.615,231.715,230.7,231.49,1257238.0,231.119
2025-02-11 11:15:00,1739290500000,231.49,231.63,231.1762,231.3549,584793.0,231.4714
2025-02-11 11:30:00,1739291400000,231.33,231.6358,231.205,231.45,491449.0,231.4157
2025-02-11 11:45:00,1739292300000,231.44,231.56,230.64,230.8556,648280.0,230.9661
2025-02-11 12:00:00,1739293200000,230.855,230.855,230.13,230.29,695319.0,230.4339
2025-02-11 12:15:00,1739294100000,230.2832,231.0,230.2,231.0,537982.0,230.6702
2025-02-11 12:30:00,1739295000000,231.0,231.41,230.95,231.36,455835.0,231.2515
2025-02-11 12:45:00,1739295900000,231.37,231.38,231.09,231.26,412710.0,231.2615
2025-02-11 13:00:00,1739296800000,231.25,231.7165,231.16,231.56,452675.0,231.4939
2025-02-11 13:15:00,1739297700000,231.55,232.12,231.4401,231.835,1406878.0,231.6435
2025-02-11 13:30:00,1739298600000,231.84,232.34,231.77,232.18,511128.0,232.0848
2025-02-11 13:45:00,1739299500000,232.19,232.33,231.93,231.97,333550.0,232.0773
2025-02-11 14:00:00,1739300400000,231.945,232.18,231.8201,231.89,389846.0,232.0126
2025-02-11 14:15:00,1739301300000,231.9,231.99,231.44,231.67,429833.0,231.7173
2025-02-11 14:30:00,1739302200000,231.68,232.32,231.5271,232.1754,498163.0,231.8582
2025-02-11 14:45:00,1739303100000,232.185,232.51,232.11,232.44,406289.0,232.3365
2025-02-11 15:00:00,1739304000000,232.46,232.64,232.2587,232.4,532607.0,232.4663
2025-02-11 15:15:00,1739304900000,232.4,232.54,232.2,232.32,494534.0,232.4016
2025-02-11 15:30:00,1739305800000,232.33,232.55,232.01,232.4,1051551.0,232.3444
2025-02-11 15:45:00,1739306700000,232.4,232.85,232.18,232.81,1528393.0,232.5446
2025-02-11 16:00:00,1739307600000,232.76,232.9002,232.5822,232.6404,345055.0,232.7529
2025-02-11 16:15:00,1739308500000,232.63,232.84,232.63,232.75,27274.0,232.7602
2025-02-11 16:30:00,1739309400000,232.6844,232.7188,232.65,232.6893,4020.0,232.679
2025-02-11 16:45:00,1739310300000,232.66,232.76,232.62,232.6615,105527.0,232.7522
2025-02-11 17:00:00,1739311200000,232.65,232.67,232.59,232.6,2794.0,232.6913
2025-02-11 17:15:00,1739312100000,232.6,232.6,232.56,232.56,1844.0,232.5815
2025-02-11 17:30:00,1739313000000,232.52,232.52,232.33,232.3397,3963.0,232.4697
2025-02-11 17:45:00,1739313900000,232.42,232.478,232.3215,232.478,9162.0,232.3823
2025-02-11 18:00:00,1739314800000,232.48,232.74,232.48,232.7,10017.0,232.6487
2025-02-11 18:15:00,1739315700000,232.7,232.7574,232.5051,232.69,5485.0,232.6558
2025-02-11 18:30:00,1739316600000,232.69,232.76,232.69,232.75,3681.0,232.7292
2025-02-11 18:45:00,1739317500000,232.76,232.76,232.69,232.7,2801.0,232.7214
2025-02-11 19:00:00,1739318400000,232.76,232.77,232.66,232.66,1321.0,232.7144
2025-02-11 19:15:00,1739319300000,232.73,232.8,232.73,232.8,3263.0,232.7867
2025-02-11 19:30:00,1739320200000,232.87,232.87,232.7537,232.78,5336.0,232.8102
2025-02-11 19:45:00,1739321100000,232.74,232.81,232.74,232.81,6238.0,232.7643
2025-02-12 04:00:00,1739350800000,232.82,232.82,232.03,232.15,3745.0,232.3166
2025-02-12 04:15:00,1739351700000,232.04,232.04,231.46,231.74,5439.0,231.738
2025-02-12 04:30:00,1739352600000,231.76,231.97,231.7,231.9,5149.0,231.8498
2025-02-12 04:45:00,1739353500000,231.99,232.28,231.99,232.27,2060.0,232.1676
2025-02-12 05:00:00,1739354400000,232.21,232.21,232.21,232.21,178.0,232.2022
2025-02-12 05:15:00,1739355300000,232.14,232.36,232.11,232.36,2647.0,232.2612
2025-02-12 05:30:00,1739356200000,232.41,232.41,232.27,232.27,2495.0,232.3474
2025-02-12 05:45:00,1739357100000,232.27,232.7,232.21,232.64,4444.0,232.4017
2025-02-12 06:00:00,1739358000000,232.6,232.6,232.5,232.5,1259.0,232.5628
2025-02-12 06:15:00,1739358900000,232.55,232.64,231.98,232.0,17055.0,232.1924
2025-02-12 06:30:00,1739359800000,232.11,232.11,232.11,232.11,495.0,232.1018
2025-02-12 06:45:00,1739360700000,232.11,232.18,231.99,232.1,6624.0,232.0791
2025-02-12 07:00:00,1739361600000,232.05,232.13,232.0,232.08,6205.0,232.0439
2025-02-12 07:15:00,1739362500000,232.14,232.31,232.14,232.22,6677.0,232.2326
2025-02-12 07:30:00,1739363400000,232.22,232.22,232.07,232.14,3938.0,232.1377
2025-02-12 07:45:00,1739364300000,232.17,232.25,232.13,232.25,2723.0,232.2206
2025-02-12 08:00:00,1739365200000,232.13,232.92,231.9606,232.25,43901.0,232.3238
2025-02-12 08:15:00,1739366100000,232.33,232.4975,232.1,232.33,123217.0,232.6269
2025-02-12 08:30:00,1739367000000,232.41,232.41,229.29,229.42,311698.0,229.9987
2025-02-12 08:45:00,1739367900000,229.45,230.0,229.45,229.7001,82740.0,229.7567
2025-02-12 09:00:00,1739368800000,229.71,229.84,229.44,229.5,81935.0,229.6349
2025-02-12 09:15:00,1739369700000,229.65,230.62,229.5,230.6,86090.0,230.1054
2025-02-12 09:30:00,1739370600000,230.46,231.15,228.16,229.05,3087535.0,229.3151
2025-02-12 09:45:00,1739371500000,229.06,230.43,228.73,229.68,1567357.0,229.6236
2025-02-12 10:00:00,1739372400000,229.7,229.845,228.21,228.2428,1319882.0,228.9738
2025-02-12 10:15:00,1739373300000,228.25,229.99,228.19,229.86,1427633.0,229.119
2025-02-12 10:30:00,1739374200000,229.8546,230.74,229.67,230.08,1088767.0,230.1164
2025-02-12 10:45:00,1739375100000,230.09,230.38,229.55,230.34,591000.0,230.0018
2025-02-12 11:00:00,1739376000000,230.35,230.4,229.29,229.52,625269.0,229.8485
2025-02-12 11:15:00,1739376900000,229.5,229.88,229.38,229.61,550812.0,229.6223
2025-02-12 11:30:00,1739377800000,229.57,230.17,229.3401,230.09,506052.0,229.7425
2025-02-12 11:45:00,1739378700000,230.0952,230.31,229.64,230.2,691548.0,229.9725
2025-02-12 12:00:00,1739379600000,230.175,230.7,230.09,230.6344,631644.0,230.4183
2025-02-12 12:15:00,1739380500000,230.64,230.88,230.41,230.765,659097.0,230.6927
2025-02-12 12:30:00,1739381400000,230.74,230.77,230.1356,230.25,446218.0,230.4932
2025-02-12 12:45:00,1739382300000,230.2652,231.1247,230.19,231.05,609243.0,230.6052
2025-02-12 13:00:00,1739383200000,231.04,231.17,230.77,231.16,440216.0,230.9539
2025-02-12 13:15:00,1739384100000,231.14,231.18,230.5552,230.88,403826.0,230.9685
2025-02-12 13:30:00,1739385000000,230.9,231.04,230.5868,230.645,296173.0,230.806
2025-02-12 13:45:00,1739385900000,230.64,230.99,230.55,230.665,404767.0,230.6899
2025-02-12 14:00:00,1739386800000,230.68,230.9753,230.3,230.505,527187.0,230.6165
2025-02-12 14:15:00,1739387700000,230.5,230.87,230.33,230.7135,953914.0,230.4871
2025-02-12 14:30:00,1739388600000,230.72,230.82,230.485,230.695,814616.0,230.4533
2025-02-12 14:45:00,1739389500000,230.66,230.9799,230.47,230.74,685899.0,230.7502
2025-02-12 15:00:00,1739390400000,230.76,230.79,230.0703,230.1969,596868.0,230.4679
2025-02-12 15:15:00,1739391300000,230.1628,230.23,229.845,229.855,689449.0,230.0377
2025-02-12 15:30:00,1739392200000,229.85,229.93,229.1601,229.19,1098380.0,229.5058
2025-02-12 15:45:00,1739393100000,229.19,229.22,228.45,228.9,3038899.0,228.8797
2025-02-12 16:00:00,1739394000000,228.93,229.0,228.64,228.8,1150281.0,228.9266
2025-02-12 16:15:00,1739394900000,228.75,228.93,228.64,228.76,28030.0,228.7588
2025-02-12 16:30:00,1739395800000,228.75,228.83,228.65,228.7,19078.0,228.763
2025-02-12 16:45:00,1739396700000,228.69,228.9685,228.69,228.94,28569.0,228.774
2025-02-12 17:00:00,1739397600000,228.93,229.0977,228.86,229.0381,9447.0,228.9723
2025-02-12 17:15:00,1739398500000,228.97,229.07,228.81,229.0,1719623.0,228.9302
2025-02-12 17:30:00,1739399400000,229.0,229.0,228.81,228.9881,12882.0,228.9286
2025-02-12 17:45:00,1739400300000,228.8999,228.99,228.8001,228.89,14099.0,228.8804
2025-02-12 18:00:00,1739401200000,228.93,228.98,228.83,228.98,7314.0,228.9
2025-02-12 18:15:00,1739402100000,228.84,228.96,228.84,228.8502,7077.0,228.9078
2025-02-12 18:30:00,1739403000000,228.8563,228.9999,228.8563,228.98,5975.0,228.9293
2025-02-12 18:45:00,1739403900000,229.0,229.25,228.9149,229.21,13549.0,229.1253
2025-02-12 19:00:00,1739404800000,229.21,229.25,229.0336,229.06,10601.0,229.1205
2025-02-12 19:15:00,1739405700000,229.0352,229.32,229.0312,229.32,15695.0,229.2105
2025-02-12 19:30:00,1739406600000,229.241,229.25,229.16,229.25,3770.0,229.2308
2025-02-12 19:45:00,1739407500000,229.26,229.32,229.26,229.31,11610.0,229.3046
2025-02-13 04:00:00,1739437200000,229.0,229.09,228.01,228.24,15947.0,228.4489
2025-02-13 04:15:00,1739438100000,228.3,228.7,228.3,228.7,5746.0,228.5365
2025-02-13 04:30:00,1739439000000,228.83,229.2,228.78,229.2,6051.0,229.0312
2025-02-13 04:45:00,1739439900000,229.02,229.02,228.87,229.0,7837.0,228.9837
2025-02-13 05:00:00,1739440800000,228.98,229.0,228.87,229.0,4894.0,228.9467
2025-02-13 05:15:00,1739441700000,229.12,229.13,228.91,229.13,2411.0,229.0436
2025-02-13 05:30:00,1739442600000,229.01,229.25,229.0,229.25,1806.0,229.1555
2025-02-13 05:45:00,1739443500000,229.2,229.2,229.12,229.12,1224.0,229.1487
2025-02-13 06:00:00,1739444400000,229.04,229.12,229.04,229.12,641.0,229.0786
2025-02-13 06:15:00,1739445300000,229.21,229.37,229.18,229.37,1314.0,229.2549
2025-02-13 06:30:00,1739446200000,229.28,229.36,229.26,229.29,2306.0,229.3083
2025-02-13 06:45:00,1739447100000,229.34,229.34,228.8,228.9,5987.0,228.9978
2025-02-13 07:00:00,1739448000000,228.95,228.99,228.27,228.33,46857.0,228.6145
2025-02-13 07:15:00,1739448900000,228.255,228.48,228.25,228.26,19256.0,228.3665
2025-02-13 07:30:00,1739449800000,228.31,228.4,228.12,228.23,22707.0,228.2766
2025-02-13 07:45:00,1739450700000,228.23,228.24,228.03,228.09,22719.0,228.1484
2025-02-13 08:00:00,1739451600000,228.32,229.75,228.03,228.41,92365.0,228.5169
2025-02-13 08:15:00,1739452500000,228.45,228.6747,228.25,228.5038,22977.0,228.4513
2025-02-13 08:30:00,1739453400000,228.65,229.4872,228.2,229.4,128799.0,229.0773
2025-02-13 08:45:00,1739454300000,229.35,229.3999,228.83,229.05,92194.0,229.0863
2025-02-13 09:00:00,1739455200000,229.02,229.14,228.67,228.795,48152.0,228.8429
2025-02-13 09:15:00,1739456100000,228.77,229.0,228.4999,228.93,53499.0,228.6846
2025-02-13 09:30:00,1739457000000,228.85,229.35,227.52,228.3599,2393000.0,228.4755
2025-02-13 09:45:00,1739457900000,228.335,228.7966,227.77,228.56,1223421.0,228.2743
2025-02-13 10:00:00,1739458800000,228.53,229.105,228.32,229.0507,1087028.0,228.7194
2025-02-13 10:15:00,1739459700000,229.04,229.86,228.86,229.5038,1105624.0,229.3766
2025-02-13 10:30:00,1739460600000,229.5,230.3,229.35,230.11,1086242.0,229.8656
2025-02-13 10:45:00,1739461500000,230.13,230.3231,229.8628,229.9647,718583.0,230.1422
2025-02-13 11:00:00,1739462400000,229.965,230.048,229.55,229.65,664773.0,229.6988
2025-02-13 11:15:00,1739463300000,229.66,229.76,228.62,228.62,725216.0,229.2958
2025-02-13 11:30:00,1739464200000,228.63,229.22,228.42,228.8399,745138.0,228.7583
2025-02-13 11:45:00,1739465100000,228.81,228.91,227.97,228.27,752248.0,228.2828
2025-02-13 12:00:00,1739466000000,228.27,228.86,228.0601,228.44,514158.0,228.5355
2025-02-13 12:15:00,1739466900000,228.43,228.46,227.99,228.115,717953.0,228.2509
2025-02-13 12:30:00,1739467800000,228.13,228.27,227.995,228.05,517242.0,228.12
2025-02-13 12:45:00,1739468700000,228.04,228.33,227.8,227.89,909511.0,228.0426
2025-02-13 13:00:00,1739469600000,227.85,228.11,227.63,228.09,636303.0,227.8772
2025-02-13 13:15:00,1739470500000,228.1,228.28,227.64,228.17,535203.0,228.0379
2025-02-13 13:30:00,1739471400000,228.22,228.4417,227.76,228.285,607335.0,228.1828
2025-02-13 13:45:00,1739472300000,228.275,228.71,227.91,228.6878,543938.0,228.3578
2025-02-13 14:00:00,1739473200000,228.68,229.07,228.48,229.04,481197.0,228.8351
2025-02-13 14:15:00,1739474100000,229.045,229.22,228.91,229.1828,485427.0,229.0403
2025-02-13 14:30:00,1739475000000,229.18,229.87,229.095,229.7,641315.0,229.5643
2025-02-13 14:45:00,1739475900000,229.68,229.95,229.43,229.82,529147.0,229.7127
2025-02-13 15:00:00,1739476800000,229.79,229.96,229.68,229.79,625285.0,229.8103
2025-02-13 15:15:00,1739477700000,229.795,230.12,229.55,229.635,1006297.0,229.8666
2025-02-13 15:30:00,1739478600000,229.62,229.62,228.9,228.94,1003567.0,229.1446
2025-02-13 15:45:00,1739479500000,228.92,230.42,228.8402,230.36,2861865.0,229.8507
2025-02-13 16:00:00,1739480400000,230.37,230.54,229.95,230.1,316977.0,230.3437
2025-02-13 16:15:00,1739481300000,230.1,230.14,229.83,229.85,15933.0,229.9469
2025-02-13 16:30:00,1739482200000,229.9,229.941,229.81,229.879,8271.0,229.8796
2025-02-13 16:45:00,1739483100000,229.8699,230.37,229.834,230.0,14502.0,230.0129
2025-02-13 17:00:00,1739484000000,230.04,230.05,229.93,229.93,3968.0,229.9653
2025-02-13 17:15:00,1739484900000,229.99,230.0,229.87,229.87,2376.0,229.9453
2025-02-13 17:30:00,1739485800000,229.9963,229.9963,229.56,229.9784,10088.0,229.6479
2025-02-13 17:45:00,1739486700000,229.8204,229.91,229.8,229.85,3011.0,229.8238
2025-02-13 18:00:00,1739487600000,229.95,230.0,229.9488,230.0,2427.0,229.958
2025-02-13 18:15:00,1739488500000,230.1221,230.1496,229.9665,230.1496,6044.0,230.079
2025-02-13 18:30:00,1739489400000,230.2,230.2,230.0,230.0,1974.0,230.1272
2025-02-13 18:45:00,1739490300000,230.0013,230.1,229.9538,230.0,2083.0,229.9995
2025-02-13 19:00:00,1739491200000,230.06,230.0843,229.85,230.0843,1758.0,229.9844
2025-02-13 19:15:00,1739492100000,229.97,230.13,229.95,230.1,6719.0,230.0548
2025-02-13 19:30:00,1739493000000,230.199,230.199,230.01,230.01,5535.0,230.0902
2025-02-13 19:45:00,1739493900000,230.1389,230.1389,230.0114,230.08,6062.0,230.0704
2025-02-14 04:00:00,1739523600000,230.62,231.2,230.58,231.2,12342.0,230.8622
2025-02-14 04:15:00,1739524500000,231.17,231.2,230.8,230.8,6164.0,230.9863
2025-02-14 04:30:00,1739525400000,230.8,231.03,230.56,230.67,6340.0,230.8271
2025-02-14 04:45:00,1739526300000,230.55,230.55,230.44,230.5,1853.0,230.4745
2025-02-14 05:00:00,1739527200000,230.52,230.52,230.45,230.45,2017.0,230.4922
2025-02-14 05:15:00,1739528100000,230.39,230.43,230.37,230.43,1875.0,230.3971
2025-02-14 05:30:00,1739529000000,230.45,230.5,230.35,230.41,3090.0,230.4083
2025-02-14 05:45:00,1739529900000,230.41,230.46,230.32,230.46,1786.0,230.405
2025-02-14 06:00:00,1739530800000,230.36,230.42,230.25,230.25,2692.0,230.3143
2025-02-14 06:15:00,1739531700000,230.14,230.36,230.11,230.31,3923.0,230.1742
2025-02-14 06:30:00,1739532600000,230.11,230.25,230.08,230.25,3818.0,230.159
2025-02-14 06:45:00,1739533500000,230.26,230.26,230.11,230.17,2663.0,230.1735
2025-02-14 07:00:00,1739534400000,230.23,230.25,230.14,230.25,9871.0,230.1872
2025-02-14 07:15:00,1739535300000,230.35,230.45,229.98,230.0,15848.0,230.1706
2025-02-14 07:30:00,1739536200000,229.96,229.96,229.65,229.65,8947.0,229.8299
2025-02-14 07:45:00,1739537100000,229.67,229.67,229.52,229.57,15359.0,229.5882
2025-02-14 08:00:00,1739538000000,230.21,231.0,229.51,229.55,59254.0,229.9653
2025-02-14 08:15:00,1739538900000,229.5694,229.57,229.53,229.57,18291.0,229.5624
2025-02-14 08:30:00,1739539800000,229.57,229.63,229.46,229.55,43202.0,229.5499
2025-02-14 08:45:00,1739540700000,229.55,229.55,229.43,229.5,23607.0,229.4931
2025-02-14 09:00:00,1739541600000,229.5,229.5,229.31,229.4797,36454.0,229.4617
2025-02-14 09:15:00,1739542500000,229.4485,229.5,229.08,229.19,35368.0,229.3946
2025-02-14 09:30:00,1739543400000,229.2,229.89,228.07,228.14,3010270.0,228.802
2025-02-14 09:45:00,1739544300000,228.145,229.25,228.13,229.0,1067181.0,228.8393
2025-02-14 10:00:00,1739545200000,229.02,229.28,228.3696,228.83,927331.0,228.8942
2025-02-14 10:15:00,1739546100000,228.83,228.91,227.72,227.79,1436508.0,228.2353
2025-02-14 10:30:00,1739547000000,227.78,227.9936,227.23,227.651,1331665.0,227.6163
2025-02-14 10:45:00,1739547900000,227.645,228.4127,227.645,228.26,873906.0,228.055
2025-02-14 11:00:00,1739548800000,228.26,228.75,228.02,228.688,828532.0,228.4192
2025-02-14 11:15:00,1739549700000,228.671,228.79,228.11,228.73,593736.0,228.4777
2025-02-14 11:30:00,1739550600000,228.74,228.8749,228.51,228.55,399590.0,228.7107
2025-02-14 11:45:00,1739551500000,228.55,228.75,228.1204,228.53,503497.0,228.4026
2025-02-14 12:00:00,1739552400000,228.52,228.72,228.305,228.476,350301.0,228.5191
2025-02-14 12:15:00,1739553300000,228.47,228.49,228.13,228.27,478460.0,228.3322
2025-02-14 12:30:00,1739554200000,228.28,228.55,228.23,228.4275,301364.0,228.4164
2025-02-14 12:45:00,1739555100000,228.46,229.29,228.35,229.19,535893.0,228.8632
2025-02-14 13:00:00,1739556000000,229.18,229.33,229.03,229.11,451776.0,229.1863
2025-02-14 13:15:00,1739556900000,229.11,229.1332,228.57,228.67,409152.0,228.8717
2025-02-14 13:30:00,1739557800000,228.67,229.09,228.6272,228.92,470736.0,228.9035
2025-02-14 13:45:00,1739558700000,228.919,228.9358,228.61,228.62,399483.0,228.7934
2025-02-14 14:00:00,1739559600000,228.63,229.04,228.59,228.9818,404449.0,228.7835
2025-02-14 14:15:00,1739560500000,228.99,229.02,228.85,228.935,353303.0,228.9309
2025-02-14 14:30:00,1739561400000,228.926,229.15,228.78,229.115,409542.0,228.9326
2025-02-14 14:45:00,1739562300000,229.114,229.16,228.78,228.94,364096.0,228.9168
2025-02-14 15:00:00,1739563200000,228.92,229.01,228.66,229.01,642691.0,228.7857
2025-02-14 15:15:00,1739564100000,229.02,229.175,228.65,228.68,639265.0,228.8672
2025-02-14 15:30:00,1739565000000,228.68,228.705,228.48,228.64,987072.0,228.5953
2025-02-14 15:45:00,1739565900000,228.64,228.91,228.46,228.68,2429098.0,228.6778
2025-02-14 16:00:00,1739566800000,228.68,228.8,228.6,228.72,1102195.0,228.683
2025-02-14 16:15:00,1739567700000,228.72,228.8,228.52,228.8,14989.0,228.6716
2025-02-14 16:30:00,1739568600000,228.75,228.86,228.74,228.8,12561.0,228.7726
2025-02-14 16:45:00,1739569500000,228.75,228.75,228.68,228.74,64394.0,228.683
2025-02-14 17:00:00,1739570400000,228.76,228.77,228.7,228.73,8333.0,228.7287
2025-02-14 17:15:00,1739571300000,228.69,228.69,228.65,228.69,3514.0,228.6789
2025-02-14 17:30:00,1739572200000,228.66,228.71,228.66,228.69,1510.0,228.6858
2025-02-14 17:45:00,1739573100000,228.65,228.66,228.6,228.62,4589.0,228.6323
2025-02-14 18:00:00,1739574000000,228.7,228.73,228.62,228.68,5641.0,228.6866
2025-02-14 18:15:00,1739574900000,228.62,228.62,228.58,228.58,1030.0,228.6105
2025-02-14 18:30:00,1739575800000,228.5532,228.68,228.5532,228.65,1872.0,228.6339
2025-02-14 18:45:00,1739576700000,228.6778,228.6778,228.6778,228.6778,224.0,228.6604
2025-02-14 19:00:00,1739577600000,228.68,228.69,228.6097,228.6097,1769.0,228.6491
2025-02-14 19:15:00,1739578500000,228.61,228.63,228.5801,228.5801,2203.0,228.5963
2025-02-14 19:30:00,1739579400000,228.58,228.58,228.52,228.5299,3717.0,228.5635
2025-02-14 19:45:00,1739580300000,228.5,228.6,228.5,228.5997,7820.0,228.5639
2025-02-18 04:00:00,1739869200000,230.05,230.14,229.54,230.09,19962.0,229.8407
2025-02-18 04:15:00,1739870100000,230.06,230.35,229.97,230.0,12635.0,230.1853
2025-02-18 04:30:00,1739871000000,229.96,230.0,229.67,229.74,4671.0,229.8494
2025-02-18 04:45:00,1739871900000,229.75,229.75,229.62,229.62,5640.0,229.6878
2025-02-18 05:00:00,1739872800000,229.58,229.6,229.35,229.59,7665.0,229.5268
2025-02-18 05:15:00,1739873700000,229.57,229.75,229.57,229.7,3646.0,229.6425
2025-02-18 05:30:00,1739874600000,229.74,229.77,229.74,229.77,1761.0,229.7559
2025-02-18 05:45:00,1739875500000,229.8,230.0,229.8,230.0,2848.0,229.9447
2025-02-18 06:00:00,1739876400000,230.05,230.05,229.85,229.86,2319.0,229.9468
2025-02-18 06:15:00,1739877300000,229.8,229.92,229.75,229.75,2953.0,229.8146
2025-02-18 06:30:00,1739878200000,229.75,229.75,229.52,229.59,7548.0,229.7079
2025-02-18 06:45:00,1739879100000,229.54,229.65,229.52,229.64,2147.0,229.5639
2025-02-18 07:00:00,1739880000000,229.66,229.74,229.44,229.66,19244.0,229.5562
2025-02-18 07:15:00,1739880900000,229.66,229.66,229.57,229.6,8197.0,229.6081
2025-02-18 07:30:00,1739881800000,229.6,229.63,229.49,229.55,9915.0,229.5665
2025-02-18 07:45:00,1739882700000,229.52,229.53,229.42,229.45,8291.0,229.4627
2025-02-18 08:00:00,1739883600000,229.6,230.09,228.109,229.27,83924.0,229.474
2025-02-18 08:15:00,1739884500000,229.3,229.6494,229.3,229.48,23437.0,229.5078
2025-02-18 08:30:00,1739885400000,229.54,229.6797,229.42,229.6797,28401.0,229.5545
2025-02-18 08:45:00,1739886300000,229.6988,229.71,229.5715,229.71,26693.0,229.6789
2025-02-18 09:00:00,1739887200000,229.71,229.71,229.5605,229.7093,37369.0,229.6681
2025-02-18 09:15:00,1739888100000,229.7,229.75,228.7,228.9,89398.0,229.2529
2025-02-18 09:30:00,1739889000000,228.82,229.3,228.12,228.45,3033826.0,228.6941
2025-02-18 09:45:00,1739889900000,228.47,228.53,227.52,227.75,1481059.0,228.0228
2025-02-18 10:00:00,1739890800000,227.77,227.84,226.22,226.365,2114929.0,226.8207
2025-02-18 10:15:00,1739891700000,226.37,226.48,225.15,225.1914,1764179.0,225.8943
2025-02-18 10:30:00,1739892600000,225.2,225.64,225.1,225.3,1456996.0,225.3325
2025-02-18 10:45:00,1739893500000,225.28,225.633,225.02,225.56,1372704.0,225.2952
2025-02-18 11:00:00,1739894400000,225.55,225.61,224.81,224.88,1502524.0,225.2083
2025-02-18 11:15:00,1739895300000,224.88,225.17,224.56,224.9595,1349318.0,224.8667
2025-02-18 11:30:00,1739896200000,224.93,224.95,224.45,224.655,1222657.0,224.5953
2025-02-18 11:45:00,1739897100000,224.655,224.815,224.26,224.36,1287109.0,224.5486
2025-02-18 12:00:00,1739898000000,224.36,224.49,224.0502,224.16,1073456.0,224.2445
2025-02-18 12:15:00,1739898900000,224.16,224.5,223.847,224.475,1125517.0,224.0435
2025-02-18 12:30:00,1739899800000,224.48,224.84,224.35,224.6,852423.0,224.5409
2025-02-18 12:45:00,1739900700000,224.59,225.05,224.3,225.03,782775.0,224.6651
2025-02-18 13:00:00,1739901600000,225.01,225.2499,224.37,224.49,889840.0,224.8009
2025-02-18 13:15:00,1739902500000,224.5,224.565,223.94,224.103,890172.0,224.2608
2025-02-18 13:30:00,1739903400000,224.09,224.1,223.72,223.995,888759.0,223.8801
2025-02-18 13:45:00,1739904300000,224.0,224.41,223.9216,224.275,719342.0,224.194
2025-02-18 14:00:00,1739905200000,224.28,224.445,223.9,224.11,683230.0,224.2035
2025-02-18 14:15:00,1739906100000,224.1,224.645,223.79,224.42,882967.0,224.203
2025-02-18 14:30:00,1739907000000,224.42,224.69,224.25,224.37,516390.0,224.4174
2025-02-18 14:45:00,1739907900000,224.36,224.65,224.26,224.5103,528158.0,224.4887
2025-02-18 15:00:00,1739908800000,224.515,224.575,224.27,224.43,613601.0,224.4522
2025-02-18 15:15:00,1739909700000,224.4289,224.85,224.38,224.59,883573.0,224.603
2025-02-18 15:30:00,1739910600000,224.595,224.6739,224.32,224.495,1048008.0,224.5014
2025-02-18 15:45:00,1739911500000,224.485,226.68,224.46,226.67,3780718.0,225.9478
2025-02-18 16:00:00,1739912400000,226.65,226.65,226.3,226.45,893534.0,226.6352
2025-02-18 16:15:00,1739913300000,226.308,226.44,226.3,226.31,20550.0,226.383
2025-02-18 16:30:00,1739914200000,226.32,226.65,226.22,226.22,24846.0,226.3581
2025-02-18 16:45:00,1739915100000,226.2207,226.3,226.13,226.21,668963.0,226.6424
2025-02-18 17:00:00,1739916000000,226.16,226.25,226.16,226.24,13286.0,226.2183
2025-02-18 17:15:00,1739916900000,226.24,226.2999,226.1801,226.28,9702.0,226.0982
2025-02-18 17:30:00,1739917800000,226.2497,226.2497,226.13,226.18,4239.0,226.3506
2025-02-18 17:45:00,1739918700000,226.21,226.23,226.17,226.2285,3864.0,226.1878
2025-02-18 18:00:00,1739919600000,226.23,226.49,226.16,226.4,16508.0,226.3428
2025-02-18 18:15:00,1739920500000,226.4,226.4,226.3258,226.3503,3188.0,226.3642
2025-02-18 18:30:00,1739921400000,226.35,226.399,226.2,226.2994,8110.0,226.2838
2025-02-18 18:45:00,1739922300000,226.3,226.39,226.2153,226.3,5685.0,226.3068
2025-02-18 19:00:00,1739923200000,226.2512,226.49,226.2512,226.45,7383.0,226.3527
2025-02-18 19:15:00,1739924100000,226.34,226.49,226.34,226.45,6184.0,226.4478
2025-02-18 19:30:00,1739925000000,226.45,226.55,226.4315,226.45,12588.0,226.4946
2025-02-18 19:45:00,1739925900000,226.5,226.62,226.45,226.58,12257.0,226.5701
2025-02-19 04:00:00,1739955600000,226.51,226.51,225.87,226.1,5053.0,226.1067
2025-02-19 04:15:00,1739956500000,226.22,226.65,226.21,226.32,12226.0,226.4644
2025-02-19 04:30:00,1739957400000,226.32,226.39,226.25,226.3,2208.0,226.3246
2025-02-19 04:45:00,1739958300000,226.39,226.39,226.15,226.15,7945.0,226.1856
2025-02-19 05:00:00,1739959200000,226.19,226.19,226.1,226.16,4543.0,226.1629
2025-02-19 05:15:00,1739960100000,226.11,226.11,225.82,225.82,6886.0,226.0654
2025-02-19 05:30:00,1739961000000,225.8,225.8,225.61,225.62,2677.0,225.7189
2025-02-19 05:45:00,1739961900000,225.82,226.0,225.82,226.0,1256.0,225.8899
2025-02-19 06:00:00,1739962800000,226.0,226.0,226.0,226.0,276.0,225.9996
2025-02-19 06:15:00,1739963700000,226.0,226.0,225.98,225.98,1604.0,225.9944
2025-02-19 06:30:00,1739964600000,225.95,226.0,225.75,225.75,3472.0,225.9278
2025-02-19 06:45:00,1739965500000,225.74,225.86,225.71,225.81,2208.0,225.7391
2025-02-19 07:00:00,1739966400000,225.93,226.35,225.93,226.27,6691.0,226.1854
2025-02-19 07:15:00,1739967300000,226.25,226.28,226.16,226.16,3593.0,226.1958
2025-02-19 07:30:00,1739968200000,226.15,226.24,226.15,226.24,2471.0,226.1983
2025-02-19 07:45:00,1739969100000,226.3,226.37,226.2,226.2,8862.0,226.2956
2025-02-19 08:00:00,1739970000000,226.25,226.79,225.9636,226.0601,60076.0,226.2404
2025-02-19 08:15:00,1739970900000,226.0601,226.0886,225.75,225.8,19580.0,225.9415
2025-02-19 08:30:00,1739971800000,225.81,225.989,225.6122,225.7,30732.0,225.7681
2025-02-19 08:45:00,1739972700000,225.6998,225.84,225.67,225.69,18469.0,225.7293
2025-02-19 09:00:00,1739973600000,225.72,225.9,225.652,225.7,22578.0,225.7735
2025-02-19 09:15:00,1739974500000,225.67,225.7968,225.25,225.46,33959.0,225.5508
2025-02-19 09:30:00,1739975400000,225.52,226.16,224.18,225.52,2437292.0,225.3489
2025-02-19 09:45:00,1739976300000,225.525,225.7024,224.71,224.945,955472.0,225.032
2025-02-19 10:00:00,1739977200000,224.945,225.015,223.85,224.35,1285455.0,224.2579
2025-02-19 10:15:00,1739978100000,224.335,224.5999,223.71,224.01,993336.0,224.1034
2025-02-19 10:30:00,1739979000000,224.005,224.43,223.82,224.27,1105890.0,224.1019
2025-02-19 10:45:00,1739979900000,224.25,224.805,224.21,224.405,944344.0,224.4963
2025-02-19 11:00:00,1739980800000,224.405,224.87,224.21,224.825,670509.0,224.5065
2025-02-19 11:15:00,1739981700000,224.81,224.85,224.33,224.52,585904.0,224.5422
2025-02-19 11:30:00,1739982600000,224.51,224.8,224.33,224.645,515132.0,224.55
2025-02-19 11:45:00,1739983500000,224.645,225.0,224.54,224.96,512973.0,224.8344
2025-02-19 12:00:00,1739984400000,224.969,225.33,224.78,225.2647,633707.0,225.0911
2025-02-19 12:15:00,1739985300000,225.265,225.265,224.55,224.6201,570288.0,224.8099
2025-02-19 12:30:00,1739986200000,224.625,224.67,224.37,224.4987,487477.0,224.4828
2025-02-19 12:45:00,1739987100000,224.4925,224.81,224.28,224.445,1855249.0,224.3939
2025-02-19 13:00:00,1739988000000,224.45,224.6,224.03,224.1,664517.0,224.313
2025-02-19 13:15:00,1739988900000,224.1,224.77,224.06,224.765,543615.0,224.5017
2025-02-19 13:30:00,1739989800000,224.77,224.9865,224.6701,224.7984,427475.0,224.8692
2025-02-19 13:45:00,1739990700000,224.79,225.08,224.715,224.79,438695.0,224.8978
2025-02-19 14:00:00,1739991600000,224.795,225.23,224.75,225.21,606008.0,224.9812
2025-02-19 14:15:00,1739992500000,225.215,225.57,225.1,225.49,937564.0,225.2161
2025-02-19 14:30:00,1739993400000,225.48,225.99,225.35,225.89,713537.0,225.6916
2025-02-19 14:45:00,1739994300000,225.885,226.24,225.685,226.205,672304.0,226.0038
2025-02-19 15:00:00,1739995200000,226.2,226.235,225.8495,225.99,530930.0,226.0524
2025-02-19 15:15:00,1739996100000,225.99,226.44,225.92,226.04,734444.0,226.1993
2025-02-19 15:30:00,1739997000000,226.05,226.69,226.05,226.44,924346.0,226.4415
2025-02-19 15:45:00,1739997900000,226.45,226.83,226.03,226.67,1672156.0,226.4832
2025-02-19 16:00:00,1739998800000,226.63,226.78,226.1794,226.25,281667.0,226.6031
2025-02-19 16:15:00,1739999700000,226.28,226.63,226.25,226.28,13719.0,226.3529
2025-02-19 16:30:00,1740000600000,226.28,226.63,226.22,226.2307,126563.0,226.6056
2025-02-19 16:45:00,1740001500000,226.19,226.2647,226.1512,226.2,4205.0,226.1978
2025-02-19 17:00:00,1740002400000,226.2,226.2988,226.15,226.15,6569.0,226.196
2025-02-19 17:15:00,1740003300000,226.13,226.16,226.01,226.1,4617.0,226.1039
2025-02-19 17:30:00,1740004200000,226.1099,226.1394,226.01,226.13,5934.0,226.0815
2025-02-19 17:45:00,1740005100000,226.13,226.2,226.13,226.1981,3829.0,226.1563
2025-02-19 18:00:00,1740006000000,226.2,226.47,226.1611,226.3,11449.0,226.2865
2025-02-19 18:15:00,1740006900000,226.3199,226.3199,226.02,226.09,13965.0,226.0608
2025-02-19 18:30:00,1740007800000,226.1999,226.2,226.05,226.06,4429.0,226.1191
2025-02-19 18:45:00,1740008700000,226.05,226.08,226.0,226.08,11977.0,225.6835
2025-02-19 19:00:00,1740009600000,226.04,226.04,225.9,226.0,3176.0,225.8894
2025-02-19 19:15:00,1740010500000,225.99,226.0,225.96,225.9982,1744.0,225.9789
2025-02-19 19:30:00,1740011400000,226.0,226.0,225.95,225.9999,1697.0,225.9807
2025-02-19 19:45:00,1740012300000,225.96,226.21,225.9015,225.97,6567.0,226.0855
2025-02-20 04:00:00,1740042000000,225.82,225.96,225.77,225.81,8095.0,225.8236
2025-02-20 04:15:00,1740042900000,225.64,225.64,225.33,225.37,5445.0,225.4243
2025-02-20 04:30:00,1740043800000,225.34,225.39,225.28,225.28,3715.0,225.34
2025-02-20 04:45:00,1740044700000,225.27,225.45,225.27,225.45,1711.0,225.3429
2025-02-20 05:00:00,1740045600000,225.49,225.7,225.49,225.69,5127.0,225.6376
2025-02-20 05:15:00,1740046500000,225.69,226.09,225.69,225.81,12975.0,225.9603
2025-02-20 05:30:00,1740047400000,225.81,225.89,225.74,225.8,1810.0,225.7988
2025-02-20 05:45:00,1740048300000,225.91,225.99,225.8,225.86,2338.0,225.9085
2025-02-20 06:00:00,1740049200000,225.97,225.99,225.95,225.98,2183.0,225.9761
2025-02-20 06:15:00,1740050100000,225.91,225.91,225.85,225.85,1645.0,225.8741
2025-02-20 06:30:00,1740051000000,225.71,225.8,225.5,225.8,2668.0,225.6243
2025-02-20 06:45:00,1740051900000,225.7,225.76,224.92,224.92,12941.0,225.35
2025-02-20 07:00:00,1740052800000,225.18,225.78,225.05,225.1,29178.0,225.2904
2025-02-20 07:15:00,1740053700000,225.1,225.1,224.95,225.09,19343.0,225.0367
2025-02-20 07:30:00,1740054600000,225.1,225.1,225.07,225.09,11666.0,225.0973
2025-02-20 07:45:00,1740055500000,225.07,225.1,225.0,225.1,17100.0,225.0638
2025-02-20 08:00:00,1740056400000,225.2,226.0,224.94,225.05,70662.0,225.1446
2025-02-20 08:15:00,1740057300000,225.1,225.1,224.48,224.5,65288.0,224.7803
2025-02-20 08:30:00,1740058200000,224.5,224.9988,224.5,224.9988,31363.0,224.8375
2025-02-20 08:45:00,1740059100000,225.0,225.04,224.5,224.76,65568.0,224.8158
2025-02-20 09:00:00,1740060000000,224.8899,225.27,224.87,224.9,40430.0,225.0557
2025-02-20 09:15:00,1740060900000,224.88,224.99,224.27,224.78,71839.0,224.7185
2025-02-20 09:30:00,1740061800000,224.775,225.13,223.85,224.39,2506197.0,224.5711
2025-02-20 09:45:00,1740062700000,224.395,224.86,222.638,222.775,1908628.0,223.4728
2025-02-20 10:00:00,1740063600000,222.8,223.4285,222.14,223.11,1619680.0,222.7587
2025-02-20 10:15:00,1740064500000,223.105,223.79,223.0848,223.46,986185.0,223.4751
2025-02-20 10:30:00,1740065400000,223.46,223.72,222.795,222.88,962585.0,223.1407
2025-02-20 10:45:00,1740066300000,222.86,223.08,221.88,222.08,1355230.0,222.4239
2025-02-20 11:00:00,1740067200000,222.085,223.06,222.085,222.94,743049.0,222.6582
2025-02-20 11:15:00,1740068100000,222.93,222.93,222.27,222.61,723130.0,222.5757
2025-02-20 11:30:00,1740069000000,222.62,222.715,221.81,222.516,865581.0,222.2572
2025-02-20 11:45:00,1740069900000,222.525,222.83,222.3,222.38,556914.0,222.5267
2025-02-20 12:00:00,1740070800000,222.37,222.5,222.11,222.24,546612.0,222.3014
2025-02-20 12:15:00,1740071700000,222.24,222.8674,222.165,222.72,577466.0,222.5082
2025-02-20 12:30:00,1740072600000,222.7408,223.04,222.655,222.878,372971.0,222.8564
2025-02-20 12:45:00,1740073500000,222.87,222.96,222.58,222.58,407256.0,222.8191
2025-02-20 13:00:00,1740074400000,222.575,222.58,222.33,222.465,514564.0,222.4507
2025-02-20 13:15:00,1740075300000,222.4494,222.51,222.18,222.35,408315.0,222.3411
2025-02-20 13:30:00,1740076200000,222.355,222.5,222.29,222.49,422763.0,222.3708
2025-02-20 13:45:00,1740077100000,222.49,222.49,222.2,222.28,898579.0,222.3095
2025-02-20 14:00:00,1740078000000,222.26,222.63,222.05,222.56,678678.0,222.336
2025-02-20 14:15:00,1740078900000,222.565,222.84,222.44,222.54,473251.0,222.6314
2025-02-20 14:30:00,1740079800000,222.5356,222.56,222.12,222.26,890749.0,222.2482
2025-02-20 14:45:00,1740080700000,222.24,222.65,222.1998,222.49,554860.0,222.4956
2025-02-20 15:00:00,1740081600000,222.5,222.63,222.43,222.56,492451.0,222.5297
2025-02-20 15:15:00,1740082500000,222.57,222.86,222.47,222.68,843080.0,222.6702
2025-02-20 15:30:00,1740083400000,222.695,222.89,222.42,222.87,763881.0,222.6399
2025-02-20 15:45:00,1740084300000,222.86,223.5,222.36,222.85,2485346.0,222.8032
2025-02-20 16:00:00,1740085200000,222.88,223.0,222.72,222.7682,524002.0,222.8765
2025-02-20 16:15:00,1740086100000,222.74,222.81,222.7115,222.8,12178.0,222.7736
2025-02-20 16:30:00,1740087000000,222.8,222.91,222.8,222.91,16449.0,222.8658
2025-02-20 16:45:00,1740087900000,222.91,222.93,222.8702,222.9198,11856.0,222.9022
2025-02-20 17:00:00,1740088800000,222.92,222.96,222.9,222.93,13189.0,222.9338
2025-02-20 17:15:00,1740089700000,222.93,223.09,222.93,222.9706,12313.0,222.9248
2025-02-20 17:30:00,1740090600000,223.01,223.01,222.9093,222.93,7630.0,222.9615
2025-02-20 17:45:00,1740091500000,222.92,222.95,222.91,222.9301,4556.0,222.9282
2025-02-20 18:00:00,1740092400000,222.95,223.07,222.9332,223.04,9303.0,223.0029
2025-02-20 18:15:00,1740093300000,223.0405,223.23,223.04,223.14,14926.0,223.099
2025-02-20 18:30:00,1740094200000,223.13,223.31,223.13,223.26,13805.0,223.2435
2025-02-20 18:45:00,1740095100000,223.29,223.3,223.23,223.23,9723.0,223.2789
2025-02-20 19:00:00,1740096000000,223.23,223.33,223.2,223.33,11090.0,223.2756
2025-02-20 19:15:00,1740096900000,223.2999,223.33,223.27,223.32,11587.0,223.3119
2025-02-20 19:30:00,1740097800000,223.3196,223.3599,223.25,223.25,6585.0,223.3084
2025-02-20 19:45:00,1740098700000,223.3,223.3449,223.2227,223.251,13225.0,223.2805
2025-02-21 04:00:00,1740128400000,223.2,223.43,223.06,223.43,5887.0,223.2561
2025-02-21 04:15:00,1740129300000,223.38,223.38,223.35,223.35,1484.0,223.3689
2025-02-21 04:30:00,1740130200000,223.3,223.57,223.3,223.46,7149.0,223.4619
2025-02-21 04:45:00,1740131100000,223.51,223.8,223.47,223.75,7170.0,223.6658
2025-02-21 05:00:00,1740132000000,223.75,223.75,223.45,223.45,1815.0,223.6194
2025-02-21 05:15:00,1740132900000,223.71,223.81,223.52,223.52,2879.0,223.685
2025-02-21 05:30:00,1740133800000,223.52,223.57,223.48,223.57,2231.0,223.5062
2025-02-21 05:45:00,1740134700000,223.53,223.53,223.49,223.5,2518.0,223.5062
2025-02-21 06:00:00,1740135600000,223.49,223.5,223.36,223.37,6405.0,223.423
2025-02-21 06:15:00,1740136500000,223.37,223.37,223.27,223.33,1618.0,223.3273
2025-02-21 06:30:00,1740137400000,223.37,223.37,223.29,223.29,765.0,223.3183
2025-02-21 06:45:00,1740138300000,223.36,223.45,223.36,223.39,2585.0,223.4102
2025-02-21 07:00:00,1740139200000,223.36,223.55,223.36,223.48,14552.0,223.4459
2025-02-21 07:15:00,1740140100000,223.5,223.71,223.5,223.54,8263.0,223.6153
2025-02-21 07:30:00,1740141000000,223.6,223.73,223.56,223.69,7549.0,223.6245
2025-02-21 07:45:00,1740141900000,223.71,223.8,223.7,223.71,8658.0,223.7476
2025-02-21 08:00:00,1740142800000,223.67,223.8,222.81,223.6505,72666.0,223.5685
2025-02-21 08:15:00,1740143700000,223.72,223.85,223.666,223.85,16644.0,223.7446
2025-02-21 08:30:00,1740144600000,223.8363,223.9988,223.61,223.99,38637.0,223.8479
2025-02-21 08:45:00,1740145500000,223.93,224.0,223.69,223.79,30317.0,223.8787
2025-02-21 09:00:00,1740146400000,223.8,223.99,223.76,223.99,40845.0,223.8765
2025-02-21 09:15:00,1740147300000,223.9893,224.06,222.6,223.18,126687.0,223.5199
2025-02-21 09:30:00,1740148200000,223.28,223.31,221.71,221.895,3692175.0,222.7033
2025-02-21 09:45:00,1740149100000,221.96,222.28,220.8705,221.08,1789176.0,221.4111
2025-02-21 10:00:00,1740150000000,220.8,221.16,220.1301,220.57,1806083.0,220.6967
2025-02-21 10:15:00,1740150900000,220.54,220.74,219.41,219.495,2360857.0,220.0911
2025-02-21 10:30:00,1740151800000,219.4808,219.84,218.1,218.1358,2192627.0,219.1612
2025-02-21 10:45:00,1740152700000,218.1101,219.4,218.07,219.4,1786768.0,218.8156
2025-02-21 11:00:00,1740153600000,219.41,219.55,218.77,219.41,994499.0,219.1359
2025-02-21 11:15:00,1740154500000,219.41,219.76,219.12,219.265,1228777.0,219.4341
2025-02-21 11:30:00,1740155400000,219.25,219.74,219.15,219.34,745206.0,219.5026
2025-02-21 11:45:00,1740156300000,219.345,219.345,218.565,218.88,970153.0,218.9077
2025-02-21 12:00:00,1740157200000,218.86,218.9,217.66,217.7,1665608.0,218.2087
2025-02-21 12:15:00,1740158100000,217.685,217.98,217.4,217.63,1388797.0,217.6304
2025-02-21 12:30:00,1740159000000,217.63,217.6906,216.83,216.85,1436507.0,217.1512
2025-02-21 12:45:00,1740159900000,216.85,217.05,216.54,216.95,1362656.0,216.8102
2025-02-21 13:00:00,1740160800000,216.97,217.05,215.95,216.07,2879203.0,216.6449
2025-02-21 13:15:00,1740161700000,216.075,216.78,216.01,216.0497,2248340.0,216.4532
2025-02-21 13:30:00,1740162600000,216.035,216.5,215.7,215.7,1662803.0,216.0649
2025-02-21 13:45:00,1740163500000,215.73,215.9606,215.5164,215.77,1187082.0,215.7199
2025-02-21 14:00:00,1740164400000,215.78,216.15,215.55,216.05,1233053.0,215.8223
2025-02-21 14:15:00,1740165300000,216.04,216.06,214.74,214.96,1994862.0,215.3814
2025-02-21 14:30:00,1740166200000,214.97,215.4,214.7501,215.03,1385298.0,215.069
2025-02-21 14:45:00,1740167100000,215.05,215.54,214.7601,215.463,1139188.0,215.1368
2025-02-21 15:00:00,1740168000000,215.45,216.44,215.35,216.05,1416542.0,215.8233
2025-02-21 15:15:00,1740168900000,216.0292,216.48,215.85,216.4399,1947236.0,216.1212
2025-02-21 15:30:00,1740169800000,216.44,216.59,215.805,215.81,1758348.0,216.0929
2025-02-21 15:45:00,1740170700000,215.82,216.85,215.63,216.49,3957065.0,216.3235
2025-02-21 16:00:00,1740171600000,216.58,216.98,216.1,216.73,745476.0,216.6032
2025-02-21 16:15:00,1740172500000,216.7201,217.0,216.62,216.89,48458.0,216.7716
2025-02-21 16:30:00,1740173400000,216.87,217.0,216.5,216.58,42023.0,216.8073
2025-02-21 16:45:00,1740174300000,216.75,216.82,216.71,216.71,18202.0,216.7481
2025-02-21 17:00:00,1740175200000,216.7876,216.82,216.71,216.82,8970.0,216.7866
2025-02-21 17:15:00,1740176100000,216.8115,216.9,216.15,216.8,19531.0,216.6321
2025-02-21 17:30:00,1740177000000,216.8295,216.89,216.74,216.8899,13415.0,216.4197
2025-02-21 17:45:00,1740177900000,216.8899,216.89,216.8368,216.87,2595.0,216.8666
2025-02-21 18:00:00,1740178800000,216.85,216.89,216.7037,216.85,10735.0,216.8289
2025-02-21 18:15:00,1740179700000,216.8015,216.8825,216.7,216.8,6069.0,216.7678
2025-02-21 18:30:00,1740180600000,216.75,216.85,216.75,216.84,5261.0,216.8007
2025-02-21 18:45:00,1740181500000,216.82,216.9,216.7039,216.845,10447.0,216.8799
2025-02-21 19:00:00,1740182400000,216.71,216.8465,216.71,216.8,7220.0,216.7953
2025-02-21 19:15:00,1740183300000,216.79,216.8,216.6062,216.7026,6366.0,216.7289
2025-02-21 19:30:00,1740184200000,216.65,216.65,216.55,216.5547,17766.0,216.6001
2025-02-21 19:45:00,1740185100000,216.7,216.7439,216.5,216.53,10293.0,216.6081
2025-02-24 04:00:00,1740387600000,217.35,218.25,217.35,218.05,25770.0,217.928
2025-02-24 04:15:00,1740388500000,218.0,218.35,218.0,218.35,8165.0,218.1992
2025-02-24 04:30:00,1740389400000,218.3,218.31,218.16,218.16,5479.0,218.2317
2025-02-24 04:45:00,1740390300000,218.12,218.15,218.07,218.12,2619.0,218.1168
2025-02-24 05:00:00,1740391200000,218.12,218.21,218.12,218.2,2604.0,218.1623
2025-02-24 05:15:00,1740392100000,218.15,218.15,217.89,217.92,10487.0,217.9698
2025-02-24 05:30:00,1740393000000,217.93,217.99,217.84,217.87,5951.0,217.9129
2025-02-24 05:45:00,1740393900000,217.9,217.9,217.87,217.87,1004.0,217.8745
2025-02-24 06:00:00,1740394800000,217.81,217.91,217.7,217.91,7760.0,217.7891
2025-02-24 06:15:00,1740395700000,217.91,218.24,217.89,218.22,7817.0,217.9948
2025-02-24 06:30:00,1740396600000,218.22,218.3,218.22,218.3,5999.0,218.252
2025-02-24 06:45:00,1740397500000,218.27,218.34,218.04,218.11,5802.0,218.2403
2025-02-24 07:00:00,1740398400000,218.09,218.16,217.26,217.35,30357.0,217.607
2025-02-24 07:15:00,1740399300000,217.46,217.57,217.4,217.41,13150.0,217.4689
2025-02-24 07:30:00,1740400200000,217.41,217.74,217.41,217.61,16053.0,217.5938
2025-02-24 07:45:00,1740401100000,217.61,217.7,217.28,217.63,11198.0,217.4506
2025-02-24 08:00:00,1740402000000,217.44,218.3,217.0,217.16,128714.0,217.4789
2025-02-24 08:15:00,1740402900000,217.1569,217.71,217.1569,217.6,27536.0,217.5285
2025-02-24 08:30:00,1740403800000,217.68,217.7698,217.58,217.75,29353.0,217.6637
2025-02-24 08:45:00,1740404700000,217.73,217.98,217.73,217.96,29706.0,217.8639
2025-02-24 09:00:00,1740405600000,217.94,218.07,217.8,218.06,64509.0,217.981
2025-02-24 09:15:00,1740406500000,218.06,218.09,216.8,217.52,130845.0,217.5783
2025-02-24 09:30:00,1740407400000,217.45,217.715,215.68,215.78,3538933.0,216.6945
2025-02-24 09:45:00,1740408300000,215.765,216.33,214.48,214.545,2184471.0,215.2645
2025-02-24 10:00:00,1740409200000,214.545,214.59,213.101,214.47,2434096.0,213.8704
2025-02-24 10:15:00,1740410100000,214.45,214.68,213.58,213.6351,1504034.0,214.0568
2025-02-24 10:30:00,1740411000000,213.65,214.1257,213.37,213.46,1232055.0,213.7618
2025-02-24 10:45:00,1740411900000,213.47,213.7296,212.72,213.32,1597756.0,213.0851
2025-02-24 11:00:00,1740412800000,213.3102,213.83,213.08,213.4,1066580.0,213.4619
2025-02-24 11:15:00,1740413700000,213.4,214.45,213.14,214.19,1049085.0,213.8867
2025-02-24 11:30:00,1740414600000,214.19,214.57,213.62,214.3799,1104652.0,214.0532
2025-02-24 11:45:00,1740415500000,214.36,214.5599,213.827,214.07,690505.0,214.1695
2025-02-24 12:00:00,1740416400000,214.07,214.47,213.93,214.145,541412.0,214.1875
2025-02-24 12:15:00,1740417300000,214.13,214.92,214.13,214.69,782058.0,214.6106
2025-02-24 12:30:00,1740418200000,214.695,215.13,214.5,215.04,613495.0,214.8334
2025-02-24 12:45:00,1740419100000,215.04,215.26,214.66,214.73,762679.0,215.0323
2025-02-24 13:00:00,1740420000000,214.72,214.97,214.49,214.865,654962.0,214.7466
2025-02-24 13:15:00,1740420900000,214.8695,215.15,214.62,214.9728,505785.0,214.9043
2025-02-24 13:30:00,1740421800000,214.97,215.01,214.67,214.82,1628410.0,214.7377
2025-02-24 13:45:00,1740422700000,214.84,214.97,214.36,214.6,504052.0,214.7082
2025-02-24 14:00:00,1740423600000,214.58,214.745,214.27,214.66,821391.0,214.5154
2025-02-24 14:15:00,1740424500000,214.6601,214.86,214.4307,214.5871,587704.0,214.6141
2025-02-24 14:30:00,1740425400000,214.59,214.86,214.38,214.48,587299.0,214.6192
2025-02-24 14:45:00,1740426300000,214.5,214.53,213.95,214.04,808865.0,214.1343
2025-02-24 15:00:00,1740427200000,214.06,214.28,213.805,214.1,1161692.0,213.9594
2025-02-24 15:15:00,1740428100000,214.1102,214.38,213.88,214.27,1054631.0,214.1606
2025-02-24 15:30:00,1740429000000,214.27,214.6,213.92,214.05,1144577.0,214.3187
2025-02-24 15:45:00,1740429900000,214.0506,214.345,212.42,212.65,4439210.0,212.9978
2025-02-24 16:00:00,1740430800000,212.71,212.99,212.0,212.82,2743981.0,212.7066
2025-02-24 16:15:00,1740431700000,212.8,212.8768,212.64,212.76,49393.0,212.7476
2025-02-24 16:30:00,1740432600000,212.65,212.71,212.45,212.5,33542.0,213.073
2025-02-24 16:45:00,1740433500000,212.45,212.62,212.07,212.52,30341.0,212.4004
2025-02-24 17:00:00,1740434400000,212.5003,212.71,212.25,212.25,19697.0,212.2058
2025-02-24 17:15:00,1740435300000,212.25,212.37,212.07,212.21,21672.0,212.1225
2025-02-24 17:30:00,1740436200000,212.23,212.55,212.18,212.2498,10678.0,212.3603
2025-02-24 17:45:00,1740437100000,212.4,212.46,212.21,212.39,11223.0,212.3077
2025-02-24 18:00:00,1740438000000,212.4,212.6899,212.4,212.65,13505.0,212.5903
2025-02-24 18:15:00,1740438900000,212.63,212.63,212.4,212.4117,6286.0,212.528
2025-02-24 18:30:00,1740439800000,212.45,212.49,212.26,212.26,7307.0,212.3405
2025-02-24 18:45:00,1740440700000,212.2493,212.28,212.07,212.14,11413.0,212.16
2025-02-24 19:00:00,1740441600000,212.1013,212.58,212.1013,212.52,12238.0,212.3266
2025-02-24 19:15:00,1740442500000,212.39,212.6,212.22,212.5499,16409.0,212.4771
2025-02-24 19:30:00,1740443400000,212.55,212.64,212.41,212.56,10036.0,212.5529
2025-02-24 19:45:00,1740444300000,212.51,212.6,212.3,212.3975,12511.0,212.5041
2025-02-25 04:00:00,1740474000000,211.38,212.19,210.83,211.34,39936.0,211.1924
2025-02-25 04:15:00,1740474900000,211.33,211.46,211.3,211.37,10117.0,211.3571
2025-02-25 04:30:00,1740475800000,211.2,211.34,211.07,211.14,8713.0,211.199
2025-02-25 04:45:00,1740476700000,211.0,211.0,210.7,210.75,11364.0,210.7968
2025-02-25 05:00:00,1740477600000,210.75,211.34,210.75,211.27,8918.0,211.061
2025-02-25 05:15:00,1740478500000,211.36,211.49,211.32,211.33,7601.0,211.4116
2025-02-25 05:30:00,1740479400000,211.43,211.44,211.28,211.35,4847.0,211.372
2025-02-25 05:45:00,1740480300000,211.31,211.37,211.13,211.13,21022.0,211.2436
2025-02-25 06:00:00,1740481200000,211.22,211.64,211.22,211.64,13587.0,211.4337
2025-02-25 06:15:00,1740482100000,211.64,211.64,211.29,211.54,18074.0,211.393
2025-02-25 06:30:00,1740483000000,211.6,212.4,211.51,212.25,20352.0,211.8378
2025-02-25 06:45:00,1740483900000,212.01,212.5,212.01,212.19,26098.0,212.1974
2025-02-25 07:00:00,1740484800000,212.24,212.6,212.19,212.5,33395.0,212.41
2025-02-25 07:15:00,1740485700000,212.41,213.09,212.41,213.09,28747.0,212.851
2025-02-25 07:30:00,1740486600000,213.05,213.05,212.6,212.6,17157.0,212.7482
2025-02-25 07:45:00,1740487500000,212.49,213.13,212.39,213.12,19149.0,212.7694
2025-02-25 08:00:00,1740488400000,212.61,213.1765,210.0,212.81,152009.0,212.1341
2025-02-25 08:15:00,1740489300000,212.84,213.1,212.7,212.97,36184.0,212.8522
2025-02-25 08:30:00,1740490200000,213.09,213.14,212.5111,212.54,24655.0,212.7352
2025-02-25 08:45:00,1740491100000,212.5417,212.68,212.4292,212.4292,21281.0,212.5706
2025-02-25 09:00:00,1740492000000,212.46,212.97,212.46,212.85,34135.0,212.7955
2025-02-25 09:15:00,1740492900000,212.8,213.0,210.65,211.55,164572.0,211.6894
2025-02-25 09:30:00,1740493800000,211.63,212.6,210.73,211.115,3791429.0,211.6682
2025-02-25 09:45:00,1740494700000,211.12,211.35,209.44,210.6,2850275.0,210.4032
2025-02-25 10:00:00,1740495600000,210.59,210.6099,209.02,209.2,2192150.0,209.5472
2025-02-25 10:15:00,1740496500000,209.21,209.68,207.05,207.115,3372536.0,208.0165
2025-02-25 10:30:00,1740497400000,207.12,207.59,206.1598,206.7401,3826551.0,206.8767
2025-02-25 10:45:00,1740498300000,206.74,208.2199,206.22,206.9,2703882.0,207.2276
2025-02-25 11:00:00,1740499200000,206.92,206.95,204.16,206.19,4070382.0,205.6475
2025-02-25 11:15:00,1740500100000,206.19,206.83,205.9,205.97,1845787.0,206.3397
2025-02-25 11:30:00,1740501000000,205.99,206.43,205.38,205.8243,1476764.0,205.9505
2025-02-25 11:45:00,1740501900000,205.82,208.0,205.7101,207.965,2488221.0,206.859
2025-02-25 12:00:00,1740502800000,207.965,208.087,207.38,207.56,1331700.0,207.7454
2025-02-25 12:15:00,1740503700000,207.55,207.95,207.19,207.8056,1006302.0,207.6339
2025-02-25 12:30:00,1740504600000,207.78,208.47,207.575,208.46,1400083.0,207.9049
2025-02-25 12:45:00,1740505500000,208.49,209.44,208.34,209.405,1128439.0,208.801
2025-02-25 13:00:00,1740506400000,209.39,210.48,209.375,209.99,1663944.0,210.0323
2025-02-25 13:15:00,1740507300000,210.01,210.08,209.45,209.53,1259107.0,209.8865
2025-02-25 13:30:00,1740508200000,209.5338,211.08,209.43,210.65,1126150.0,210.3538
2025-02-25 13:45:00,1740509100000,210.66,210.93,210.31,210.786,816866.0,210.6523
2025-02-25 14:00:00,1740510000000,210.77,211.23,210.48,210.52,888795.0,210.879
2025-02-25 14:15:00,1740510900000,210.51,210.8865,210.19,210.76,906103.0,210.6145
2025-02-25 14:30:00,1740511800000,210.75,211.96,210.67,211.645,1033139.0,211.2798
2025-02-25 14:45:00,1740512700000,211.64,211.86,211.12,211.48,945913.0,211.5265
2025-02-25 15:00:00,1740513600000,211.49,212.44,211.395,211.6,1244200.0,211.903
2025-02-25 15:15:00,1740514500000,211.63,212.83,211.5764,212.54,1701295.0,212.3438
2025-02-25 15:30:00,1740515400000,212.53,213.075,212.24,212.97,1549821.0,212.6732
2025-02-25 15:45:00,1740516300000,212.975,213.34,212.24,212.8,3609690.0,212.8589
2025-02-25 16:00:00,1740517200000,212.8,213.57,212.7,213.45,1268171.0,212.8209
2025-02-25 16:15:00,1740518100000,213.4512,213.7,212.8,213.63,88969.0,213.522
2025-02-25 16:30:00,1740519000000,213.63,213.639,212.8,213.42,2046069.0,212.8118
2025-02-25 16:45:00,1740519900000,213.47,213.69,213.45,213.4545,18784.0,213.567
2025-02-25 17:00:00,1740520800000,213.5,213.75,213.45,213.75,17232.0,213.5296
2025-02-25 17:15:00,1740521700000,213.73,213.98,213.6931,213.9,25272.0,213.7612
2025-02-25 17:30:00,1740522600000,213.9,213.9,213.7017,213.7017,8527.0,213.8438
2025-02-25 17:45:00,1740523500000,213.73,213.88,213.6701,213.8748,5415.0,213.7421
2025-02-25 18:00:00,1740524400000,213.7042,213.87,213.7,213.8,11135.0,213.7828
2025-02-25 18:15:00,1740525300000,213.75,213.87,213.6,213.62,20986.0,213.7437
2025-02-25 18:30:00,1740526200000,213.62,213.77,213.62,213.69,4833.0,213.6804
2025-02-25 18:45:00,1740527100000,213.5715,213.77,213.51,213.54,20021.0,213.6212
2025-02-25 19:00:00,1740528000000,213.55,213.75,213.55,213.55,16161.0,213.6577
2025-02-25 19:15:00,1740528900000,213.55,213.75,213.5,213.7,10797.0,213.5835
2025-02-25 19:30:00,1740529800000,213.7,213.78,213.6145,213.78,11000.0,213.7207
2025-02-25 19:45:00,1740530700000,213.7537,213.9853,213.7501,213.84,19356.0,213.8551
2025-02-26 04:00:00,1740560400000,213.76,214.5,213.76,214.46,14464.0,214.2833
2025-02-26 04:15:00,1740561300000,214.5,214.89,214.48,214.89,22242.0,214.7346
2025-02-26 04:30:00,1740562200000,214.83,214.9,214.77,214.88,13497.0,214.8286
2025-02-26 04:45:00,1740563100000,214.89,214.89,214.67,214.75,6621.0,214.744
2025-02-26 05:00:00,1740564000000,214.73,214.87,214.73,214.82,6284.0,214.8263
2025-02-26 05:15:00,1740564900000,214.75,214.84,214.7,214.82,13081.0,214.7823
2025-02-26 05:30:00,1740565800000,214.74,215.04,214.7,214.95,12444.0,214.8899
2025-02-26 05:45:00,1740566700000,215.02,215.02,214.92,215.0,4492.0,214.9852
2025-02-26 06:00:00,1740567600000,214.95,215.08,214.85,215.08,7871.0,214.9318
2025-02-26 06:15:00,1740568500000,215.09,215.32,215.0,215.0,18044.0,215.1766
2025-02-26 06:30:00,1740569400000,215.04,215.4,215.04,215.3,8674.0,215.2721
2025-02-26 06:45:00,1740570300000,215.27,215.34,214.81,215.05,29587.0,215.1585
2025-02-26 07:00:00,1740571200000,215.02,215.02,214.35,214.65,29392.0,214.7016
2025-02-26 07:15:00,1740572100000,214.65,214.82,214.65,214.73,15338.0,214.7306
2025-02-26 07:30:00,1740573000000,214.67,214.8,214.65,214.66,10569.0,214.722
2025-02-26 07:45:00,1740573900000,214.66,214.83,214.26,214.76,21352.0,214.5743
2025-02-26 08:00:00,1740574800000,214.48,215.34,214.19,214.69,102757.0,214.6812
2025-02-26 08:15:00,1740575700000,214.69,215.03,214.63,215.03,40621.0,214.8217
2025-02-26 08:30:00,1740576600000,215.0025,215.2985,214.73,215.05,65724.0,215.1012
2025-02-26 08:45:00,1740577500000,214.97,214.9988,214.22,214.31,56302.0,214.6213
2025-02-26 09:00:00,1740578400000,214.3999,214.73,214.3022,214.43,351581.0,213.0559
2025-02-26 09:15:00,1740579300000,214.35,215.31,214.1005,214.78,67377.0,214.6589
2025-02-26 09:30:00,1740580200000,214.94,215.602,214.2,214.7456,4013412.0,214.9596
2025-02-26 09:45:00,1740581100000,214.74,216.88,214.4,216.85,2231499.0,215.6007
2025-02-26 10:00:00,1740582000000,216.855,216.9852,215.87,216.78,2006777.0,216.4634
2025-02-26 10:15:00,1740582900000,216.83,218.16,216.64,216.91,2836710.0,217.5426
2025-02-26 10:30:00,1740583800000,216.93,217.82,216.82,217.31,1443126.0,217.3395
2025-02-26 10:45:00,1740584700000,217.325,217.43,216.4183,217.1225,1228789.0,216.9444
2025-02-26 11:00:00,1740585600000,217.14,217.3472,216.83,217.08,993820.0,217.0647
2025-02-26 11:15:00,1740586500000,217.08,217.13,216.6384,216.88,1009967.0,216.9486
2025-02-26 11:30:00,1740587400000,216.87,217.028,216.455,217.0,825001.0,216.7476
2025-02-26 11:45:00,1740588300000,217.01,217.1764,216.58,216.65,624455.0,216.9689
2025-02-26 12:00:00,1740589200000,216.68,217.41,216.56,217.365,1629939.0,217.1009
2025-02-26 12:15:00,1740590100000,217.35,217.52,216.79,217.07,643114.0,217.0975
2025-02-26 12:30:00,1740591000000,217.09,217.3,216.21,216.6034,870311.0,216.6937
2025-02-26 12:45:00,1740591900000,216.6,216.69,215.28,215.52,1471301.0,215.8792
2025-02-26 13:00:00,1740592800000,215.52,215.6094,214.95,215.385,1226733.0,215.326
2025-02-26 13:15:00,1740593700000,215.38,215.54,214.62,214.68,658299.0,215.1327
2025-02-26 13:30:00,1740594600000,214.64,215.05,214.26,214.505,733379.0,214.7182
2025-02-26 13:45:00,1740595500000,214.52,214.68,213.65,213.795,835439.0,214.1613
2025-02-26 14:00:00,1740596400000,213.785,214.08,213.09,213.44,814172.0,213.5686
2025-02-26 14:15:00,1740597300000,213.46,214.14,213.22,213.77,736033.0,213.8433
2025-02-26 14:30:00,1740598200000,213.74,214.3,213.69,214.03,633354.0,214.0483
2025-02-26 14:45:00,1740599100000,214.02,214.14,213.41,213.485,732155.0,213.8371
2025-02-26 15:00:00,1740600000000,213.5,213.99,213.1551,213.81,2060532.0,213.359
2025-02-26 15:15:00,1740600900000,213.78,214.0306,213.6501,213.72,618911.0,213.8549
2025-02-26 15:30:00,1740601800000,213.71,214.125,213.51,214.09,821210.0,213.7389
2025-02-26 15:45:00,1740602700000,214.09,214.52,213.98,214.27,2156977.0,214.2121
2025-02-26 16:00:00,1740603600000,214.35,214.61,214.25,214.55,634234.0,214.3533
2025-02-26 16:15:00,1740604500000,214.55,215.2295,214.35,214.35,75745.0,214.6135
2025-02-26 16:30:00,1740605400000,214.4,214.8491,213.75,214.7,44140.0,214.3025
2025-02-26 16:45:00,1740606300000,214.67,215.25,214.65,215.0,56066.0,214.9171
2025-02-26 17:00:00,1740607200000,215.0992,215.65,215.0,215.54,43007.0,215.1419
2025-02-26 17:15:00,1740608100000,215.61,216.25,215.61,216.15,62202.0,215.9684
2025-02-26 17:30:00,1740609000000,216.02,216.19,214.35,216.08,16102.0,215.9351
2025-02-26 17:45:00,1740609900000,216.06,216.0944,215.5362,215.5413,18166.0,215.937
2025-02-26 18:00:00,1740610800000,215.6,215.65,215.11,215.2201,17686.0,215.4729
2025-02-26 18:15:00,1740611700000,215.31,215.4,215.0001,215.11,23229.0,215.1784
2025-02-26 18:30:00,1740612600000,215.15,215.24,215.0,215.0,7501.0,215.1127
2025-02-26 18:45:00,1740613500000,215.01,215.38,215.006,215.38,5563.0,215.1186
2025-02-26 19:00:00,1740614400000,215.12,215.4,215.0575,215.24,3534.0,215.2395
2025-02-26 19:15:00,1740615300000,215.07,215.07,214.01,214.01,13909.0,214.4938
2025-02-26 19:30:00,1740616200000,214.0697,214.2,214.0,214.13,10551.0,214.0968
2025-02-26 19:45:00,1740617100000,214.04,214.74,214.04,214.31,13737.0,214.3114
2025-02-27 04:00:00,1740646800000,216.9,216.9,216.38,216.45,11539.0,216.5307
2025-02-27 04:15:00,1740647700000,216.46,216.68,216.46,216.61,5385.0,216.5976
2025-02-27 04:30:00,1740648600000,216.68,217.08,216.64,216.98,16011.0,216.829
2025-02-27 04:45:00,1740649500000,216.84,216.92,216.77,216.92,6250.0,216.8733
2025-02-27 05:00:00,1740650400000,216.87,217.12,216.87,217.12,3809.0,217.0318
2025-02-27 05:15:00,1740651300000,216.92,217.1,216.88,216.96,6961.0,216.9918
2025-02-27 05:30:00,1740652200000,216.85,216.94,216.83,216.92,2362.0,216.8644
2025-02-27 05:45:00,1740653100000,216.92,217.44,216.9,217.29,18859.0,217.2524
2025-02-27 06:00:00,1740654000000,217.34,218.15,217.3,218.02,41688.0,217.848
2025-02-27 06:15:00,1740654900000,218.0,218.0,217.34,217.34,8956.0,217.6057
2025-02-27 06:30:00,1740655800000,217.49,217.69,217.45,217.69,7865.0,217.5575
2025-02-27 06:45:00,1740656700000,217.68,217.94,217.63,217.83,13108.0,217.7618
2025-02-27 07:00:00,1740657600000,217.84,218.11,217.4,218.07,95000.0,217.8017
2025-02-27 07:15:00,1740658500000,218.09,218.47,217.94,218.46,48946.0,218.158
2025-02-27 07:30:00,1740659400000,218.5,218.63,218.3,218.42,27430.0,218.4873
2025-02-27 07:45:00,1740660300000,218.38,218.38,217.61,217.88,27328.0,217.9717
2025-02-27 08:00:00,1740661200000,217.92,218.6399,215.05,218.37,211918.0,216.8851
2025-02-27 08:15:00,1740662100000,218.375,218.43,217.9101,218.0,53444.0,218.2011
2025-02-27 08:30:00,1740663000000,217.98,218.0,217.63,217.85,54952.0,217.8235
2025-02-27 08:45:00,1740663900000,217.88,218.05,216.83,217.38,137328.0,217.3689
2025-02-27 09:00:00,1740664800000,217.28,218.28,217.185,217.9,113341.0,217.9283
2025-02-27 09:15:00,1740665700000,218.0,218.6,217.25,218.53,170042.0,217.8841
2025-02-27 09:30:00,1740666600000,218.35,219.97,215.7,215.81,4189434.0,218.2146
2025-02-27 09:45:00,1740667500000,215.805,216.1,212.17,212.68,2981364.0,214.1144
2025-02-27 10:00:00,1740668400000,212.67,215.0,211.6,214.57,2370590.0,213.1134
2025-02-27 10:15:00,1740669300000,214.52,215.15,214.1306,214.41,1642458.0,214.6321
2025-02-27 10:30:00,1740670200000,214.3993,214.7571,213.53,214.34,953466.0,214.1289
2025-02-27 10:45:00,1740671100000,214.33,214.62,213.33,213.845,772281.0,213.9059
2025-02-27 11:00:00,1740672000000,213.87,215.2,213.73,215.15,815862.0,214.5411
2025-02-27 11:15:00,1740672900000,215.16,215.505,214.03,214.085,976232.0,215.0506
2025-02-27 11:30:00,1740673800000,214.1,214.755,213.94,214.12,589447.0,214.3596
2025-02-27 11:45:00,1740674700000,214.12,214.5153,213.12,213.29,750918.0,213.7876
2025-02-27 12:00:00,1740675600000,213.3,213.6,213.1528,213.3599,489747.0,213.3645
2025-02-27 12:15:00,1740676500000,213.36,213.68,212.71,213.66,615572.0,213.1036
2025-02-27 12:30:00,1740677400000,213.66,213.97,212.8904,213.075,492296.0,213.543
2025-02-27 12:45:00,1740678300000,213.11,213.41,212.81,213.28,446210.0,213.1189
2025-02-27 13:00:00,1740679200000,213.285,214.0,213.08,213.8912,552570.0,213.502
2025-02-27 13:15:00,1740680100000,213.9099,214.02,213.56,213.76,531710.0,213.8573
2025-02-27 13:30:00,1740681000000,213.77,213.89,213.38,213.5063,467224.0,213.7194
2025-02-27 13:45:00,1740681900000,213.5,213.705,213.14,213.31,508923.0,213.4555
2025-02-27 14:00:00,1740682800000,213.31,213.35,212.45,212.5026,642427.0,212.8697
2025-02-27 14:15:00,1740683700000,212.47,212.52,211.06,211.09,969313.0,211.8699
2025-02-27 14:30:00,1740684600000,211.1,211.1,210.15,210.77,1186512.0,210.666
2025-02-27 14:45:00,1740685500000,210.76,211.06,210.35,210.92,1053525.0,210.8208
2025-02-27 15:00:00,1740686400000,210.93,210.94,209.82,210.35,1203750.0,210.2799
2025-02-27 15:15:00,1740687300000,210.33,210.5407,209.7637,209.82,1145113.0,210.1456
2025-02-27 15:30:00,1740688200000,209.82,210.32,209.06,209.125,1409933.0,209.729
2025-02-27 15:45:00,1740689100000,209.1399,209.52,208.37,208.82,4018407.0,208.8124
2025-02-27 16:00:00,1740690000000,208.74,208.79,208.2,208.6982,1195365.0,208.7298
2025-02-27 16:15:00,1740690900000,208.7,208.9899,208.6001,208.8,51112.0,208.7797
2025-02-27 16:30:00,1740691800000,208.8406,209.2,208.74,209.12,61442.0,208.93
2025-02-27 16:45:00,1740692700000,209.19,209.19,208.7,208.7,37004.0,208.9115
2025-02-27 17:00:00,1740693600000,208.6,208.7897,208.33,208.74,19915.0,208.45
2025-02-27 17:15:00,1740694500000,208.73,208.74,208.33,208.6,217765.0,208.7211
2025-02-27 17:30:00,1740695400000,208.6732,208.85,208.52,208.5555,15148.0,208.645
2025-02-27 17:45:00,1740696300000,208.7,208.7,208.455,208.5186,9436.0,208.6129
2025-02-27 18:00:00,1740697200000,208.69,209.0,208.5419,208.63,17339.0,208.8109
2025-02-27 18:15:00,1740698100000,208.56,208.96,208.5011,208.7,14280.0,208.7518
2025-02-27 18:30:00,1740699000000,208.85,209.1888,208.7615,209.05,18555.0,208.9604
2025-02-27 18:45:00,1740699900000,209.0,209.15,208.85,209.07,10137.0,209.0634
2025-02-27 19:00:00,1740700800000,209.0583,209.39,209.0583,209.39,9558.0,209.2584
2025-02-27 19:15:00,1740701700000,209.29,209.29,209.0,209.19,11250.0,209.1229
2025-02-27 19:30:00,1740702600000,209.03,209.1107,208.9,208.91,10791.0,208.964
2025-02-27 19:45:00,1740703500000,208.95,208.95,208.6342,208.89,12420.0,208.8138
2025-02-28 04:00:00,1740733200000,208.84,209.25,208.75,209.04,19396.0,208.9401
2025-02-28 04:15:00,1740734100000,209.19,209.59,209.19,209.59,10405.0,209.3734
2025-02-28 04:30:00,1740735000000,209.42,209.57,209.42,209.46,5272.0,209.5055
2025-02-28 04:45:00,1740735900000,209.42,209.5,209.08,209.08,20838.0,209.3891
2025-02-28 05:00:00,1740736800000,209.1,209.18,208.98,209.08,6998.0,209.092
2025-02-28 05:15:00,1740737700000,209.11,209.18,209.05,209.05,7573.0,209.1441
2025-02-28 05:30:00,1740738600000,209.1,209.33,209.1,209.27,1651.0,209.19
2025-02-28 05:45:00,1740739500000,209.28,209.36,209.23,209.23,2512.0,209.2837
2025-02-28 06:00:00,1740740400000,209.23,209.36,209.22,209.28,2452.0,209.2637
2025-02-28 06:15:00,1740741300000,209.29,209.29,209.17,209.22,3361.0,209.2405
2025-02-28 06:30:00,1740742200000,208.99,209.04,208.92,209.04,1835.0,208.987
2025-02-28 06:45:00,1740743100000,209.25,209.25,209.03,209.03,2553.0,209.117
2025-02-28 07:00:00,1740744000000,209.04,209.12,208.47,208.55,22149.0,208.7689
2025-02-28 07:15:00,1740744900000,208.68,208.93,208.65,208.65,4623.0,208.7572
2025-02-28 07:30:00,1740745800000,208.5,208.8,208.49,208.62,18281.0,208.6354
2025-02-28 07:45:00,1740746700000,208.74,209.07,208.74,209.01,15236.0,208.9224
2025-02-28 08:00:00,1740747600000,209.01,209.6,208.0,209.03,147825.0,208.9136
2025-02-28 08:15:00,1740748500000,209.0301,209.147,208.5,208.6001,50402.0,208.8177
2025-02-28 08:30:00,1740749400000,208.74,210.0,208.74,209.35,86874.0,209.4695
2025-02-28 08:45:00,1740750300000,209.39,209.5,209.0,209.15,36743.0,209.1875
2025-02-28 09:00:00,1740751200000,209.05,209.39,208.89,209.23,40195.0,209.1494
2025-02-28 09:15:00,1740752100000,209.35,209.66,208.5,209.1,68291.0,209.0095
2025-02-28 09:30:00,1740753000000,208.65,209.08,206.99,208.38,3759338.0,208.1807
2025-02-28 09:45:00,1740753900000,208.385,208.98,207.7501,208.43,1468090.0,208.3765
2025-02-28 10:00:00,1740754800000,208.36,209.46,208.295,209.45,1386918.0,208.8587
2025-02-28 10:15:00,1740755700000,209.41,210.58,208.88,210.5743,1794154.0,209.6377
2025-02-28 10:30:00,1740756600000,210.56,210.68,209.51,210.15,1451349.0,210.1838
2025-02-28 10:45:00,1740757500000,210.145,210.54,209.91,210.39,890315.0,210.1977
2025-02-28 11:00:00,1740758400000,210.38,210.88,209.97,210.1,1182026.0,210.5063
2025-02-28 11:15:00,1740759300000,210.1,210.305,209.2704,209.37,1002962.0,209.7834
2025-02-28 11:30:00,1740760200000,209.36,210.47,209.28,210.295,679224.0,209.9471
2025-02-28 11:45:00,1740761100000,210.28,210.3,209.2103,209.29,702719.0,209.7505
2025-02-28 12:00:00,1740762000000,209.295,209.8404,209.12,209.67,676623.0,209.4208
2025-02-28 12:15:00,1740762900000,209.64,210.11,209.04,209.285,642704.0,209.6112
2025-02-28 12:30:00,1740763800000,209.29,209.3403,208.18,208.34,1007292.0,208.9081
2025-02-28 12:45:00,1740764700000,208.33,208.55,207.83,207.91,858531.0,208.1852
2025-02-28 13:00:00,1740765600000,207.92,208.4172,207.73,207.99,727723.0,208.0005
2025-02-28 13:15:00,1740766500000,207.98,208.635,207.38,208.5124,1012191.0,207.7955
2025-02-28 13:30:00,1740767400000,208.49,208.99,208.23,208.72,728166.0,208.5908
2025-02-28 13:45:00,1740768300000,208.71,208.85,207.55,207.615,697207.0,208.3047
2025-02-28 14:00:00,1740769200000,207.59,208.14,207.56,207.925,1694358.0,207.9487
2025-02-28 14:15:00,1740770100000,207.92,208.6,207.895,208.2025,817314.0,208.2019
2025-02-28 14:30:00,1740771000000,208.22,209.25,208.03,209.04,942944.0,208.6957
2025-02-28 14:45:00,1740771900000,209.07,209.44,208.98,209.31,681511.0,209.2296
2025-02-28 15:00:00,1740772800000,209.315,209.84,209.22,209.505,851485.0,209.5001
2025-02-28 15:15:00,1740773700000,209.5,209.79,209.05,209.77,973075.0,209.3993
2025-02-28 15:30:00,1740774600000,209.74,209.75,208.74,209.44,1129614.0,209.3371
2025-02-28 15:45:00,1740775500000,209.43,212.62,209.295,212.3,6368435.0,211.7369
2025-02-28 16:00:00,1740776400000,212.14,212.55,211.47,212.26,3433461.0,212.2614
2025-02-28 16:15:00,1740777300000,212.4198,212.4198,212.21,212.34,580847.0,212.2797
2025-02-28 16:30:00,1740778200000,212.39,212.75,212.28,212.6112,500011.0,212.3009
2025-02-28 16:45:00,1740779100000,212.6135,212.7,212.41,212.57,35387.0,212.4669
2025-02-28 17:00:00,1740780000000,212.57,212.75,212.5,212.6,24241.0,212.0322
2025-02-28 17:15:00,1740780900000,212.62,212.89,212.62,212.6641,50198.0,212.6081
2025-02-28 17:30:00,1740781800000,212.67,212.7,212.613,212.64,7289.0,212.6581
2025-02-28 17:45:00,1740782700000,212.61,212.65,212.6,212.65,9220.0,212.6122
2025-02-28 18:00:00,1740783600000,212.6499,212.65,212.55,212.58,4254.0,212.6111
2025-02-28 18:15:00,1740784500000,212.55,212.6,212.55,212.59,7008.0,212.5763
2025-02-28 18:30:00,1740785400000,212.6,212.6,212.5505,212.5891,4806.0,212.5733
2025-02-28 18:45:00,1740786300000,212.5892,212.61,212.55,212.589,3704.0,212.5692
2025-02-28 19:00:00,1740787200000,212.5875,212.65,212.56,212.65,3471.0,212.6018
2025-02-28 19:15:00,1740788100000,212.7,212.7,212.56,212.57,5392.0,212.6368
2025-02-28 19:30:00,1740789000000,212.6378,212.7,212.556,212.6017,13819.0,212.643
2025-02-28 19:45:00,1740789900000,212.61,212.7,212.57,212.57,7180.0,212.6481
2025-03-03 04:00:00,1740992400000,213.16,213.68,212.73,213.63,26699.0,213.1585
2025-03-03 04:15:00,1740993300000,213.87,214.02,213.6,213.81,17730.0,213.8465
2025-03-03 04:30:00,1740994200000,213.9,214.02,213.8,213.88,7208.0,213.8558
2025-03-03 04:45:00,1740995100000,213.89,214.0,213.68,214.0,6237.0,213.8268
2025-03-03 05:00:00,1740996000000,214.06,214.06,213.87,213.87,1208.0,213.9917
2025-03-03 05:15:00,1740996900000,213.9,213.9,213.85,213.85,2163.0,213.8854
2025-03-03 05:30:00,1740997800000,213.85,213.95,213.81,213.95,4661.0,213.9012
2025-03-03 05:45:00,1740998700000,213.96,214.08,213.91,213.93,3485.0,213.9803
2025-03-03 06:00:00,1740999600000,213.89,214.13,213.86,214.08,5836.0,214.0157
2025-03-03 06:15:00,1741000500000,214.06,214.09,213.93,214.09,5996.0,214.0206
2025-03-03 06:30:00,1741001400000,214.01,214.1,213.88,213.89,7277.0,213.9694
2025-03-03 06:45:00,1741002300000,213.9,213.97,213.76,213.88,4465.0,213.8956
2025-03-03 07:00:00,1741003200000,213.93,214.42,213.51,214.4,30760.0,214.1258
2025-03-03 07:15:00,1741004100000,214.3,214.34,214.16,214.18,10586.0,214.2341
2025-03-03 07:30:00,1741005000000,214.16,214.32,214.08,214.09,9429.0,214.2022
2025-03-03 07:45:00,1741005900000,214.15,214.35,214.13,214.28,4316.0,214.1955
2025-03-03 08:00:00,1741006800000,214.08,214.42,212.28,214.0297,112355.0,213.9206
2025-03-03 08:15:00,1741007700000,214.02,214.1963,214.0,214.1953,27827.0,214.0695
2025-03-03 08:30:00,1741008600000,214.1768,214.18,213.99,214.05,36315.0,214.0346
2025-03-03 08:45:00,1741009500000,214.05,214.12,213.76,213.9701,43002.0,214.0029
2025-03-03 09:00:00,1741010400000,213.98,214.15,213.79,213.9,63641.0,214.0196
2025-03-03 09:15:00,1741011300000,213.94,214.15,212.919,213.14,123361.0,213.7127
2025-03-03 09:30:00,1741012200000,213.352,214.01,210.825,211.3963,3553073.0,212.5945
2025-03-03 09:45:00,1741013100000,211.37,212.1966,209.4346,209.91,1999466.0,210.7394
2025-03-03 10:00:00,1741014000000,209.9,210.62,209.0,209.85,1509571.0,209.8497
2025-03-03 10:15:00,1741014900000,209.81,210.97,209.62,210.67,940922.0,210.2461
2025-03-03 10:30:00,1741015800000,210.67,210.9,209.77,210.775,1005118.0,210.3178
2025-03-03 10:45:00,1741016700000,210.72,210.73,208.88,209.07,906107.0,209.9163
2025-03-03 11:00:00,1741017600000,209.07,209.742,209.046,209.465,767876.0,209.4055
2025-03-03 11:15:00,1741018500000,209.48,209.99,208.61,208.67,971142.0,209.3713
2025-03-03 11:30:00,1741019400000,208.67,208.89,207.785,208.02,1447471.0,208.2934
2025-03-03 11:45:00,1741020300000,208.02,209.05,207.91,208.86,814974.0,208.6509
2025-03-03 12:00:00,1741021200000,208.7049,209.03,208.5601,208.8,566596.0,208.8119
2025-03-03 12:15:00,1741022100000,208.78,209.39,208.67,209.2332,794652.0,209.0486
2025-03-03 12:30:00,1741023000000,209.24,209.54,208.95,209.38,622069.0,209.283
2025-03-03 12:45:00,1741023900000,209.385,209.4396,208.73,209.13,762084.0,209.1339
2025-03-03 13:00:00,1741024800000,209.11,209.2323,207.65,207.6846,979324.0,208.2924
2025-03-03 13:15:00,1741025700000,207.69,208.46,207.29,207.36,1023105.0,207.7996
2025-03-03 13:30:00,1741026600000,207.425,207.74,206.66,207.3505,1146423.0,207.2328
2025-03-03 13:45:00,1741027500000,207.36,208.2,207.065,207.885,900680.0,207.6339
2025-03-03 14:00:00,1741028400000,207.86,208.3096,207.4,207.5399,744310.0,207.9485
2025-03-03 14:15:00,1741029300000,207.54,207.64,207.095,207.24,835652.0,207.3445
2025-03-03 14:30:00,1741030200000,207.25,208.16,207.22,208.055,803023.0,207.7384
2025-03-03 14:45:00,1741031100000,208.07,208.07,206.0814,206.15,1150152.0,206.7636
2025-03-03 15:00:00,1741032000000,206.16,206.16,203.82,204.225,2184377.0,204.8313
2025-03-03 15:15:00,1741032900000,204.2,205.3299,203.97,204.23,1933059.0,204.5251
2025-03-03 15:30:00,1741033800000,204.22,204.97,202.55,202.86,2395871.0,203.6371
2025-03-03 15:45:00,1741034700000,202.84,205.09,202.78,205.05,4197009.0,204.1128
2025-03-03 16:00:00,1741035600000,205.02,205.3,204.82,205.1685,424695.0,205.0433
2025-03-03 16:15:00,1741036500000,205.17,205.6999,205.15,205.55,44966.0,205.4513
2025-03-03 16:30:00,1741037400000,205.59,205.61,205.02,205.61,55489.0,205.3663
2025-03-03 16:45:00,1741038300000,205.59,205.59,205.11,205.22,41599.0,205.2244
2025-03-03 17:00:00,1741039200000,205.25,205.25,205.0,205.03,26603.0,205.0673
2025-03-03 17:15:00,1741040100000,205.13,205.13,204.7,204.86,19839.0,204.9242
2025-03-03 17:30:00,1741041000000,204.82,205.02,204.55,204.6,27227.0,204.8257
2025-03-03 17:45:00,1741041900000,204.74,204.8,204.6,204.75,9373.0,204.7097
2025-03-03 18:00:00,1741042800000,204.85,205.04,204.8,205.0,21069.0,204.954
2025-03-03 18:15:00,1741043700000,205.04,205.55,204.9401,205.48,12472.0,205.3401
2025-03-03 18:30:00,1741044600000,205.5,205.7,205.2258,205.2258,8979.0,205.4765
2025-03-03 18:45:00,1741045500000,205.23,205.27,205.02,205.2155,8277.0,205.1531
2025-03-03 19:00:00,1741046400000,205.046,205.25,204.8882,205.1,9598.0,205.0995
2025-03-03 19:15:00,1741047300000,205.02,205.38,204.88,205.05,8395.0,205.135
2025-03-03 19:30:00,1741048200000,205.2267,205.33,205.0,205.02,22256.0,205.1559
2025-03-03 19:45:00,1741049100000,204.8842,205.873,204.51,205.2314,29478.0,205.2499
2025-03-04 04:00:00,1741078800000,205.29,205.43,205.05,205.1,23333.0,205.2316
2025-03-04 04:15:00,1741079700000,204.9,205.03,204.78,205.03,8057.0,204.8966
2025-03-04 04:30:00,1741080600000,205.02,205.03,204.55,204.55,9203.0,204.7619
2025-03-04 04:45:00,1741081500000,204.86,205.04,204.7,204.78,3222.0,204.8232
2025-03-04 05:00:00,1741082400000,204.52,205.78,204.09,205.63,62668.0,204.8775
2025-03-04 05:15:00,1741083300000,205.71,205.88,205.11,205.11,9585.0,205.5464
2025-03-04 05:30:00,1741084200000,205.05,205.28,204.96,205.28,4515.0,205.0959
2025-03-04 05:45:00,1741085100000,205.3,205.4,205.2,205.29,8759.0,205.2823
2025-03-04 06:00:00,1741086000000,205.13,205.57,205.12,205.41,4957.0,205.4012
2025-03-04 06:15:00,1741086900000,205.34,205.39,205.25,205.25,5044.0,205.3313
2025-03-04 06:30:00,1741087800000,205.34,205.58,204.83,205.26,24164.0,205.1737
2025-03-04 06:45:00,1741088700000,205.37,205.59,205.3,205.56,13988.0,205.4832
2025-03-04 07:00:00,1741089600000,205.52,205.52,204.77,204.96,35270.0,205.1637
2025-03-04 07:15:00,1741090500000,204.82,204.9,203.74,203.8,38748.0,204.2594
2025-03-04 07:30:00,1741091400000,203.84,203.96,203.3,203.48,54389.0,203.6373
2025-03-04 07:45:00,1741092300000,203.39,203.5,202.08,202.99,72990.0,203.1072
2025-03-04 08:00:00,1741093200000,204.21,205.82,202.01,202.67,236292.0,203.4123
2025-03-04 08:15:00,1741094100000,202.63,202.85,201.6568,202.14,120858.0,202.188
2025-03-04 08:30:00,1741095000000,202.13,202.8361,201.85,202.4599,104657.0,202.334
2025-03-04 08:45:00,1741095900000,202.36,202.5975,201.95,202.27,84543.0,202.3639
2025-03-04 09:00:00,1741096800000,202.17,203.5567,202.08,203.45,96489.0,203.0228
2025-03-04 09:15:00,1741097700000,203.4,203.4,199.5,200.0,441774.0,200.7746
2025-03-04 09:30:00,1741098600000,200.11,202.1,199.01,200.1208,7935580.0,200.2231
2025-03-04 09:45:00,1741099500000,200.14,201.37,199.5,199.92,2968971.0,200.4632
2025-03-04 10:00:00,1741100400000,199.89,199.96,198.5486,199.455,3127096.0,199.2578
2025-03-04 10:15:00,1741101300000,199.44,199.47,197.432,198.35,3195772.0,198.2001
2025-03-04 10:30:00,1741102200000,198.25,199.98,197.93,199.5,2695313.0,199.242
2025-03-04 10:45:00,1741103100000,199.49,199.99,198.76,199.36,2013832.0,199.3844
2025-03-04 11:00:00,1741104000000,199.33,199.68,198.54,199.5768,1582912.0,199.1045
2025-03-04 11:15:00,1741104900000,199.56,199.96,198.86,199.405,1753369.0,199.549
2025-03-04 11:30:00,1741105800000,199.39,201.16,199.35,201.07,1690497.0,200.2698
2025-03-04 11:45:00,1741106700000,201.04,202.16,200.79,201.47,1875459.0,201.4448
2025-03-04 12:00:00,1741107600000,201.46,201.95,201.08,201.91,1166099.0,201.4828
2025-03-04 12:15:00,1741108500000,201.91,203.45,201.74,203.065,1949721.0,202.5454
2025-03-04 12:30:00,1741109400000,203.05,203.05,201.91,202.13,1660230.0,202.4914
2025-03-04 12:45:00,1741110300000,202.11,202.84,201.96,202.35,1031645.0,202.392
2025-03-04 13:00:00,1741111200000,202.35,203.76,202.03,203.51,1018386.0,202.9367
2025-03-04 13:15:00,1741112100000,203.51,203.53,202.67,202.9,880246.0,203.0864
2025-03-04 13:30:00,1741113000000,202.9,204.2,202.69,203.93,850400.0,203.5361
2025-03-04 13:45:00,1741113900000,203.925,204.555,203.62,204.32,1324704.0,203.9923
2025-03-04 14:00:00,1741114800000,204.3,205.16,204.3,204.935,1209325.0,204.8282
2025-03-04 14:15:00,1741115700000,204.95,205.76,204.68,204.85,1052275.0,205.217
2025-03-04 14:30:00,1741116600000,204.87,205.46,204.39,205.34,1159468.0,204.8676
2025-03-04 14:45:00,1741117500000,205.36,205.86,205.22,205.525,1315843.0,205.0389
2025-03-04 15:00:00,1741118400000,205.51,206.48,205.3443,206.2,1482581.0,205.9135
2025-03-04 15:15:00,1741119300000,206.22,206.8,205.81,206.21,1258586.0,206.3311
2025-03-04 15:30:00,1741120200000,206.21,206.39,204.52,205.05,1763815.0,205.1657
2025-03-04 15:45:00,1741121100000,205.06,205.36,203.02,203.86,3728567.0,203.8405
2025-03-04 16:00:00,1741122000000,203.8,204.75,203.63,204.14,673323.0,203.825
2025-03-04 16:15:00,1741122900000,204.14,205.9,203.8,205.55,78100.0,204.8335
2025-03-04 16:30:00,1741123800000,205.4511,205.7097,203.8,204.98,66095.0,204.987
2025-03-04 16:45:00,1741124700000,204.98,205.5,204.55,205.31,35598.0,205.2293
2025-03-04 17:00:00,1741125600000,205.47,205.7523,205.36,205.66,23403.0,205.5294
2025-03-04 17:15:00,1741126500000,205.7,205.78,205.35,205.4892,20273.0,205.6089
2025-03-04 17:30:00,1741127400000,205.5,206.25,205.5,206.08,20744.0,205.8604
2025-03-04 17:45:00,1741128300000,206.11,206.11,205.6,205.6,11851.0,205.79
2025-03-04 18:00:00,1741129200000,205.59,205.76,205.3,205.65,31031.0,205.4318
2025-03-04 18:15:00,1741130100000,205.75,205.87,205.5032,205.85,17758.0,205.7169
2025-03-04 18:30:00,1741131000000,205.85,206.24,205.7,206.24,15087.0,205.9583
2025-03-04 18:45:00,1741131900000,206.11,206.11,205.7001,205.98,19071.0,205.879
2025-03-04 19:00:00,1741132800000,205.86,206.0,205.83,206.0,11985.0,205.9356
2025-03-04 19:15:00,1741133700000,206.0,206.0,205.52,205.56,9200.0,205.7482
2025-03-04 19:30:00,1741134600000,205.56,205.65,205.3501,205.4209,8483.0,205.5521
2025-03-04 19:45:00,1741135500000,205.68,206.15,205.38,206.1305,13223.0,205.7393
2025-03-05 04:00:00,1741165200000,206.49,206.49,205.72,206.24,8971.0,206.069
2025-03-05 04:15:00,1741166100000,206.26,206.61,206.18,206.56,6843.0,206.3943
2025-03-05 04:30:00,1741167000000,206.58,206.79,206.58,206.6,11422.0,206.6726
2025-03-05 04:45:00,1741167900000,206.64,206.76,206.51,206.54,4925.0,206.6646
2025-03-05 05:00:00,1741168800000,206.67,206.67,206.11,206.11,4589.0,206.4071
2025-03-05 05:15:00,1741169700000,206.16,206.16,205.64,205.98,9436.0,205.9028
2025-03-05 05:30:00,1741170600000,205.99,206.3,205.99,206.3,11110.0,206.1174
2025-03-05 05:45:00,1741171500000,206.31,206.31,205.78,205.78,5489.0,205.9603
2025-03-05 06:00:00,1741172400000,205.76,205.81,205.75,205.75,2792.0,205.7855
2025-03-05 06:15:00,1741173300000,205.9,205.9,205.64,205.71,4493.0,205.7177
2025-03-05 06:30:00,1741174200000,205.67,205.82,205.65,205.77,9796.0,205.7036
2025-03-05 06:45:00,1741175100000,205.7,206.0,205.06,205.65,41921.0,205.6438
2025-03-05 07:00:00,1741176000000,205.7,205.8,205.16,205.4,18247.0,205.5748
2025-03-05 07:15:00,1741176900000,205.4,205.5,205.0,205.16,13797.0,205.2193
2025-03-05 07:30:00,1741177800000,205.25,205.41,205.25,205.29,7015.0,205.3242
2025-03-05 07:45:00,1741178700000,205.3,205.39,205.1,205.1,15112.0,205.2388
2025-03-05 08:00:00,1741179600000,205.68,206.49,204.53,205.01,126118.0,205.282
2025-03-05 08:15:00,1741180500000,204.54,205.2,204.2737,204.4,67529.0,204.764
2025-03-05 08:30:00,1741181400000,204.51,205.16,204.3826,204.3826,66454.0,204.8922
2025-03-05 08:45:00,1741182300000,204.4997,205.21,204.4997,204.83,59186.0,204.9535
2025-03-05 09:00:00,1741183200000,204.69,204.7,204.13,204.57,51443.0,204.4794
2025-03-05 09:15:00,1741184100000,204.62,205.05,204.31,204.85,62405.0,204.6918
2025-03-05 09:30:00,1741185000000,204.8,205.35,203.47,204.79,2633385.0,204.6233
2025-03-05 09:45:00,1741185900000,204.785,204.88,203.26,203.87,1474282.0,204.0905
2025-03-05 10:00:00,1741186800000,203.91,206.4099,203.91,205.665,1744553.0,205.5602
2025-03-05 10:15:00,1741187700000,205.64,205.79,204.59,205.21,1227158.0,205.1963
2025-03-05 10:30:00,1741188600000,205.205,206.29,205.01,205.9793,903105.0,205.6816
2025-03-05 10:45:00,1741189500000,205.97,206.55,205.2701,206.055,826880.0,206.0578
2025-03-05 11:00:00,1741190400000,206.02,206.02,204.47,204.95,969009.0,205.347
2025-03-05 11:15:00,1741191300000,205.02,205.4938,204.43,205.45,1016690.0,204.8935
2025-03-05 11:30:00,1741192200000,205.43,205.43,204.07,204.2299,1450796.0,204.8081
2025-03-05 11:45:00,1741193100000,204.26,205.71,204.11,205.03,907187.0,204.7172
2025-03-05 12:00:00,1741194000000,205.02,206.165,204.95,205.88,1086027.0,205.5525
2025-03-05 12:15:00,1741194900000,205.89,207.35,205.795,207.345,1103332.0,206.6502
2025-03-05 12:30:00,1741195800000,207.37,207.47,206.7612,207.36,857948.0,207.1568
2025-03-05 12:45:00,1741196700000,207.33,208.18,206.64,208.18,1172464.0,207.4915
2025-03-05 13:00:00,1741197600000,208.175,208.4575,206.9,208.08,1411100.0,207.8848
2025-03-05 13:15:00,1741198500000,208.05,208.34,207.5101,207.68,727780.0,207.9504
2025-03-05 13:30:00,1741199400000,207.69,207.92,207.05,207.4393,674531.0,207.4952
2025-03-05 13:45:00,1741200300000,207.4201,208.68,207.4201,208.63,745577.0,208.0485
2025-03-05 14:00:00,1741201200000,208.63,209.86,208.25,209.735,1129781.0,209.1408
2025-03-05 14:15:00,1741202100000,209.73,209.98,208.64,208.65,921515.0,209.3429
2025-03-05 14:30:00,1741203000000,208.66,209.09,208.28,208.67,830390.0,208.7972
2025-03-05 14:45:00,1741203900000,208.675,209.13,208.47,208.59,761090.0,208.8693
2025-03-05 15:00:00,1741204800000,208.585,209.49,208.55,209.4047,1089479.0,209.0935
2025-03-05 15:15:00,1741205700000,209.4,209.64,208.15,209.1004,1068713.0,208.8072
2025-03-05 15:30:00,1741206600000,209.1,209.12,208.36,208.83,1234835.0,208.7142
2025-03-05 15:45:00,1741207500000,208.82,209.01,207.92,208.405,2985839.0,208.4461
2025-03-05 16:00:00,1741208400000,208.4324,208.5,207.82,208.05,2003001.0,208.3576
2025-03-05 16:15:00,1741209300000,208.1,208.36,208.08,208.1316,15191.0,208.2174
2025-03-05 16:30:00,1741210200000,208.2195,208.36,208.12,208.24,19474.0,208.1953
2025-03-05 16:45:00,1741211100000,208.26,208.26,208.1025,208.22,9178.0,208.0369
2025-03-05 17:00:00,1741212000000,208.19,208.25,208.15,208.15,2387.0,208.1848
2025-03-05 17:15:00,1741212900000,208.1998,208.2,208.11,208.11,6717.0,208.1516
2025-03-05 17:30:00,1741213800000,208.15,208.19,208.021,208.0556,3912.0,208.1031
2025-03-05 17:45:00,1741214700000,208.1,208.12,208.01,208.0107,3119.0,208.0866
2025-03-05 18:00:00,1741215600000,208.1,208.36,208.05,208.36,12023.0,208.2435
2025-03-05 18:15:00,1741216500000,208.25,208.28,208.2,208.23,4718.0,208.2585
2025-03-05 18:30:00,1741217400000,208.03,208.1,208.0,208.1,2144.0,208.0596
2025-03-05 18:45:00,1741218300000,208.08,208.08,208.0032,208.0768,1653.0,208.0425
2025-03-05 19:00:00,1741219200000,208.01,208.2,208.0,208.18,4764.0,208.069
2025-03-05 19:15:00,1741220100000,208.26,208.4,208.21,208.3,4431.0,208.3138
2025-03-05 19:30:00,1741221000000,208.29,208.29,208.265,208.27,724.0,208.2467
2025-03-05 19:45:00,1741221900000,208.2,208.28,208.01,208.11,5947.0,208.1554
2025-03-06 04:00:00,1741251600000,208.1,208.1,205.65,205.74,21177.0,206.0994
2025-03-06 04:15:00,1741252500000,205.64,205.83,205.09,205.1,15801.0,205.5013
2025-03-06 04:30:00,1741253400000,205.01,205.46,205.0,205.33,12943.0,205.156
2025-03-06 04:45:00,1741254300000,205.58,205.59,205.41,205.41,4285.0,205.5229
2025-03-06 05:00:00,1741255200000,205.35,205.38,205.0,205.21,15689.0,205.1485
2025-03-06 05:15:00,1741256100000,205.22,205.45,205.21,205.36,2797.0,205.3156
2025-03-06 05:30:00,1741257000000,205.24,205.34,204.95,204.95,6968.0,205.114
2025-03-06 05:45:00,1741257900000,204.89,205.06,204.68,204.74,9811.0,204.8601
2025-03-06 06:00:00,1741258800000,204.76,205.38,204.56,205.09,8412.0,204.9245
2025-03-06 06:15:00,1741259700000,205.21,205.36,205.14,205.21,2926.0,205.2271
2025-03-06 06:30:00,1741260600000,205.09,205.3,205.0,205.22,4827.0,205.1577
2025-03-06 06:45:00,1741261500000,205.23,205.56,205.23,205.26,6738.0,205.3747
2025-03-06 07:00:00,1741262400000,205.39,205.51,205.27,205.47,17974.0,205.3957
2025-03-06 07:15:00,1741263300000,205.38,205.43,205.01,205.43,18160.0,205.2211
2025-03-06 07:30:00,1741264200000,205.5,205.53,205.0,205.1,16574.0,205.1476
2025-03-06 07:45:00,1741265100000,205.2,205.2,204.86,204.86,20956.0,205.0293
2025-03-06 08:00:00,1741266000000,205.12,208.65,204.46,204.6,191567.0,205.8122
2025-03-06 08:15:00,1741266900000,204.6,204.92,204.39,204.76,35598.0,204.712
2025-03-06 08:30:00,1741267800000,204.92,205.0556,204.5,204.58,68031.0,204.9032
2025-03-06 08:45:00,1741268700000,204.6,204.6,204.0,204.1,68892.0,204.1965
2025-03-06 09:00:00,1741269600000,204.15,204.7592,203.69,204.45,67274.0,204.1967
2025-03-06 09:15:00,1741270500000,204.42,204.52,203.59,204.51,56891.0,204.0954
2025-03-06 09:30:00,1741271400000,204.4,204.6174,202.16,202.87,3418960.0,203.6259
2025-03-06 09:45:00,1741272300000,202.865,203.98,202.78,203.54,1386654.0,203.4201
2025-03-06 10:00:00,1741273200000,203.55,205.15,203.3,204.655,1793363.0,204.528
2025-03-06 10:15:00,1741274100000,204.64,205.67,204.52,205.12,1400940.0,205.1235
2025-03-06 10:30:00,1741275000000,205.12,205.77,204.32,205.23,1050457.0,204.9598
2025-03-06 10:45:00,1741275900000,205.23,205.4,204.16,204.645,842689.0,204.6842
2025-03-06 11:00:00,1741276800000,204.69,205.46,204.68,204.88,846458.0,204.9727
2025-03-06 11:15:00,1741277700000,204.87,204.8855,203.11,203.835,1206301.0,203.8935
2025-03-06 11:30:00,1741278600000,203.81,204.57,203.2,203.4,939352.0,203.8002
2025-03-06 11:45:00,1741279500000,203.405,203.755,202.31,202.34,941599.0,202.9007
2025-03-06 12:00:00,1741280400000,202.31,202.73,201.6,201.63,1317399.0,202.1386
2025-03-06 12:15:00,1741281300000,201.65,202.25,201.11,201.315,1411974.0,201.6747
2025-03-06 12:30:00,1741282200000,201.3106,201.85,200.9,201.23,1152752.0,201.2828
2025-03-06 12:45:00,1741283100000,201.18,201.78,200.55,201.535,1190863.0,201.021
2025-03-06 13:00:00,1741284000000,201.5,201.75,200.8578,201.25,1087224.0,201.3637
2025-03-06 13:15:00,1741284900000,201.2473,201.57,200.75,200.835,839198.0,201.2903
2025-03-06 13:30:00,1741285800000,200.85,201.11,199.8609,200.47,1609759.0,200.3519
2025-03-06 13:45:00,1741286700000,200.46,201.12,200.27,200.825,1165623.0,200.7544
2025-03-06 14:00:00,1741287600000,200.835,200.91,199.46,199.4814,1554778.0,200.0339
2025-03-06 14:15:00,1741288500000,199.5,199.74,198.47,198.79,1920299.0,199.0294
2025-03-06 14:30:00,1741289400000,198.77,199.55,198.34,199.15,1591773.0,198.8376
2025-03-06 14:45:00,1741290300000,199.15,200.522,198.3015,199.08,2430846.0,199.853
2025-03-06 15:00:00,1741291200000,199.0601,199.97,198.9,199.9,1645719.0,199.5919
2025-03-06 15:15:00,1741292100000,199.9,200.1496,198.65,199.51,1799450.0,199.4363
2025-03-06 15:30:00,1741293000000,199.51,199.97,198.92,199.06,1825797.0,199.4096
2025-03-06 15:45:00,1741293900000,199.05,200.76,198.98,200.7,3942525.0,200.2044
2025-03-06 16:00:00,1741294800000,200.6856,201.1,200.56,200.78,552219.0,200.7192
2025-03-06 16:15:00,1741295700000,200.72,201.5501,200.72,201.45,60057.0,201.2896
2025-03-06 16:30:00,1741296600000,201.5,201.5299,200.7,201.31,88049.0,201.1545
2025-03-06 16:45:00,1741297500000,201.29,201.5,200.81,201.19,38017.0,201.0554
2025-03-06 17:00:00,1741298400000,201.28,201.36,200.7,200.9,33474.0,200.9765
2025-03-06 17:15:00,1741299300000,200.91,201.0499,200.8,201.0,16987.0,200.9271
2025-03-06 17:30:00,1741300200000,200.91,201.2,200.9001,201.06,7766.0,201.0276
2025-03-06 17:45:00,1741301100000,201.05,201.2,201.01,201.2,18094.0,201.1305
2025-03-06 18:00:00,1741302000000,201.36,201.36,200.95,201.35,22801.0,201.1534
2025-03-06 18:15:00,1741302900000,201.2,201.2981,200.92,200.92,12554.0,201.0968
2025-03-06 18:30:00,1741303800000,200.97,201.0999,200.92,201.0,10060.0,200.9995
2025-03-06 18:45:00,1741304700000,201.0205,201.1,200.95,200.95,7868.0,201.0253
2025-03-06 19:00:00,1741305600000,201.0,201.08,200.95,201.03,7025.0,201.0269
2025-03-06 19:15:00,1741306500000,201.0492,201.35,200.9505,200.9513,10348.0,201.165
2025-03-06 19:30:00,1741307400000,201.0,201.1611,200.8,201.0,17114.0,200.9176
2025-03-06 19:45:00,1741308300000,201.02,201.02,200.7,200.7001,31660.0,200.8047
2025-03-07 04:00:00,1741338000000,200.78,201.02,200.67,201.02,13668.0,200.8736
2025-03-07 04:15:00,1741338900000,200.94,201.0,200.48,200.72,13611.0,200.6998
2025-03-07 04:30:00,1741339800000,200.76,200.86,200.52,200.59,10823.0,200.7053
2025-03-07 04:45:00,1741340700000,200.66,200.73,200.62,200.62,2877.0,200.6951
2025-03-07 05:00:00,1741341600000,200.62,200.63,200.11,200.27,4807.0,200.3409
2025-03-07 05:15:00,1741342500000,200.51,200.63,200.45,200.45,2812.0,200.5703
2025-03-07 05:30:00,1741343400000,200.49,200.49,200.44,200.48,1785.0,200.471
2025-03-07 05:45:00,1741344300000,200.42,200.42,200.22,200.27,5908.0,200.2705
2025-03-07 06:00:00,1741345200000,200.25,200.35,200.09,200.1,5985.0,200.214
2025-03-07 06:15:00,1741346100000,200.22,200.52,200.22,200.42,2238.0,200.3782
2025-03-07 06:30:00,1741347000000,200.51,200.7,200.51,200.62,4032.0,200.6317
2025-03-07 06:45:00,1741347900000,200.54,200.58,200.53,200.58,2629.0,200.5522
2025-03-07 07:00:00,1741348800000,200.6,200.84,200.46,200.83,24772.0,200.6368
2025-03-07 07:15:00,1741349700000,200.86,200.99,200.74,200.76,15366.0,200.8168
2025-03-07 07:30:00,1741350600000,200.75,200.75,200.2,200.2,6250.0,200.4611
2025-03-07 07:45:00,1741351500000,200.14,200.3,200.05,200.17,25921.0,200.1476
2025-03-07 08:00:00,1741352400000,200.5,201.2,199.8,199.83,127268.0,200.3797
2025-03-07 08:15:00,1741353300000,199.82,200.0,199.7054,199.72,32517.0,199.8263
2025-03-07 08:30:00,1741354200000,199.7,201.51,199.7,200.79,198400.0,200.8559
2025-03-07 08:45:00,1741355100000,200.7,200.7999,199.3,199.64,49097.0,200.2204
2025-03-07 09:00:00,1741356000000,199.8,200.39,199.48,199.62,105648.0,199.9055
2025-03-07 09:15:00,1741356900000,199.6601,200.35,199.161,199.5,61599.0,199.8288
2025-03-07 09:30:00,1741357800000,199.49,201.11,198.94,200.53,3400342.0,200.0837
2025-03-07 09:45:00,1741358700000,200.52,202.2653,200.22,200.625,2385775.0,201.1598
2025-03-07 10:00:00,1741359600000,200.61,201.85,199.9,201.11,1288560.0,201.0309
2025-03-07 10:15:00,1741360500000,201.1,201.17,199.1876,199.425,1553541.0,200.2097
2025-03-07 10:30:00,1741361400000,199.43,199.44,196.74,196.94,3134284.0,197.652
2025-03-07 10:45:00,1741362300000,196.95,198.56,196.515,197.1969,2153937.0,197.3432
2025-03-07 11:00:00,1741363200000,197.16,197.26,196.06,196.105,2044601.0,196.3987
2025-03-07 11:15:00,1741364100000,196.105,196.21,194.4,194.525,2951714.0,195.2361
2025-03-07 11:30:00,1741365000000,194.54,194.71,193.31,194.0993,2606652.0,194.0662
2025-03-07 11:45:00,1741365900000,194.05,194.2,192.53,193.625,2723618.0,193.2475
2025-03-07 12:00:00,1741366800000,193.66,194.088,192.73,193.24,2045133.0,193.3917
2025-03-07 12:15:00,1741367700000,193.24,193.94,192.68,193.92,1787165.0,193.2976
2025-03-07 12:30:00,1741368600000,193.91,195.57,193.58,195.555,1972075.0,194.7129
2025-03-07 12:45:00,1741369500000,195.548,196.74,195.03,195.2873,2160392.0,195.9397
2025-03-07 13:00:00,1741370400000,195.29,197.42,195.2,197.1492,1492564.0,196.6817
2025-03-07 13:15:00,1741371300000,197.164,197.8,196.84,197.1601,1165626.0,197.2207
2025-03-07 13:30:00,1741372200000,197.2,198.14,196.96,197.45,2384337.0,197.4375
2025-03-07 13:45:00,1741373100000,197.45,198.55,197.45,198.52,1114966.0,198.035
2025-03-07 14:00:00,1741374000000,198.51,198.9,198.06,198.74,1491109.0,198.5611
2025-03-07 14:15:00,1741374900000,198.735,200.425,198.71,200.335,2231136.0,199.6045
2025-03-07 14:30:00,1741375800000,200.35,200.5,199.121,199.22,1436761.0,199.9982
2025-03-07 14:45:00,1741376700000,199.24,199.44,198.77,199.04,1065315.0,199.1372
2025-03-07 15:00:00,1741377600000,199.02,200.2395,198.81,199.84,1301495.0,199.725
2025-03-07 15:15:00,1741378500000,199.835,199.9,198.92,199.14,1108267.0,199.2692
2025-03-07 15:30:00,1741379400000,199.13,199.52,198.17,198.84,1384217.0,198.8493
2025-03-07 15:45:00,1741380300000,198.83,200.02,198.72,199.25,3304229.0,199.3914
2025-03-07 16:00:00,1741381200000,199.25,199.25,198.59,199.0,464543.0,199.2017
2025-03-07 16:15:00,1741382100000,199.05,199.215,198.9,199.05,27458.0,199.0939
2025-03-07 16:30:00,1741383000000,199.05,199.25,199.02,199.1,19248.0,199.1668
2025-03-07 16:45:00,1741383900000,199.07,199.2095,199.0,199.1001,12974.0,199.11
2025-03-07 17:00:00,1741384800000,199.18,199.49,199.1,199.2,17213.0,199.2292
2025-03-07 17:15:00,1741385700000,199.22,199.29,199.15,199.15,23882.0,199.2568
2025-03-07 17:30:00,1741386600000,199.16,199.23,199.02,199.02,8350.0,199.1396
2025-03-07 17:45:00,1741387500000,199.06,199.11,199.011,199.1,4793.0,199.0322
2025-03-07 18:00:00,1741388400000,199.14,199.2,199.1,199.14,4821.0,199.1398
2025-03-07 18:15:00,1741389300000,199.14,199.14,199.05,199.07,6316.0,199.1122
2025-03-07 18:30:00,1741390200000,199.05,199.14,199.03,199.13,4289.0,199.0685
2025-03-07 18:45:00,1741391100000,199.13,199.15,199.0511,199.0511,5842.0,199.1156
2025-03-07 19:00:00,1741392000000,199.15,199.15,199.0317,199.097,2938.0,199.097
2025-03-07 19:15:00,1741392900000,199.06,199.1,199.0,199.04,7203.0,199.0374
2025-03-07 19:30:00,1741393800000,199.05,199.1,199.0045,199.0997,3155.0,199.0658
2025-03-07 19:45:00,1741394700000,199.04,199.07,199.0,199.02,8680.0,199.0203
2025-03-10 03:00:00,1741593600000,198.01,198.01,196.15,197.06,22677.0,196.9469
2025-03-10 03:15:00,1741594500000,196.8,197.0,196.48,196.7,18900.0,196.6662
2025-03-10 03:30:00,1741595400000,196.51,196.61,196.01,196.02,7027.0,196.2152
2025-03-10 03:45:00,1741596300000,195.89,196.22,195.79,196.0,6286.0,195.9705
2025-03-10 04:00:00,1741597200000,196.0,196.56,196.0,196.24,8344.0,196.2898
2025-03-10 04:15:00,1741598100000,196.55,196.74,196.55,196.6,5807.0,196.6343
2025-03-10 04:30:00,1741599000000,196.7,196.85,196.7,196.85,5876.0,196.7663
2025-03-10 04:45:00,1741599900000,196.84,197.25,196.46,196.5,16219.0,196.7876
2025-03-10 05:00:00,1741600800000,196.69,196.78,196.15,196.28,8105.0,196.4416
2025-03-10 05:15:00,1741601700000,196.28,196.4,196.05,196.2,10570.0,196.2261
2025-03-10 05:30:00,1741602600000,196.18,196.3,196.02,196.02,10238.0,196.1154
2025-03-10 05:45:00,1741603500000,196.1,196.1,195.6,195.87,22134.0,195.8217
2025-03-10 06:00:00,1741604400000,195.89,196.55,195.8,196.51,54589.0,196.1251
2025-03-10 06:15:00,1741605300000,196.5,196.87,196.25,196.65,24541.0,196.672
2025-03-10 06:30:00,1741606200000,196.65,196.71,196.0,196.16,23954.0,196.4299
2025-03-10 06:45:00,1741607100000,196.17,196.42,195.91,196.04,17912.0,196.1293
2025-03-10 07:00:00,1741608000000,196.75,198.29,195.1,195.15,176833.0,195.9452
2025-03-10 07:15:00,1741608900000,195.1106,195.4,194.89,194.9,59438.0,195.0848
2025-03-10 07:30:00,1741609800000,194.9001,194.95,194.0,194.7454,118620.0,194.5228
2025-03-10 07:45:00,1741610700000,194.7483,195.42,194.6,194.91,40777.0,194.9221
2025-03-10 08:00:00,1741611600000,195.0,195.49,194.65,195.25,47557.0,195.0026
2025-03-10 08:15:00,1741612500000,195.24,196.09,194.64,195.99,104356.0,195.3146
2025-03-10 08:30:00,1741613400000,195.6,196.73,194.6201,195.895,4223213.0,195.8127
2025-03-10 08:45:00,1741614300000,195.93,196.525,194.64,195.105,1637659.0,195.5081
2025-03-10 09:00:00,1741615200000,195.1,195.1,193.18,193.231,2521801.0,193.8558
2025-03-10 09:15:00,1741616100000,193.23,193.7,192.46,193.3,2366287.0,193.1577
2025-03-10 09:30:00,1741617000000,193.36,194.09,192.68,192.83,2192787.0,193.3933
2025-03-10 09:45:00,1741617900000,192.825,193.22,190.88,191.09,3626539.0,191.876
2025-03-10 10:00:00,1741618800000,191.075,193.07,191.075,192.88,2573818.0,192.1508
2025-03-10 10:15:00,1741619700000,192.87,194.48,192.42,194.34,2006726.0,193.2911
2025-03-10 10:30:00,1741620600000,194.35,195.565,193.6,194.39,2045791.0,194.9387
2025-03-10 10:45:00,1741621500000,194.43,195.32,193.41,193.49,1442979.0,194.4437
2025-03-10 11:00:00,1741622400000,193.46,193.97,193.23,193.775,1261665.0,193.6004
2025-03-10 11:15:00,1741623300000,193.775,193.84,192.82,193.64,1232534.0,193.187
2025-03-10 11:30:00,1741624200000,193.66,194.3925,192.8801,192.9825,1387767.0,193.557
2025-03-10 11:45:00,1741625100000,192.985,193.49,192.69,193.24,944657.0,193.0982
2025-03-10 12:00:00,1741626000000,193.225,193.41,192.1548,192.83,1476634.0,192.6597
2025-03-10 12:15:00,1741626900000,192.84,193.43,192.675,193.1819,1014000.0,193.0272
2025-03-10 12:30:00,1741627800000,193.21,193.3,192.55,192.62,999609.0,192.8879
2025-03-10 12:45:00,1741628700000,192.6,192.97,192.11,192.47,1218249.0,192.4769
2025-03-10 13:00:00,1741629600000,192.46,193.1,191.69,192.46,1491632.0,192.3077
2025-03-10 13:15:00,1741630500000,192.45,192.92,192.12,192.3457,962031.0,192.4704
2025-03-10 13:30:00,1741631400000,192.345,192.62,192.14,192.22,900130.0,192.428
2025-03-10 13:45:00,1741632300000,192.22,192.63,191.66,191.87,1512212.0,192.1625
2025-03-10 14:00:00,1741633200000,191.85,191.96,190.85,191.86,2429203.0,191.3444
2025-03-10 14:15:00,1741634100000,191.86,193.76,191.78,193.08,2550240.0,192.7549
2025-03-10 14:30:00,1741635000000,193.1,194.69,193.085,193.104,2815370.0,193.9637
2025-03-10 14:45:00,1741635900000,193.095,194.77,193.0407,194.66,5797995.0,194.0533
2025-03-10 15:00:00,1741636800000,194.66,194.99,194.54,194.64,582539.0,194.5685
2025-03-10 15:15:00,1741637700000,194.7292,194.9499,194.54,194.76,40171.0,194.7306
2025-03-10 15:30:00,1741638600000,194.79,194.83,194.4,194.61,54645.0,194.6257
2025-03-10 15:45:00,1741639500000,194.6201,194.76,194.4,194.6,39276.0,194.7345
2025-03-10 16:00:00,1741640400000,194.58,194.6499,194.3162,194.34,29606.0,194.5936
2025-03-10 16:15:00,1741641300000,194.32,194.39,193.6505,193.85,20392.0,194.0981
2025-03-10 16:30:00,1741642200000,193.61,194.1682,193.61,193.77,21041.0,193.943
2025-03-10 16:45:00,1741643100000,193.92,194.0,193.5208,193.535,28883.0,193.754
2025-03-10 17:00:00,1741644000000,193.65,194.5229,193.5,193.5025,36944.0,194.1324
2025-03-10 17:15:00,1741644900000,193.6,194.25,193.18,193.58,36520.0,193.5067
2025-03-10 17:30:00,1741645800000,193.7,194.39,193.6366,194.0216,16216.0,194.0714
2025-03-10 17:45:00,1741646700000,194.02,194.2475,193.7,193.7,7742.0,193.9297
2025-03-10 18:00:00,1741647600000,193.75,193.77,192.18,192.18,17857.0,193.1228
2025-03-10 18:15:00,1741648500000,192.2,192.85,190.99,191.7,70797.0,191.5708
2025-03-10 18:30:00,1741649400000,191.61,191.762,190.8,191.3101,69738.0,191.1106
2025-03-10 18:45:00,1741650300000,191.6499,191.88,191.2096,191.49,54783.0,191.6302
2025-03-11 03:00:00,1741680000000,194.35,195.32,192.84,195.32,43718.0,194.4364
2025-03-11 03:15:00,1741680900000,195.43,195.99,195.17,195.96,51546.0,195.4994
2025-03-11 03:30:00,1741681800000,195.8,195.8,195.26,195.5,11695.0,195.5965
2025-03-11 03:45:00,1741682700000,195.51,195.67,195.07,195.67,24657.0,195.3407
2025-03-11 04:00:00,1741683600000,195.8,195.89,195.4,195.59,12562.0,195.6287
2025-03-11 04:15:00,1741684500000,195.6,195.67,195.28,195.6,9208.0,195.5031
2025-03-11 04:30:00,1741685400000,195.5,195.62,195.21,195.47,11735.0,195.4068
2025-03-11 04:45:00,1741686300000,195.48,195.53,195.2,195.52,11003.0,195.3973
2025-03-11 05:00:00,1741687200000,195.49,195.49,195.08,195.27,12823.0,195.2119
2025-03-11 05:15:00,1741688100000,195.33,195.52,195.33,195.52,12435.0,195.405
2025-03-11 05:30:00,1741689000000,195.56,195.56,195.4,195.43,7982.0,195.4676
2025-03-11 05:45:00,1741689900000,195.42,195.42,195.03,195.39,10327.0,195.1727
2025-03-11 06:00:00,1741690800000,195.3,195.33,194.59,194.8,30813.0,194.9307
2025-03-11 06:15:00,1741691700000,194.85,195.25,194.85,195.25,10302.0,195.0734
2025-03-11 06:30:00,1741692600000,195.3,195.84,195.3,195.8,18415.0,195.5942
2025-03-11 06:45:00,1741693500000,195.68,195.9,195.5,195.9,10084.0,195.6232
2025-03-11 07:00:00,1741694400000,195.2,196.0,193.31,194.4855,769536.0,194.6442
2025-03-11 07:15:00,1741695300000,194.25,194.96,194.008,194.7,29766.0,194.5495
2025-03-11 07:30:00,1741696200000,194.55,194.65,194.18,194.38,34784.0,194.4072
2025-03-11 07:45:00,1741697100000,194.37,194.3899,193.8567,194.38,39963.0,194.1254
2025-03-11 08:00:00,1741698000000,194.54,194.6499,193.9024,194.2975,32943.0,194.2336
2025-03-11 08:15:00,1741698900000,194.24,194.4475,191.82,193.82,176605.0,193.1897
2025-03-11 08:30:00,1741699800000,193.9,198.61,193.855,198.61,4522239.0,195.9842
2025-03-11 08:45:00,1741700700000,198.595,199.83,197.8301,198.8901,3714405.0,199.1105
2025-03-11 09:00:00,1741701600000,198.89,200.18,196.6056,196.975,2620855.0,198.2452
2025-03-11 09:15:00,1741702500000,196.985,197.515,195.17,195.475,2084280.0,196.2956
2025-03-11 09:30:00,1741703400000,195.45,196.5,195.06,195.455,1839934.0,195.7454
2025-03-11 09:45:00,1741704300000,195.425,197.28,195.075,195.775,1388491.0,196.0466
2025-03-11 10:00:00,1741705200000,195.77,198.11,195.32,197.1804,1664036.0,196.831
2025-03-11 10:15:00,1741706100000,197.25,197.82,196.71,197.11,1116622.0,197.2522
2025-03-11 10:30:00,1741707000000,197.065,198.28,196.88,198.04,1149211.0,197.5965
2025-03-11 10:45:00,1741707900000,198.055,198.11,196.4,196.52,889956.0,197.4522
2025-03-11 11:00:00,1741708800000,196.47,196.8,195.57,195.6693,849740.0,196.1028
2025-03-11 11:15:00,1741709700000,195.665,196.57,195.66,196.45,1011529.0,196.1502
2025-03-11 11:30:00,1741710600000,196.43,196.87,195.03,195.225,1020173.0,195.9855
2025-03-11 11:45:00,1741711500000,195.225,195.76,194.85,195.26,1377112.0,195.3764
2025-03-11 12:00:00,1741712400000,195.27,195.425,194.89,195.1,615362.0,195.1929
2025-03-11 12:15:00,1741713300000,195.11,195.4,193.51,193.55,1398831.0,194.3224
2025-03-11 12:30:00,1741714200000,193.52,194.97,193.4,194.91,944528.0,194.1721
2025-03-11 12:45:00,1741715100000,194.88,195.8,194.79,195.24,953787.0,195.2658
2025-03-11 13:00:00,1741716000000,195.27,196.94,195.15,196.84,1282328.0,196.2555
2025-03-11 13:15:00,1741716900000,196.84,197.56,196.4,197.26,1145491.0,196.9605
2025-03-11 13:30:00,1741717800000,197.23,198.36,196.675,198.135,1126882.0,197.4475
2025-03-11 13:45:00,1741718700000,198.17,199.59,197.97,198.88,2129262.0,198.8052
2025-03-11 14:00:00,1741719600000,198.89,199.95,198.34,198.585,1704601.0,199.1441
2025-03-11 14:15:00,1741720500000,198.56,198.8,197.68,198.345,1060137.0,198.2579
2025-03-11 14:30:00,1741721400000,198.36,198.6,197.51,198.025,1170461.0,198.0698
2025-03-11 14:45:00,1741722300000,198.0,198.38,196.5,196.5,2680290.0,197.089
2025-03-11 15:00:00,1741723200000,196.59,196.95,196.46,196.9,2835395.0,196.608
2025-03-11 15:15:00,1741724100000,196.75,196.75,196.21,196.51,24201.0,196.5491
2025-03-11 15:30:00,1741725000000,196.52,196.65,196.0257,196.3,21611.0,196.4974
2025-03-11 15:45:00,1741725900000,196.3,196.59,196.2,196.3815,29769.0,196.4865
2025-03-11 16:00:00,1741726800000,196.4,196.5565,196.3908,196.5565,4095.0,196.4605
2025-03-11 16:15:00,1741727700000,196.5585,196.5585,196.38,196.38,3968.0,196.4711
2025-03-11 16:30:00,1741728600000,196.36,196.5167,196.35,196.422,3626.0,196.4251
2025-03-11 16:45:00,1741729500000,196.3508,196.5661,196.3508,196.5642,5046.0,196.5025
2025-03-11 17:00:00,1741730400000,196.53,196.91,196.53,196.91,14511.0,196.6965
2025-03-11 17:15:00,1741731300000,196.8218,197.0,196.57,197.0,16007.0,196.8218
2025-03-11 17:30:00,1741732200000,196.99,197.06,196.85,196.9601,19957.0,196.9214
2025-03-11 17:45:00,1741733100000,197.0001,197.47,196.92,197.4111,10595.0,197.1242
2025-03-11 18:00:00,1741734000000,197.13,197.44,197.12,197.18,10421.0,197.2709
2025-03-11 18:15:00,1741734900000,197.26,197.27,197.0,197.0,5493.0,197.1123
2025-03-11 18:30:00,1741735800000,196.93,197.01,196.8,196.97,6599.0,196.9072
2025-03-11 18:45:00,1741736700000,196.82,197.28,196.7832,197.1391,13383.0,197.0591
2025-03-12 03:00:00,1741766400000,198.0,198.0,197.43,197.5,13178.0,197.57
2025-03-12 03:15:00,1741767300000,197.56,197.65,197.34,197.45,8853.0,197.4729
2025-03-12 03:30:00,1741768200000,197.47,198.4,197.47,198.4,6790.0,197.987
2025-03-12 03:45:00,1741769100000,198.35,198.67,198.27,198.63,8194.0,198.4931
2025-03-12 04:00:00,1741770000000,198.56,198.57,198.4,198.45,2238.0,198.4747
2025-03-12 04:15:00,1741770900000,198.31,198.54,198.19,198.54,9919.0,198.3907
2025-03-12 04:30:00,1741771800000,198.47,198.78,198.29,198.29,11055.0,198.5679
2025-03-12 04:45:00,1741772700000,198.45,198.67,198.41,198.67,11690.0,198.5953
2025-03-12 05:00:00,1741773600000,198.68,198.9,198.48,198.48,11922.0,198.655
2025-03-12 05:15:00,1741774500000,198.43,198.45,198.23,198.41,7416.0,198.3437
2025-03-12 05:30:00,1741775400000,198.51,198.51,198.15,198.38,8509.0,198.3317
2025-03-12 05:45:00,1741776300000,198.35,198.37,198.16,198.16,9464.0,198.2746
2025-03-12 06:00:00,1741777200000,198.25,198.505,198.13,198.33,18361.0,198.3393
2025-03-12 06:15:00,1741778100000,198.35,198.47,198.15,198.45,18690.0,198.3163
2025-03-12 06:30:00,1741779000000,198.46,198.97,198.46,198.78,17666.0,198.7765
2025-03-12 06:45:00,1741779900000,198.7,198.84,198.48,198.55,14660.0,198.657
2025-03-12 07:00:00,1741780800000,198.27,198.99,196.59,197.83,123028.0,198.0814
2025-03-12 07:15:00,1741781700000,197.85,198.44,197.7752,198.12,47399.0,198.1093
2025-03-12 07:30:00,1741782600000,198.99,201.66,198.82,200.126,374392.0,200.6752
2025-03-12 07:45:00,1741783500000,200.2899,201.25,200.0,200.8601,178136.0,200.7932
2025-03-12 08:00:00,1741784400000,200.86,202.1,200.86,201.54,221045.0,201.496
2025-03-12 08:15:00,1741785300000,201.5,202.4,200.49,200.75,341561.0,201.2704
2025-03-12 08:30:00,1741786200000,200.72,201.52,199.61,199.74,4989150.0,200.704
2025-03-12 08:45:00,1741787100000,199.76,200.325,197.95,198.76,2350830.0,198.7996
2025-03-12 09:00:00,1741788000000,198.72,200.0,198.09,199.02,2061936.0,199.1572
2025-03-12 09:15:00,1741788900000,199.04,199.06,198.11,198.59,1490126.0,198.61
2025-03-12 09:30:00,1741789800000,198.64,198.82,197.15,197.445,1241911.0,197.7056
2025-03-12 09:45:00,1741790700000,197.4,197.67,196.46,196.49,1201865.0,197.1483
2025-03-12 10:00:00,1741791600000,196.5,196.66,195.29,195.81,1556033.0,195.8546
2025-03-12 10:15:00,1741792500000,195.815,197.01,195.355,196.8,1106215.0,196.3791
2025-03-12 10:30:00,1741793400000,196.82,197.71,196.7,197.53,928256.0,197.2149
2025-03-12 10:45:00,1741794300000,197.56,198.54,197.34,198.52,1047233.0,197.9749
2025-03-12 11:00:00,1741795200000,198.53,199.4856,197.93,199.45,1306696.0,198.7481
2025-03-12 11:15:00,1741796100000,199.46,199.99,199.2,199.52,1614762.0,199.66
2025-03-12 11:30:00,1741797000000,199.52,200.0,198.23,198.4602,986674.0,199.3195
2025-03-12 11:45:00,1741797900000,198.48,199.6696,198.3511,198.81,877229.0,199.14
2025-03-12 12:00:00,1741798800000,198.85,199.23,198.5099,199.07,898879.0,198.8315
2025-03-12 12:15:00,1741799700000,199.06,199.5769,198.52,199.4334,787055.0,199.138
2025-03-12 12:30:00,1741800600000,199.43,199.63,198.98,199.04,589095.0,199.2545
2025-03-12 12:45:00,1741801500000,199.055,199.47,197.5734,197.63,958349.0,198.51
2025-03-12 13:00:00,1741802400000,197.63,198.83,197.57,198.815,698849.0,198.2328
2025-03-12 13:15:00,1741803300000,198.815,199.3,198.59,199.22,1128995.0,198.8529
2025-03-12 13:30:00,1741804200000,199.23,199.4,198.91,199.365,510699.0,199.1617
2025-03-12 13:45:00,1741805100000,199.36,199.78,199.03,199.4201,713616.0,199.4381
2025-03-12 14:00:00,1741806000000,199.41,199.47,198.8904,199.28,755115.0,199.214
2025-03-12 14:15:00,1741806900000,199.245,199.58,198.77,199.015,832107.0,199.1517
2025-03-12 14:30:00,1741807800000,199.04,199.455,198.24,198.65,1108477.0,198.91
2025-03-12 14:45:00,1741808700000,198.65,199.3199,198.31,198.89,2481576.0,198.8723
2025-03-12 15:00:00,1741809600000,198.89,198.89,198.36,198.51,359460.0,198.8501
2025-03-12 15:15:00,1741810500000,198.5393,198.89,198.08,198.1,44030.0,198.2727
2025-03-12 15:30:00,1741811400000,198.15,198.3175,198.01,198.0999,24266.0,198.1784
2025-03-12 15:45:00,1741812300000,198.1,198.2385,198.03,198.13,32309.0,198.1446
2025-03-12 16:00:00,1741813200000,198.18,198.89,198.13,198.89,12539.0,198.423
2025-03-12 16:15:00,1741814100000,198.29,198.5555,198.25,198.45,17458.0,198.394
2025-03-12 16:30:00,1741815000000,198.4935,198.68,198.205,198.68,6174.0,198.4301
2025-03-12 16:45:00,1741815900000,198.5977,198.62,198.326,198.62,4457.0,198.5523
2025-03-12 17:00:00,1741816800000,198.41,198.6999,198.3313,198.6999,18343.0,198.5079
2025-03-12 17:15:00,1741817700000,198.68,198.97,198.68,198.85,14099.0,198.8714
2025-03-12 17:30:00,1741818600000,198.94,198.97,198.75,198.95,7250.0,198.8808
2025-03-12 17:45:00,1741819500000,199.0,199.1377,198.8081,199.05,14949.0,198.9937
2025-03-12 18:00:00,1741820400000,199.1853,199.35,199.0102,199.2525,5902.0,199.2384
2025-03-12 18:15:00,1741821300000,199.25,199.35,199.12,199.35,12554.0,199.2857
2025-03-12 18:30:00,1741822200000,199.31,199.74,199.31,199.5833,10580.0,199.5846
2025-03-12 18:45:00,1741823100000,199.69,199.85,199.583,199.85,14810.0,199.7356
2025-03-13 03:00:00,1741852800000,197.4,197.93,197.22,197.3,12739.0,197.5393
2025-03-13 03:15:00,1741853700000,197.09,197.1,196.29,197.1,10993.0,196.7908
2025-03-13 03:30:00,1741854600000,197.35,197.44,197.2,197.36,2459.0,197.3334
2025-03-13 03:45:00,1741855500000,197.34,197.61,197.34,197.61,4197.0,197.5221
2025-03-13 04:00:00,1741856400000,197.66,197.98,197.42,197.79,2773.0,197.6585
2025-03-13 04:15:00,1741857300000,197.81,198.01,197.81,198.01,1892.0,197.9751
2025-03-13 04:30:00,1741858200000,198.58,198.85,198.52,198.81,3986.0,198.6773
2025-03-13 04:45:00,1741859100000,198.66,199.0,198.65,199.0,6026.0,198.8293
2025-03-13 05:00:00,1741860000000,199.0,199.0,198.5,198.61,6202.0,198.7291
2025-03-13 05:15:00,1741860900000,198.73,198.73,198.61,198.66,2924.0,198.6885
2025-03-13 05:30:00,1741861800000,198.66,198.66,198.31,198.4,3225.0,198.5094
2025-03-13 05:45:00,1741862700000,198.24,198.24,198.0,198.16,3353.0,198.1064
2025-03-13 06:00:00,1741863600000,198.18,199.0,198.1,198.88,31881.0,198.4383
2025-03-13 06:15:00,1741864500000,198.87,199.16,198.39,198.43,106739.0,198.7404
2025-03-13 06:30:00,1741865400000,198.39,198.48,198.22,198.41,11547.0,198.3813
2025-03-13 06:45:00,1741866300000,198.41,198.76,198.28,198.6,15760.0,198.5377
2025-03-13 07:00:00,1741867200000,198.15,198.91,196.82,197.3601,159681.0,198.1146
2025-03-13 07:15:00,1741868100000,197.4,197.4699,196.99,197.25,61585.0,197.2084
2025-03-13 07:30:00,1741869000000,197.48,198.4,197.11,197.86,98270.0,197.6281
2025-03-13 07:45:00,1741869900000,197.81,198.1173,197.2137,197.89,26448.0,197.6478
2025-03-13 08:00:00,1741870800000,197.97,198.4,197.97,198.0,25198.0,198.1694
2025-03-13 08:15:00,1741871700000,197.92,198.89,197.7154,198.19,31099.0,198.3644
2025-03-13 08:30:00,1741872600000,198.165,198.8799,194.92,195.035,3151148.0,197.0216
2025-03-13 08:45:00,1741873500000,195.085,195.43,194.33,194.43,2452232.0,194.9263
2025-03-13 09:00:00,1741874400000,194.41,195.525,193.85,195.5,2243134.0,194.7051
2025-03-13 09:15:00,1741875300000,195.49,196.65,195.16,195.715,1759024.0,195.8923
2025-03-13 09:30:00,1741876200000,195.715,196.225,194.9,195.03,1185980.0,195.4862
2025-03-13 09:45:00,1741877100000,195.01,196.58,194.81,195.63,1204110.0,195.6533
2025-03-13 10:00:00,1741878000000,195.61,196.6914,195.12,195.215,885874.0,195.8708
2025-03-13 10:15:00,1741878900000,195.23,195.49,194.7104,194.85,852219.0,195.1107
2025-03-13 10:30:00,1741879800000,194.84,195.5,194.0,194.9867,1094452.0,194.6395
2025-03-13 10:45:00,1741880700000,194.98,195.28,194.09,194.21,876520.0,194.6572
2025-03-13 11:00:00,1741881600000,194.25,194.83,193.95,194.0,947306.0,194.31
2025-03-13 11:15:00,1741882500000,194.0,194.12,193.495,193.71,1420511.0,193.781
2025-03-13 11:30:00,1741883400000,193.71,194.44,193.51,193.8,915754.0,194.0511
2025-03-13 11:45:00,1741884300000,193.7693,193.88,192.74,193.17,1321645.0,193.1344
2025-03-13 12:00:00,1741885200000,193.177,193.26,192.0,192.175,1403336.0,192.4865
2025-03-13 12:15:00,1741886100000,192.22,192.68,191.82,192.53,1083986.0,192.2461
2025-03-13 12:30:00,1741887000000,192.51,192.63,191.91,192.0,1051172.0,192.2223
2025-03-13 12:45:00,1741887900000,192.01,192.6601,191.91,192.325,794403.0,192.3092
2025-03-13 13:00:00,1741888800000,192.3,193.7399,192.255,193.57,1010472.0,193.0287
2025-03-13 13:15:00,1741889700000,193.56,193.96,193.17,193.9,885377.0,193.5896
2025-03-13 13:30:00,1741890600000,193.91,194.4105,193.645,194.37,790108.0,194.0747
2025-03-13 13:45:00,1741891500000,194.35,194.56,193.6,194.245,793917.0,194.1182
2025-03-13 14:00:00,1741892400000,194.22,194.56,193.39,193.57,854146.0,193.8947
2025-03-13 14:15:00,1741893300000,193.59,193.75,192.86,193.06,896233.0,193.3721
2025-03-13 14:30:00,1741894200000,193.08,193.57,192.86,193.31,1212107.0,193.1494
2025-03-13 14:45:00,1741895100000,193.3,193.98,192.98,193.91,3111005.0,193.5515
2025-03-13 15:00:00,1741896000000,193.89,194.5,193.71,194.43,261273.0,193.9585
2025-03-13 15:15:00,1741896900000,194.3405,194.49,193.89,194.2539,41650.0,194.3283
2025-03-13 15:30:00,1741897800000,194.3019,194.4299,193.89,194.2212,36543.0,194.2355
2025-03-13 15:45:00,1741898700000,194.28,194.4299,194.2019,194.2811,36751.0,194.4166
2025-03-13 16:00:00,1741899600000,194.26,194.2988,194.0795,194.0795,9866.0,194.2321
2025-03-13 16:15:00,1741900500000,194.1899,194.19,194.01,194.0111,15049.0,194.0612
2025-03-13 16:30:00,1741901400000,194.0656,194.07,194.01,194.06,12657.0,194.0274
2025-03-13 16:45:00,1741902300000,194.03,194.43,194.02,194.4,14943.0,194.226
2025-03-13 17:00:00,1741903200000,194.4,194.8,194.4,194.73,36825.0,194.6619
2025-03-13 17:15:00,1741904100000,194.69,194.69,194.05,194.47,14900.0,194.4383
2025-03-13 17:30:00,1741905000000,194.56,194.94,194.56,194.9101,20717.0,194.7826
2025-03-13 17:45:00,1741905900000,194.98,195.2529,194.91,195.12,16319.0,195.0818
2025-03-13 18:00:00,1741906800000,195.03,195.2,194.91,195.2,23915.0,195.0325
2025-03-13 18:15:00,1741907700000,195.0,195.04,193.89,194.78,8852.0,194.7838
2025-03-13 18:30:00,1741908600000,194.85,194.97,194.61,194.97,8259.0,194.8163
2025-03-13 18:45:00,1741909500000,194.97,195.195,194.7304,195.0,16586.0,194.9594
2025-03-14 03:00:00,1741939200000,195.29,195.6,195.29,195.45,6113.0,195.4399
2025-03-14 03:15:00,1741940100000,195.5,195.83,195.5,195.75,2827.0,195.6402
2025-03-14 03:30:00,1741941000000,195.79,195.92,195.68,195.81,4512.0,195.8208
2025-03-14 03:45:00,1741941900000,195.74,195.74,195.62,195.73,2339.0,195.6972
2025-03-14 04:00:00,1741942800000,195.85,196.0,195.74,195.82,7668.0,195.8649
2025-03-14 04:15:00,1741943700000,195.8,196.04,195.8,196.0,3186.0,195.8988
2025-03-14 04:30:00,1741944600000,195.88,196.05,195.8,195.92,5847.0,195.9126
2025-03-14 04:45:00,1741945500000,195.86,196.14,195.84,196.14,3736.0,196.0272
2025-03-14 05:00:00,1741946400000,196.1,196.1,195.77,195.77,3288.0,195.9597
2025-03-14 05:15:00,1741947300000,195.81,195.84,195.69,195.82,3900.0,195.7662
2025-03-14 05:30:00,1741948200000,195.86,195.94,195.4,195.77,18636.0,195.7096
2025-03-14 05:45:00,1741949100000,195.85,196.49,195.85,196.33,11001.0,196.3071
2025-03-14 06:00:00,1741950000000,196.33,196.86,196.27,196.55,34828.0,196.5374
2025-03-14 06:15:00,1741950900000,196.56,196.66,196.25,196.45,15074.0,196.427
2025-03-14 06:30:00,1741951800000,196.47,197.09,196.47,197.05,16250.0,196.8738
2025-03-14 06:45:00,1741952700000,197.05,197.32,197.0,197.15,16207.0,197.1331
2025-03-14 07:00:00,1741953600000,196.28,197.37,195.3,197.17,122385.0,196.8236
2025-03-14 07:15:00,1741954500000,197.1542,197.7,197.1501,197.65,55988.0,197.3907
2025-03-14 07:30:00,1741955400000,197.6599,197.75,197.082,197.1,47012.0,197.4458
2025-03-14 07:45:00,1741956300000,197.19,197.3363,197.08,197.08,27195.0,197.1827
2025-03-14 08:00:00,1741957200000,197.15,197.16,196.8,196.8192,32870.0,196.9601
2025-03-14 08:15:00,1741958100000,196.7,197.5,196.59,197.4,1249477.0,194.0152
2025-03-14 08:30:00,1741959000000,197.41,198.565,196.45,197.66,3783791.0,197.6587
2025-03-14 08:45:00,1741959900000,197.64,198.14,196.5,196.67,1632068.0,197.5913
2025-03-14 09:00:00,1741960800000,196.56,196.94,195.3201,195.415,1619950.0,195.9736
2025-03-14 09:15:00,1741961700000,195.35,196.29,195.32,195.835,1449744.0,195.8559
2025-03-14 09:30:00,1741962600000,195.835,197.19,195.8,196.945,1030068.0,196.4458
2025-03-14 09:45:00,1741963500000,196.955,197.6,196.49,197.56,1020368.0,197.0786
2025-03-14 10:00:00,1741964400000,197.565,198.16,197.0,197.245,1133379.0,197.5614
2025-03-14 10:15:00,1741965300000,197.25,197.9,197.05,197.26,927218.0,197.462
2025-03-14 10:30:00,1741966200000,197.27,198.25,197.22,198.04,1464059.0,197.889
2025-03-14 10:45:00,1741967100000,198.0204,198.07,197.02,197.74,824375.0,197.5101
2025-03-14 11:00:00,1741968000000,197.75,197.82,197.02,197.1499,654186.0,197.3889
2025-03-14 11:15:00,1741968900000,197.14,197.75,196.76,197.41,939373.0,197.2774
2025-03-14 11:30:00,1741969800000,197.41,198.08,197.185,198.06,701977.0,197.7357
2025-03-14 11:45:00,1741970700000,198.0692,198.435,197.82,198.24,652295.0,198.1326
2025-03-14 12:00:00,1741971600000,198.22,198.475,197.82,197.91,918534.0,198.0546
2025-03-14 12:15:00,1741972500000,197.89,198.205,197.51,197.67,728923.0,197.8686
2025-03-14 12:30:00,1741973400000,197.66,197.82,197.1469,197.2,579558.0,197.4233
2025-03-14 12:45:00,1741974300000,197.2,197.54,197.02,197.1748,559707.0,197.2017
2025-03-14 13:00:00,1741975200000,197.195,197.79,197.195,197.57,534268.0,197.5479
2025-03-14 13:15:00,1741976100000,197.57,197.6,196.94,197.05,679098.0,197.2917
2025-03-14 13:30:00,1741977000000,197.05,197.88,197.03,197.8,725468.0,197.5534
2025-03-14 13:45:00,1741977900000,197.8,198.015,197.25,197.63,698022.0,197.7021
2025-03-14 14:00:00,1741978800000,197.62,198.1375,197.525,198.0855,791034.0,197.9147
2025-03-14 14:15:00,1741979700000,198.098,198.1,197.375,197.6625,1021128.0,197.7174
2025-03-14 14:30:00,1741980600000,197.67,198.05,197.52,197.885,887098.0,197.827
2025-03-14 14:45:00,1741981500000,197.88,198.65,197.8,197.93,3831163.0,198.1648
2025-03-14 15:00:00,1741982400000,197.95,198.12,197.53,197.7547,1140401.0,197.9443
2025-03-14 15:15:00,1741983300000,197.76,198.0,197.58,197.7119,30600.0,197.685
2025-03-14 15:30:00,1741984200000,197.71,197.9494,197.6796,197.7,13271.0,197.769
2025-03-14 15:45:00,1741985100000,197.612,197.95,197.6101,197.69,20341.0,198.0125
2025-03-14 16:00:00,1741986000000,197.66,197.95,197.64,197.95,13665.0,197.9744
2025-03-14 16:15:00,1741986900000,197.65,197.83,197.65,197.83,5592.0,197.7147
2025-03-14 16:30:00,1741987800000,197.8699,197.95,197.7324,197.7324,11133.0,197.8415
2025-03-14 16:45:00,1741988700000,197.7308,197.93,197.66,197.93,12560.0,197.7774
2025-03-14 17:00:00,1741989600000,197.85,197.9399,197.8,197.8,7909.0,197.8666
2025-03-14 17:15:00,1741990500000,197.8,197.92,197.8,197.92,4937.0,197.8548
2025-03-14 17:30:00,1741991400000,197.89,197.94,197.86,197.8987,4537.0,197.8906
2025-03-14 17:45:00,1741992300000,197.8607,197.9,197.8036,197.82,5024.0,197.8522
2025-03-14 18:00:00,1741993200000,197.85,197.88,197.832,197.87,3591.0,197.8615
2025-03-14 18:15:00,1741994100000,197.8995,197.8995,197.83,197.85,3201.0,197.8618
2025-03-14 18:30:00,1741995000000,197.86,197.99,197.86,197.91,9506.0,197.902
2025-03-14 18:45:00,1741995900000,197.9991,198.06,197.9801,198.01,10427.0,198.0073
2025-03-17 03:00:00,1742198400000,196.8,197.77,196.8,197.5,28993.0,197.4848
2025-03-17 03:15:00,1742199300000,197.45,197.67,197.2,197.56,4898.0,197.4386
2025-03-17 03:30:00,1742200200000,197.27,197.4,197.2,197.36,7863.0,197.2785
2025-03-17 03:45:00,1742201100000,197.3,197.34,197.13,197.3,8371.0,197.2581
2025-03-17 04:00:00,1742202000000,197.3,197.35,197.12,197.17,2404.0,197.2043
2025-03-17 04:15:00,1742202900000,197.2,197.31,197.17,197.22,3416.0,197.2483
2025-03-17 04:30:00,1742203800000,197.33,197.34,197.3,197.34,4424.0,197.3251
2025-03-17 04:45:00,1742204700000,197.4,197.43,197.4,197.43,960.0,197.4004
2025-03-17 05:00:00,1742205600000,197.36,197.62,197.31,197.62,4870.0,197.4138
2025-03-17 05:15:00,1742206500000,197.62,197.83,197.62,197.83,7189.0,197.7094
2025-03-17 05:30:00,1742207400000,197.8,197.88,197.79,197.79,5653.0,197.8277
2025-03-17 05:45:00,1742208300000,197.88,198.61,197.88,198.48,40222.0,198.3558
2025-03-17 06:00:00,1742209200000,198.5,198.88,198.4,198.88,26741.0,198.5641
2025-03-17 06:15:00,1742210100000,198.8,199.0,198.51,198.75,21459.0,198.7778
2025-03-17 06:30:00,1742211000000,198.75,199.0,198.64,198.81,23909.0,198.8639
2025-03-17 06:45:00,1742211900000,198.75,198.88,198.75,198.75,19298.0,198.7848
2025-03-17 07:00:00,1742212800000,198.55,199.0497,196.7,198.64,93473.0,198.5245
2025-03-17 07:15:00,1742213700000,198.6001,198.99,197.95,198.75,47413.0,198.57
2025-03-17 07:30:00,1742214600000,198.7,199.8484,198.7,199.64,68992.0,199.351
2025-03-17 07:45:00,1742215500000,199.6999,199.83,199.24,199.32,80894.0,199.5746
2025-03-17 08:00:00,1742216400000,199.25,199.4871,199.03,199.15,67443.0,199.1632
2025-03-17 08:15:00,1742217300000,199.15,199.15,198.65,198.92,51139.0,198.9232
2025-03-17 08:30:00,1742218200000,198.77,199.0,198.01,198.22,3686330.0,198.4885
2025-03-17 08:45:00,1742219100000,198.19,198.34,196.65,197.69,2126871.0,197.4428
2025-03-17 09:00:00,1742220000000,197.65,197.65,195.89,197.24,2351992.0,196.7087
2025-03-17 09:15:00,1742220900000,197.295,197.416,196.13,196.165,1591526.0,196.9011
2025-03-17 09:30:00,1742221800000,196.17,196.91,195.87,196.8072,1508614.0,196.3204
2025-03-17 09:45:00,1742222700000,196.8,196.82,195.25,195.365,1279497.0,195.9783
2025-03-17 10:00:00,1742223600000,195.38,195.69,194.6,195.299,1523789.0,195.0066
2025-03-17 10:15:00,1742224500000,195.3386,196.37,195.2405,195.42,1083367.0,195.6593
2025-03-17 10:30:00,1742225400000,195.4,195.6,194.3247,194.65,1266536.0,194.7688
2025-03-17 10:45:00,1742226300000,194.645,194.98,194.48,194.725,1092757.0,194.7218
2025-03-17 11:00:00,1742227200000,194.71,195.6,194.4,195.47,1352659.0,194.9211
2025-03-17 11:15:00,1742228100000,195.47,195.52,194.46,194.713,846419.0,194.9513
2025-03-17 11:30:00,1742229000000,194.74,195.6,194.7,194.9204,916425.0,195.0915
2025-03-17 11:45:00,1742229900000,194.94,195.5999,194.67,195.5,838132.0,195.2036
2025-03-17 12:00:00,1742230800000,195.5,195.88,195.325,195.8398,868353.0,195.5972
2025-03-17 12:15:00,1742231700000,195.85,196.4,195.2,196.1403,1542996.0,195.8565
2025-03-17 12:30:00,1742232600000,196.1699,197.2066,195.97,197.19,1075657.0,196.6163
2025-03-17 12:45:00,1742233500000,197.19,197.33,196.86,196.93,831017.0,197.1172
2025-03-17 13:00:00,1742234400000,196.96,197.88,196.76,197.85,894458.0,197.2927
2025-03-17 13:15:00,1742235300000,197.8588,198.3967,197.66,198.36,1033736.0,198.0906
2025-03-17 13:30:00,1742236200000,198.38,198.48,197.66,197.81,999285.0,198.0453
2025-03-17 13:45:00,1742237100000,197.805,198.13,197.7,197.8624,917028.0,197.9202
2025-03-17 14:00:00,1742238000000,197.855,198.0691,197.05,197.78,1677038.0,197.706
2025-03-17 14:15:00,1742238900000,197.762,197.92,197.19,197.47,1429472.0,197.5533
2025-03-17 14:30:00,1742239800000,197.46,197.64,196.9,197.29,855056.0,197.3336
2025-03-17 14:45:00,1742240700000,197.29,197.36,195.69,195.85,3941706.0,196.2412
2025-03-17 15:00:00,1742241600000,195.74,195.89,195.51,195.57,1051585.0,195.7359
2025-03-17 15:15:00,1742242500000,195.63,195.719,195.51,195.719,296922.0,195.7244
2025-03-17 15:30:00,1742243400000,195.7185,195.74,195.64,195.71,30081.0,195.7213
2025-03-17 15:45:00,1742244300000,195.65,196.34,195.64,196.0609,40731.0,195.8894
2025-03-17 16:00:00,1742245200000,196.06,196.1299,196.06,196.09,13042.0,196.4753
2025-03-17 16:15:00,1742246100000,196.07,196.26,195.8,196.18,37255.0,196.0861
2025-03-17 16:30:00,1742247000000,196.01,196.1,196.01,196.1,9338.0,196.0843
2025-03-17 16:45:00,1742247900000,196.11,196.33,196.11,196.25,10606.0,196.23
2025-03-17 17:00:00,1742248800000,196.2501,196.35,196.25,196.3,4126.0,196.3101
2025-03-17 17:15:00,1742249700000,196.35,196.38,196.09,196.35,12054.0,196.2248
2025-03-17 17:30:00,1742250600000,196.33,196.3991,196.2727,196.37,4881.0,196.3462
2025-03-17 17:45:00,1742251500000,196.32,196.3983,196.27,196.27,3644.0,196.3266
2025-03-17 18:00:00,1742252400000,196.29,196.3,196.08,196.08,6535.0,196.2008
2025-03-17 18:15:00,1742253300000,196.07,196.19,196.01,196.1,7354.0,196.0581
2025-03-17 18:30:00,1742254200000,196.19,196.1908,196.06,196.15,3919.0,196.1102
2025-03-17 18:45:00,1742255100000,196.08,196.14,196.02,196.04,12899.0,196.0819
2025-03-18 03:00:00,1742284800000,195.99,196.21,195.74,196.2,8272.0,196.0215
2025-03-18 03:15:00,1742285700000,196.35,196.35,196.17,196.17,8233.0,196.2721
2025-03-18 03:30:00,1742286600000,196.24,196.25,196.01,196.11,5570.0,196.1819
2025-03-18 03:45:00,1742287500000,196.08,196.14,196.06,196.06,1480.0,196.0878
2025-03-18 04:00:00,1742288400000,196.14,196.17,196.01,196.17,3987.0,196.1084
2025-03-18 04:15:00,1742289300000,196.12,196.32,196.12,196.16,7854.0,196.2339
2025-03-18 04:30:00,1742290200000,196.23,196.3,196.05,196.05,12453.0,196.1752
2025-03-18 04:45:00,1742291100000,196.16,196.35,196.04,196.06,12953.0,196.2009
2025-03-18 05:00:00,1742292000000,196.12,196.13,195.41,195.59,10232.0,195.711
2025-03-18 05:15:00,1742292900000,195.66,195.87,195.28,195.87,3417.0,195.5152
2025-03-18 05:30:00,1742293800000,195.83,195.83,193.15,193.91,110454.0,193.9924
2025-03-18 05:45:00,1742294700000,193.91,194.25,193.85,194.14,20560.0,194.049
2025-03-18 06:00:00,1742295600000,194.2,194.5,193.95,194.4,40113.0,194.2819
2025-03-18 06:15:00,1742296500000,194.49,194.5,193.7,193.72,35533.0,194.0246
2025-03-18 06:30:00,1742297400000,193.88,193.91,193.0,193.0,78723.0,193.4596
2025-03-18 06:45:00,1742298300000,193.18,193.84,193.18,193.61,32132.0,193.6238
2025-03-18 07:00:00,1742299200000,193.61,195.65,192.84,193.098,202914.0,193.5441
2025-03-18 07:15:00,1742300100000,193.0999,193.45,192.66,193.33,90585.0,193.0016
2025-03-18 07:30:00,1742301000000,193.24,193.7,193.0,193.6,110773.0,193.4223
2025-03-18 07:45:00,1742301900000,193.62,193.89,193.19,193.29,75788.0,193.5437
2025-03-18 08:00:00,1742302800000,193.2401,194.0,192.8812,193.51,114268.0,193.241
2025-03-18 08:15:00,1742303700000,193.3865,193.75,192.25,192.4891,136298.0,192.8689
2025-03-18 08:30:00,1742304600000,192.52,192.54,189.5,189.63,5968869.0,191.4204
2025-03-18 08:45:00,1742305500000,189.63,191.36,189.38,190.6743,2280772.0,190.6698
2025-03-18 09:00:00,1742306400000,190.665,191.93,190.38,191.17,1996150.0,191.2469
2025-03-18 09:15:00,1742307300000,191.18,191.35,190.41,190.82,1324189.0,190.9101
2025-03-18 09:30:00,1742308200000,190.82,191.91,190.5501,191.34,1320680.0,191.1904
2025-03-18 09:45:00,1742309100000,191.305,191.55,190.94,191.28,998115.0,191.2075
2025-03-18 10:00:00,1742310000000,191.31,191.4708,190.331,191.345,1150325.0,190.8078
2025-03-18 10:15:00,1742310900000,191.31,191.95,191.06,191.72,772513.0,191.4477
2025-03-18 10:30:00,1742311800000,191.715,192.39,191.59,192.11,983862.0,192.0412
2025-03-18 10:45:00,1742312700000,192.1103,192.36,191.76,192.215,750469.0,192.0422
2025-03-18 11:00:00,1742313600000,192.22,192.69,192.07,192.3,968537.0,192.3595
2025-03-18 11:15:00,1742314500000,192.295,192.38,191.78,192.24,842915.0,192.0741
2025-03-18 11:30:00,1742315400000,192.23,192.27,191.57,191.65,771363.0,191.9505
2025-03-18 11:45:00,1742316300000,191.65,192.354,191.36,192.215,815670.0,191.7513
2025-03-18 12:00:00,1742317200000,192.21,192.24,191.53,191.9905,630676.0,191.9063
2025-03-18 12:15:00,1742318100000,191.98,192.3,191.3,192.06,750202.0,191.9734
2025-03-18 12:30:00,1742319000000,192.0558,192.82,191.82,192.56,677586.0,192.3881
2025-03-18 12:45:00,1742319900000,192.56,192.94,192.365,192.49,746924.0,192.7042
2025-03-18 13:00:00,1742320800000,192.51,192.6,191.92,191.97,624449.0,192.1712
2025-03-18 13:15:00,1742321700000,191.99,192.84,191.965,192.565,750956.0,192.4821
2025-03-18 13:30:00,1742322600000,192.58,193.25,192.5,193.105,660237.0,192.9273
2025-03-18 13:45:00,1742323500000,193.105,194.0,193.055,193.645,919829.0,193.6001
2025-03-18 14:00:00,1742324400000,193.64,193.64,192.9755,193.3197,678617.0,193.2918
2025-03-18 14:15:00,1742325300000,193.2971,193.73,193.0,193.355,850320.0,193.3673
2025-03-18 14:30:00,1742326200000,193.35,193.63,192.5,192.6534,973353.0,193.1567
2025-03-18 14:45:00,1742327100000,192.67,193.15,192.25,192.9,2760022.0,192.7247
2025-03-18 15:00:00,1742328000000,192.9,193.2472,192.82,193.09,342432.0,192.8425
2025-03-18 15:15:00,1742328900000,193.05,193.05,192.61,192.8,41097.0,192.8519
2025-03-18 15:30:00,1742329800000,192.7985,192.98,192.78,192.88,11096.0,192.8639
2025-03-18 15:45:00,1742330700000,192.85,192.95,192.8,192.82,11949.0,192.9922
2025-03-18 16:00:00,1742331600000,192.82,192.88,192.8,192.82,4405.0,192.8344
2025-03-18 16:15:00,1742332500000,192.82,192.82,192.6601,192.78,3900.0,192.7699
2025-03-18 16:30:00,1742333400000,192.79,192.82,192.75,192.81,6228.0,192.7816
2025-03-18 16:45:00,1742334300000,192.8196,192.8199,192.8,192.8,1657.0,192.8109
2025-03-18 17:00:00,1742335200000,192.82,192.83,192.71,192.71,11987.0,192.8077
2025-03-18 17:15:00,1742336100000,192.73,192.8,192.7,192.7,2289.0,192.721
2025-03-18 17:30:00,1742337000000,192.6001,192.68,192.3301,192.68,19542.0,192.4579
2025-03-18 17:45:00,1742337900000,192.82,193.05,192.6351,192.95,11217.0,192.8515
2025-03-18 18:00:00,1742338800000,192.91,192.91,192.63,192.78,2509.0,192.8016
2025-03-18 18:15:00,1742339700000,192.7001,192.71,192.62,192.62,1057.0,192.6619
2025-03-18 18:30:00,1742340600000,192.62,192.94,192.52,192.84,9988.0,192.7149
2025-03-18 18:45:00,1742341500000,192.82,192.85,192.755,192.8499,6655.0,192.8201
2025-03-19 03:00:00,1742371200000,193.36,193.37,192.32,192.53,14075.0,192.7399
2025-03-19 03:15:00,1742372100000,192.68,192.9,192.68,192.9,2398.0,192.768
2025-03-19 03:30:00,1742373000000,192.85,193.46,192.85,193.16,5238.0,193.1857
2025-03-19 03:45:00,1742373900000,192.92,192.98,192.89,192.93,2782.0,192.9215
2025-03-19 04:00:00,1742374800000,192.8,192.9,192.62,192.62,3595.0,192.8095
2025-03-19 04:15:00,1742375700000,192.64,193.0,192.61,192.99,4518.0,192.8031
2025-03-19 04:30:00,1742376600000,193.13,193.21,193.13,193.21,663.0,193.1687
2025-03-19 04:45:00,1742377500000,193.1,193.12,193.07,193.12,1401.0,193.11
2025-03-19 05:00:00,1742378400000,193.25,193.49,193.25,193.4,6133.0,193.4083
2025-03-19 05:15:00,1742379300000,193.35,193.35,193.19,193.33,6214.0,193.2827
2025-03-19 05:30:00,1742380200000,193.35,193.39,193.19,193.19,5079.0,193.3479
2025-03-19 05:45:00,1742381100000,193.2,193.34,193.15,193.3,4040.0,193.2484
2025-03-19 06:00:00,1742382000000,193.25,193.38,193.17,193.38,7280.0,193.25
2025-03-19 06:15:00,1742382900000,193.4,193.4,193.33,193.35,4405.0,193.373
2025-03-19 06:30:00,1742383800000,193.35,193.47,193.35,193.47,1869.0,193.4097
2025-03-19 06:45:00,1742384700000,193.44,193.71,193.44,193.44,19514.0,193.5523
2025-03-19 07:00:00,1742385600000,193.3,193.86,192.61,193.83,121080.0,193.2118
2025-03-19 07:15:00,1742386500000,193.86,193.95,193.68,193.8353,26915.0,193.8001
2025-03-19 07:30:00,1742387400000,193.74,193.7993,193.6,193.75,9731.0,193.69
2025-03-19 07:45:00,1742388300000,193.8,193.85,193.64,193.72,18906.0,193.7514
2025-03-19 08:00:00,1742389200000,193.79,193.9024,193.6,193.7,27330.0,193.7861
2025-03-19 08:15:00,1742390100000,193.7,194.25,193.09,193.33,60841.0,193.5772
2025-03-19 08:30:00,1742391000000,193.38,193.685,191.96,192.6463,2433758.0,192.8088
2025-03-19 08:45:00,1742391900000,192.61,193.74,192.582,193.64,1328209.0,193.3043
2025-03-19 09:00:00,1742392800000,193.69,194.29,193.66,193.7658,1299694.0,193.9581
2025-03-19 09:15:00,1742393700000,193.73,194.115,193.45,193.48,1039086.0,193.7989
2025-03-19 09:30:00,1742394600000,193.5,193.865,193.29,193.54,732216.0,193.5691
2025-03-19 09:45:00,1742395500000,193.54,193.62,192.65,192.97,972353.0,193.1872
2025-03-19 10:00:00,1742396400000,192.95,193.77,192.84,193.37,855780.0,193.2957
2025-03-19 10:15:00,1742397300000,193.38,193.63,193.02,193.45,597604.0,193.3672
2025-03-19 10:30:00,1742398200000,193.464,193.95,193.25,193.87,445848.0,193.604
2025-03-19 10:45:00,1742399100000,193.85,194.18,193.49,194.0,706647.0,193.8997
2025-03-19 11:00:00,1742400000000,193.97,194.14,193.52,193.58,655210.0,193.8575
2025-03-19 11:15:00,1742400900000,193.6,193.82,193.34,193.785,500240.0,193.6099
2025-03-19 11:30:00,1742401800000,193.77,193.77,193.07,193.13,530047.0,193.4407
2025-03-19 11:45:00,1742402700000,193.14,193.22,192.66,192.73,805421.0,192.8686
2025-03-19 12:00:00,1742403600000,192.72,192.75,191.99,192.11,957156.0,192.3671
2025-03-19 12:15:00,1742404500000,192.115,192.505,192.06,192.215,646289.0,192.3257
2025-03-19 12:30:00,1742405400000,192.21,192.8,191.97,192.4888,707087.0,192.3824
2025-03-19 12:45:00,1742406300000,192.49,192.84,192.33,192.785,565310.0,192.6457
2025-03-19 13:00:00,1742407200000,192.73,193.58,192.27,193.34,1310807.0,193.0725
2025-03-19 13:15:00,1742408100000,193.33,193.67,193.1,193.245,777012.0,193.3852
2025-03-19 13:30:00,1742409000000,193.23,194.23,193.23,194.1,1282382.0,193.7603
2025-03-19 13:45:00,1742409900000,194.13,194.67,193.68,194.62,1168772.0,194.2125
2025-03-19 14:00:00,1742410800000,194.6,195.725,194.59,195.28,1967303.0,195.1372
2025-03-19 14:15:00,1742411700000,195.33,195.43,194.14,194.36,1354592.0,194.8435
2025-03-19 14:30:00,1742412600000,194.332,195.965,194.21,195.89,1586667.0,195.2336
2025-03-19 14:45:00,1742413500000,195.89,195.895,194.51,195.52,3009054.0,195.2663
2025-03-19 15:00:00,1742414400000,195.54,195.7693,195.47,195.7693,1839547.0,195.5404
2025-03-19 15:15:00,1742415300000,195.78,195.7991,195.54,195.65,21272.0,195.684
2025-03-19 15:30:00,1742416200000,195.61,195.61,195.4028,195.49,21730.0,195.5024
2025-03-19 15:45:00,1742417100000,195.41,195.49,195.15,195.3003,26490.0,195.4433
2025-03-19 16:00:00,1742418000000,195.3022,195.57,195.15,195.48,21391.0,195.4103
2025-03-19 16:15:00,1742418900000,195.48,195.7,195.48,195.64,14657.0,195.6349
2025-03-19 16:30:00,1742419800000,195.58,195.63,195.45,195.45,20302.0,195.5095
2025-03-19 16:45:00,1742420700000,195.4638,195.6076,195.45,195.48,4327.0,195.4924
2025-03-19 17:00:00,1742421600000,195.45,195.74,195.12,195.6507,23450.0,195.5531
2025-03-19 17:15:00,1742422500000,195.75,195.9788,195.65,195.92,12284.0,195.8415
2025-03-19 17:30:00,1742423400000,195.9,196.26,195.7204,196.2,22778.0,196.0835
2025-03-19 17:45:00,1742424300000,196.21,196.23,196.02,196.03,23479.0,196.1209
2025-03-19 18:00:00,1742425200000,196.05,196.09,195.9,195.9,10212.0,196.0081
2025-03-19 18:15:00,1742426100000,195.94,196.05,195.9,196.02,10298.0,195.9834
2025-03-19 18:30:00,1742427000000,196.05,196.1498,196.0,196.023,5967.0,196.0942
2025-03-19 18:45:00,1742427900000,196.1,196.259,196.0235,196.25,18202.0,196.1727
2025-03-20 03:00:00,1742457600000,196.5,197.11,196.15,196.34,20836.0,196.5395
2025-03-20 03:15:00,1742458500000,196.55,196.67,196.55,196.67,1206.0,196.602
2025-03-20 03:30:00,1742459400000,196.55,196.55,196.41,196.42,4865.0,196.4655
2025-03-20 03:45:00,1742460300000,196.5,196.62,196.5,196.62,6804.0,196.5609
2025-03-20 04:00:00,1742461200000,196.62,196.71,196.47,196.71,10887.0,196.5668
2025-03-20 04:15:00,1742462100000,196.57,196.59,196.3,196.3,14769.0,196.4348
2025-03-20 04:30:00,1742463000000,196.33,196.41,195.97,196.01,24843.0,196.1634
2025-03-20 04:45:00,1742463900000,196.02,196.07,195.57,195.65,12777.0,195.8559
2025-03-20 05:00:00,1742464800000,195.76,195.76,194.76,194.95,18582.0,195.2091
2025-03-20 05:15:00,1742465700000,194.73,194.73,193.76,194.01,31521.0,194.123
2025-03-20 05:30:00,1742466600000,194.09,194.25,193.74,193.74,17408.0,194.0089
2025-03-20 05:45:00,1742467500000,194.0,194.77,193.86,194.64,16733.0,194.4614
2025-03-20 06:00:00,1742468400000,194.64,195.27,194.45,194.94,40414.0,194.8987
2025-03-20 06:15:00,1742469300000,194.99,195.06,194.5,194.5,17558.0,194.8362
2025-03-20 06:30:00,1742470200000,194.51,195.0,194.31,195.0,13720.0,194.7031
2025-03-20 06:45:00,1742471100000,195.02,195.28,195.02,195.19,17063.0,195.1293
2025-03-20 07:00:00,1742472000000,195.17,196.89,194.3001,195.13,79529.0,195.2645
2025-03-20 07:15:00,1742472900000,195.1017,195.28,194.61,194.8,19528.0,194.9289
2025-03-20 07:30:00,1742473800000,194.8016,195.42,194.71,194.93,40712.0,194.9545
2025-03-20 07:45:00,1742474700000,195.03,195.04,194.5,194.56,17210.0,194.7471
2025-03-20 08:00:00,1742475600000,194.5,194.5,194.0,194.25,32544.0,194.1854
2025-03-20 08:15:00,1742476500000,194.2504,194.54,192.87,192.99,115314.0,193.4431
2025-03-20 08:30:00,1742477400000,193.07,195.5,192.3,195.36,2941505.0,194.0823
2025-03-20 08:45:00,1742478300000,195.31,196.34,195.3,196.24,1491879.0,195.8163
2025-03-20 09:00:00,1742479200000,196.22,197.78,196.16,197.37,1687145.0,197.191
2025-03-20 09:15:00,1742480100000,197.41,198.2738,197.04,197.81,1298072.0,197.8549
2025-03-20 09:30:00,1742481000000,197.8088,198.785,197.51,198.73,1392884.0,198.0873
2025-03-20 09:45:00,1742481900000,198.76,199.32,198.29,198.32,1857531.0,198.837
2025-03-20 10:00:00,1742482800000,198.33,198.43,197.7775,198.19,1115608.0,198.1075
2025-03-20 10:15:00,1742483700000,198.19,198.2291,197.78,198.06,867528.0,197.9991
2025-03-20 10:30:00,1742484600000,198.04,198.1499,197.18,197.7877,900196.0,197.6523
2025-03-20 10:45:00,1742485500000,197.78,197.96,196.4614,196.56,1028383.0,197.1975
2025-03-20 11:00:00,1742486400000,196.56,197.3,195.51,196.0405,1377550.0,196.2739
2025-03-20 11:15:00,1742487300000,196.05,196.2,194.95,195.08,924920.0,195.6662
2025-03-20 11:30:00,1742488200000,195.08,195.45,194.7,194.825,1062941.0,195.1558
2025-03-20 11:45:00,1742489100000,194.8101,195.2736,194.51,194.655,844149.0,194.9173
2025-03-20 12:00:00,1742490000000,194.65,195.4037,194.605,195.085,942276.0,195.1057
2025-03-20 12:15:00,1742490900000,195.0925,195.11,194.2,194.2596,929231.0,194.7232
2025-03-20 12:30:00,1742491800000,194.27,195.09,194.2301,194.995,604037.0,194.7281
2025-03-20 12:45:00,1742492700000,194.99,195.26,194.385,194.63,580794.0,194.7957
2025-03-20 13:00:00,1742493600000,194.66,195.15,194.58,194.855,535465.0,194.8786
2025-03-20 13:15:00,1742494500000,194.85,195.02,193.66,193.7657,1080911.0,194.319
2025-03-20 13:30:00,1742495400000,193.775,194.0,193.04,193.66,1288653.0,193.5814
2025-03-20 13:45:00,1742496300000,193.6669,194.67,193.59,194.0021,702801.0,194.2009
2025-03-20 14:00:00,1742497200000,193.97,194.6109,193.9403,194.46,893611.0,194.2703
2025-03-20 14:15:00,1742498100000,194.465,194.9,194.1,194.15,793573.0,194.5582
2025-03-20 14:30:00,1742499000000,194.145,194.8,194.13,194.761,859168.0,194.4366
2025-03-20 14:45:00,1742499900000,194.77,195.74,194.27,194.95,2792965.0,194.9372
2025-03-20 15:00:00,1742500800000,194.95,195.25,194.85,195.1,244307.0,194.9648
2025-03-20 15:15:00,1742501700000,195.1,195.3,194.95,195.2517,22955.0,195.0902
2025-03-20 15:30:00,1742502600000,195.25,195.25,194.95,195.06,12114.0,195.1219
2025-03-20 15:45:00,1742503500000,195.12,195.198,195.08,195.15,4598.0,195.1989
2025-03-20 16:00:00,1742504400000,195.12,195.1299,195.08,195.1299,2694.0,195.1072
2025-03-20 16:15:00,1742505300000,195.13,195.15,195.0122,195.0122,3389.0,195.0864
2025-03-20 16:30:00,1742506200000,194.95,194.9512,194.9,194.9,2744.0,194.9424
2025-03-20 16:45:00,1742507100000,194.95,195.0,194.95,194.95,3906.0,194.9632
2025-03-20 17:00:00,1742508000000,194.98,195.04,194.82,194.83,10570.0,194.9679
2025-03-20 17:15:00,1742508900000,194.94,195.0399,194.94,195.0399,8039.0,194.9937
2025-03-20 17:30:00,1742509800000,195.01,195.05,194.95,195.0,6979.0,195.0183
2025-03-20 17:45:00,1742510700000,194.9814,195.0,194.765,194.765,2571.0,194.9374
2025-03-20 18:00:00,1742511600000,194.85,194.8501,194.6525,194.7,4639.0,194.7992
2025-03-20 18:15:00,1742512500000,194.77,194.78,194.633,194.76,1289.0,194.7258
2025-03-20 18:30:00,1742513400000,194.76,194.8499,194.63,194.72,6544.0,194.7202
2025-03-20 18:45:00,1742514300000,194.8,194.9,194.79,194.9,6802.0,194.8233
2025-03-21 03:00:00,1742544000000,194.65,195.33,194.63,195.12,10594.0,195.0549
2025-03-21 03:15:00,1742544900000,194.96,194.96,194.19,194.19,770.0,194.598
2025-03-21 03:30:00,1742545800000,194.24,194.24,193.91,193.91,2920.0,194.0725
2025-03-21 04:00:00,1742547600000,194.34,194.34,193.62,193.8,6894.0,193.8195
2025-03-21 04:15:00,1742548500000,193.9,194.08,193.87,194.08,1483.0,193.9427
2025-03-21 04:30:00,1742549400000,194.11,194.32,194.11,194.32,1819.0,194.2174
2025-03-21 04:45:00,1742550300000,194.18,194.39,194.11,194.39,2021.0,194.2088
2025-03-21 05:00:00,1742551200000,194.43,194.59,194.41,194.5,2139.0,194.4761
2025-03-21 05:15:00,1742552100000,194.5,194.5,194.33,194.35,1302.0,194.3921
2025-03-21 05:30:00,1742553000000,194.3,194.3,193.92,194.15,10052.0,194.172
2025-03-21 05:45:00,1742553900000,194.11,194.11,194.09,194.09,341.0,194.0974
2025-03-21 06:00:00,1742554800000,194.34,194.56,194.26,194.5,6217.0,194.4233
2025-03-21 06:15:00,1742555700000,194.5,194.56,194.36,194.55,3679.0,194.474
2025-03-21 06:30:00,1742556600000,194.6,194.66,194.35,194.6,7883.0,194.5439
2025-03-21 06:45:00,1742557500000,194.67,194.78,194.51,194.55,5990.0,194.6198
2025-03-21 07:00:00,1742558400000,194.44,195.17,194.052,194.9,41570.0,194.6848
2025-03-21 07:15:00,1742559300000,194.83,194.89,194.65,194.7191,41093.0,194.727
2025-03-21 07:30:00,1742560200000,194.72,194.7797,193.32,193.6384,37900.0,193.9259
2025-03-21 07:45:00,1742561100000,193.55,193.7288,192.96,193.1279,70296.0,193.2606
2025-03-21 08:00:00,1742562000000,193.15,193.2,192.5,192.52,377178.0,194.4613
2025-03-21 08:15:00,1742562900000,192.5,193.0678,191.74,192.83,177646.0,192.5207
2025-03-21 08:30:00,1742563800000,192.9,194.21,192.52,194.06,9672507.0,192.9881
2025-03-21 08:45:00,1742564700000,194.11,194.95,193.79,194.545,1040622.0,194.4164
2025-03-21 09:00:00,1742565600000,194.56,195.53,194.08,195.48,1696840.0,194.8111
2025-03-21 09:15:00,1742566500000,195.47,195.74,194.8,195.155,985292.0,195.2795
2025-03-21 09:30:00,1742567400000,195.17,195.2368,194.05,194.3725,855263.0,194.6037
2025-03-21 09:45:00,1742568300000,194.325,194.87,193.94,194.7825,941784.0,194.3497
2025-03-21 10:00:00,1742569200000,194.75,195.34,194.75,194.895,954490.0,195.0448
2025-03-21 10:15:00,1742570100000,194.925,195.05,194.05,194.1912,729070.0,194.6033
2025-03-21 10:30:00,1742571000000,194.19,194.64,193.55,193.64,962128.0,194.0714
2025-03-21 10:45:00,1742571900000,193.62,194.3899,193.62,194.11,654341.0,194.0694
2025-03-21 11:00:00,1742572800000,194.08,195.31,193.78,195.28,1133385.0,194.5592
2025-03-21 11:15:00,1742573700000,195.31,195.975,195.28,195.35,1258302.0,195.6492
2025-03-21 11:30:00,1742574600000,195.37,195.76,194.86,194.97,605378.0,195.3456
2025-03-21 11:45:00,1742575500000,194.99,195.87,194.99,195.81,556548.0,195.4433
2025-03-21 12:00:00,1742576400000,195.81,195.82,195.24,195.35,428323.0,195.439
2025-03-21 12:15:00,1742577300000,195.35,195.4735,195.0101,195.225,412669.0,195.2458
2025-03-21 12:30:00,1742578200000,195.22,196.08,195.08,195.875,606765.0,195.6394
2025-03-21 12:45:00,1742579100000,195.8837,196.41,195.815,195.83,646674.0,196.1215
2025-03-21 13:00:00,1742580000000,195.85,196.1494,195.45,195.62,596488.0,195.773
2025-03-21 13:15:00,1742580900000,195.62,195.71,195.21,195.375,437410.0,195.469
2025-03-21 13:30:00,1742581800000,195.36,195.96,195.35,195.9023,508986.0,195.654
2025-03-21 13:45:00,1742582700000,195.89,196.02,195.455,195.825,637975.0,195.7208
2025-03-21 14:00:00,1742583600000,195.83,195.92,195.26,195.56,661982.0,195.5492
2025-03-21 14:15:00,1742584500000,195.53,195.79,195.3612,195.5802,753471.0,195.5659
2025-03-21 14:30:00,1742585400000,195.58,195.93,195.53,195.81,963903.0,195.7477
2025-03-21 14:45:00,1742586300000,195.81,196.99,195.71,196.21,3670215.0,196.1701
2025-03-21 15:00:00,1742587200000,196.21,196.4825,195.9,196.35,5349378.0,196.2094
2025-03-21 15:15:00,1742588100000,196.35,196.43,196.21,196.3998,27592.0,196.3685
2025-03-21 15:30:00,1742589000000,196.37,196.647,196.21,196.42,31165.0,196.4311
2025-03-21 15:45:00,1742589900000,196.41,196.68,196.381,196.55,21500.0,196.5598
2025-03-21 16:00:00,1742590800000,196.59,196.59,196.21,196.4483,13771.0,196.974
2025-03-21 16:15:00,1742591700000,196.45,196.5471,196.21,196.21,14608.0,196.4586
2025-03-21 16:30:00,1742592600000,196.41,196.5,196.4,196.44,8338.0,196.4342
2025-03-21 16:45:00,1742593500000,196.4693,196.4693,196.3302,196.3302,2397.0,196.427
2025-03-21 17:00:00,1742594400000,196.38,196.5,196.3102,196.5,4074.0,196.4093
2025-03-21 17:15:00,1742595300000,196.5,196.55,196.5,196.55,6840.0,196.5195
2025-03-21 17:30:00,1742596200000,196.56,196.6454,196.51,196.51,6043.0,196.5671
2025-03-21 17:45:00,1742597100000,196.4272,196.5,196.4272,196.5,362.0,196.464
2025-03-21 18:00:00,1742598000000,196.4983,196.4983,196.44,196.489,2789.0,196.4739
2025-03-21 18:15:00,1742598900000,196.4799,196.4799,196.42,196.43,2303.0,196.4534
2025-03-21 18:30:00,1742599800000,196.42,196.4279,196.32,196.4279,4121.0,196.4029
2025-03-21 18:45:00,1742600700000,196.4,196.6975,196.35,196.6975,12810.0,196.5576
2025-03-24 03:00:00,1742803200000,198.69,199.66,198.69,199.45,28907.0,199.2253
2025-03-24 03:15:00,1742804100000,199.5,199.51,199.13,199.29,14377.0,199.3315
2025-03-24 03:30:00,1742805000000,199.24,199.25,198.95,199.1,12033.0,199.1139
2025-03-24 03:45:00,1742805900000,199.03,199.3,199.03,199.19,7762.0,199.2061
2025-03-24 04:00:00,1742806800000,199.3,199.34,199.14,199.34,8398.0,199.2103
2025-03-24 04:15:00,1742807700000,199.29,199.43,199.2,199.26,8886.0,199.2903
2025-03-24 04:30:00,1742808600000,199.21,199.46,198.99,199.33,9410.0,199.1589
2025-03-24 04:45:00,1742809500000,199.24,199.24,198.96,199.19,10629.0,199.1298
2025-03-24 05:00:00,1742810400000,199.01,199.31,198.89,199.27,6973.0,199.1356
2025-03-24 05:15:00,1742811300000,199.26,199.48,199.26,199.29,8262.0,199.3991
2025-03-24 05:30:00,1742812200000,199.29,199.5,199.01,199.44,7559.0,199.3182
2025-03-24 05:45:00,1742813100000,199.4,199.41,199.23,199.33,7759.0,199.3462
2025-03-24 06:00:00,1742814000000,199.27,199.4,199.06,199.32,32167.0,199.2358
2025-03-24 06:15:00,1742814900000,199.25,199.61,199.25,199.42,22722.0,199.4608
2025-03-24 06:30:00,1742815800000,199.34,199.64,199.26,199.61,12043.0,199.4851
2025-03-24 06:45:00,1742816700000,199.63,200.0,199.63,200.0,43145.0,199.9216
2025-03-24 07:00:00,1742817600000,199.53,200.1,196.7,199.9818,124095.0,199.4633
2025-03-24 07:15:00,1742818500000,200.04,200.14,199.61,199.99,48223.0,199.9396
2025-03-24 07:30:00,1742819400000,200.0,200.5,200.0,200.3004,67371.0,200.2031
2025-03-24 07:45:00,1742820300000,200.34,200.35,200.07,200.1008,31585.0,199.3355
2025-03-24 08:00:00,1742821200000,200.19,200.48,200.02,200.31,56563.0,200.2366
2025-03-24 08:15:00,1742822100000,200.26,200.5,200.0,200.0,87240.0,200.1932
2025-03-24 08:30:00,1742823000000,200.0,201.55,199.95,200.71,4753373.0,200.7147
2025-03-24 08:45:00,1742823900000,200.76,203.3,200.7,202.8892,3409946.0,202.2447
2025-03-24 09:00:00,1742824800000,202.92,203.15,201.7806,202.335,1648647.0,202.2475
2025-03-24 09:15:00,1742825700000,202.335,202.8,202.105,202.8,1293494.0,202.4615
2025-03-24 09:30:00,1742826600000,202.8,203.0,202.335,202.6803,1162848.0,202.7562
2025-03-24 09:45:00,1742827500000,202.71,202.97,201.87,201.9397,1010747.0,202.454
2025-03-24 10:00:00,1742828400000,201.91,202.28,201.65,201.96,989313.0,202.0395
2025-03-24 10:15:00,1742829300000,201.96,202.0,201.5501,201.77,821460.0,201.7721
2025-03-24 10:30:00,1742830200000,201.76,201.81,201.32,201.605,767148.0,201.5243
2025-03-24 10:45:00,1742831100000,201.605,201.8699,201.54,201.77,593392.0,201.7461
2025-03-24 11:00:00,1742832000000,201.77,202.2899,201.67,202.16,988701.0,202.0759
2025-03-24 11:15:00,1742832900000,202.16,202.6777,201.9,202.0785,803099.0,202.2261
2025-03-24 11:30:00,1742833800000,202.055,202.4506,201.83,202.32,602165.0,202.1935
2025-03-24 11:45:00,1742834700000,202.315,202.71,202.17,202.31,1516663.0,202.3551
2025-03-24 12:00:00,1742835600000,202.3073,202.48,201.93,201.9636,639845.0,202.1591
2025-03-24 12:15:00,1742836500000,201.97,202.19,201.7601,202.155,526777.0,201.9555
2025-03-24 12:30:00,1742837400000,202.175,202.3296,201.925,202.095,571974.0,202.146
2025-03-24 12:45:00,1742838300000,202.095,202.24,201.941,202.22,423181.0,202.1059
2025-03-24 13:00:00,1742839200000,202.215,202.29,201.92,202.17,473154.0,202.1117
2025-03-24 13:15:00,1742840100000,202.17,202.49,202.13,202.35,509102.0,202.3118
2025-03-24 13:30:00,1742841000000,202.35,202.67,201.9877,202.51,913407.0,202.2175
2025-03-24 13:45:00,1742841900000,202.525,202.83,202.06,202.82,929983.0,202.6143
2025-03-24 14:00:00,1742842800000,202.825,203.155,202.71,203.08,1317496.0,202.9586
2025-03-24 14:15:00,1742843700000,203.075,203.139,202.705,203.0,1123218.0,202.9485
2025-03-24 14:30:00,1742844600000,203.0001,203.327,202.9,203.21,1123747.0,203.1579
2025-03-24 14:45:00,1742845500000,203.2,203.64,202.86,203.02,3648593.0,203.1909
2025-03-24 15:00:00,1742846400000,203.26,203.26,202.8,202.88,531181.0,203.2288
2025-03-24 15:15:00,1742847300000,202.8795,203.26,202.8306,202.9,21276.0,202.9511
2025-03-24 15:30:00,1742848200000,202.91,203.26,202.91,203.0112,85608.0,203.2086
2025-03-24 15:45:00,1742849100000,203.05,203.06,202.8564,202.92,13503.0,203.2244
2025-03-24 16:00:00,1742850000000,202.91,203.06,202.7439,202.84,10806.0,202.9857
2025-03-24 16:15:00,1742850900000,202.84,202.86,202.79,202.84,8124.0,202.8406
2025-03-24 16:30:00,1742851800000,202.84,202.93,202.8,202.93,13100.0,202.8708
2025-03-24 16:45:00,1742852700000,202.9,203.0831,202.9,203.08,5875.0,202.9862
2025-03-24 17:00:00,1742853600000,203.0891,203.09,202.7301,202.7301,14924.0,202.9343
2025-03-24 17:15:00,1742854500000,202.73,203.0,202.64,203.0,18125.0,202.7992
2025-03-24 17:30:00,1742855400000,202.8839,203.0472,202.8839,203.02,4081.0,202.9718
2025-03-24 17:45:00,1742856300000,202.9982,203.05,202.99,203.02,3487.0,203.0146
2025-03-24 18:00:00,1742857200000,203.01,203.0899,202.91,202.91,5436.0,203.0172
2025-03-24 18:15:00,1742858100000,202.91,203.2492,202.91,203.1,11829.0,203.178
2025-03-24 18:30:00,1742859000000,203.1117,203.24,203.09,203.17,8587.0,203.1521
2025-03-24 18:45:00,1742859900000,203.17,203.23,203.1012,203.17,15206.0,203.1785
2025-03-25 03:00:00,1742889600000,203.37,203.88,203.0,203.0,18113.0,203.3822
2025-03-25 03:15:00,1742890500000,202.61,203.0,202.51,202.83,11175.0,202.7657
2025-03-25 03:30:00,1742891400000,202.67,202.68,202.4,202.61,13119.0,202.5078
2025-03-25 03:45:00,1742892300000,202.6,202.74,202.6,202.64,6329.0,202.6586
2025-03-25 04:00:00,1742893200000,202.59,202.6,202.55,202.57,3029.0,202.5775
2025-03-25 04:15:00,1742894100000,202.65,202.69,202.61,202.66,7653.0,202.6546
2025-03-25 04:30:00,1742895000000,202.66,202.66,202.65,202.66,2790.0,202.659
2025-03-25 04:45:00,1742895900000,202.66,202.97,202.65,202.92,12040.0,202.6974
2025-03-25 05:00:00,1742896800000,202.93,202.95,202.81,202.81,5348.0,202.8691
2025-03-25 05:15:00,1742897700000,202.95,203.0,202.94,202.96,5888.0,202.9834
2025-03-25 05:30:00,1742898600000,202.96,203.03,202.96,203.03,4706.0,202.9971
2025-03-25 05:45:00,1742899500000,203.21,203.23,202.61,202.85,15695.0,202.8792
2025-03-25 06:00:00,1742900400000,202.8,203.58,202.74,203.18,38178.0,203.2186
2025-03-25 06:15:00,1742901300000,203.16,203.56,203.14,203.54,20047.0,203.3793
2025-03-25 06:30:00,1742902200000,203.52,203.97,203.42,203.96,35706.0,203.6865
2025-03-25 06:45:00,1742903100000,203.96,204.17,203.9,203.91,23115.0,204.0067
2025-03-25 07:00:00,1742904000000,202.97,204.1,202.7,203.85,114119.0,203.6889
2025-03-25 07:15:00,1742904900000,203.89,204.03,203.6,204.0,29907.0,203.7975
2025-03-25 07:30:00,1742905800000,204.03,204.43,204.03,204.08,42812.0,204.2561
2025-03-25 07:45:00,1742906700000,204.1,204.27,203.7,203.7,52120.0,204.1248
2025-03-25 08:00:00,1742907600000,203.71,204.65,203.71,204.47,52474.0,204.3381
2025-03-25 08:15:00,1742908500000,204.45,204.68,203.5,203.51,100537.0,204.0935
2025-03-25 08:30:00,1742909400000,203.595,205.18,203.22,204.7605,4324041.0,204.2551
2025-03-25 08:45:00,1742910300000,204.775,205.55,204.5,205.485,2052284.0,204.9818
2025-03-25 09:00:00,1742911200000,205.46,205.78,203.9312,204.9101,1755599.0,204.6797
2025-03-25 09:15:00,1742912100000,204.92,205.14,204.4634,205.14,920864.0,204.7911
2025-03-25 09:30:00,1742913000000,205.15,205.9377,204.75,205.85,1141009.0,205.4058
2025-03-25 09:45:00,1742913900000,205.86,206.21,205.14,205.28,1406663.0,205.63
2025-03-25 10:00:00,1742914800000,205.295,206.0,205.2302,205.75,1209756.0,205.5143
2025-03-25 10:15:00,1742915700000,205.765,205.77,205.31,205.34,634921.0,205.4882
2025-03-25 10:30:00,1742916600000,205.33,205.39,204.93,205.21,749354.0,205.1575
2025-03-25 10:45:00,1742917500000,205.2,205.315,204.935,205.085,694764.0,205.1307
2025-03-25 11:00:00,1742918400000,205.11,205.365,204.97,205.2132,450327.0,205.1423
2025-03-25 11:15:00,1742919300000,205.2,205.2,204.64,204.76,977125.0,204.8988
2025-03-25 11:30:00,1742920200000,204.76,205.02,204.465,204.93,908924.0,204.7207
2025-03-25 11:45:00,1742921100000,204.95,205.1497,204.73,205.12,507780.0,204.9628
2025-03-25 12:00:00,1742922000000,205.115,205.88,205.08,205.29,655912.0,205.461
2025-03-25 12:15:00,1742922900000,205.3,205.3697,204.75,204.92,571485.0,205.0431
2025-03-25 12:30:00,1742923800000,204.92,205.02,204.74,205.0,371871.0,204.8915
2025-03-25 12:45:00,1742924700000,204.96,205.24,204.89,205.07,336830.0,205.0474
2025-03-25 13:00:00,1742925600000,205.065,205.34,204.9,205.33,428257.0,205.0933
2025-03-25 13:15:00,1742926500000,205.325,205.73,205.29,205.495,538035.0,205.5201
2025-03-25 13:30:00,1742927400000,205.55,205.58,204.92,205.06,501909.0,205.2444
2025-03-25 13:45:00,1742928300000,205.06,205.28,204.985,205.19,513558.0,205.1257
2025-03-25 14:00:00,1742929200000,205.195,205.46,205.0553,205.07,663824.0,205.2925
2025-03-25 14:15:00,1742930100000,205.07,205.4899,205.0,205.21,705853.0,205.3022
2025-03-25 14:30:00,1742931000000,205.23,205.41,205.18,205.28,728175.0,205.2656
2025-03-25 14:45:00,1742931900000,205.2897,205.78,205.14,205.7,2308641.0,205.5377
2025-03-25 15:00:00,1742932800000,205.71,206.01,205.6004,205.75,593947.0,205.7162
2025-03-25 15:15:00,1742933700000,205.74,205.9998,205.71,205.8988,20664.0,205.8013
2025-03-25 15:30:00,1742934600000,205.88,206.0992,205.84,206.039,23445.0,205.9932
2025-03-25 15:45:00,1742935500000,206.0,206.29,205.95,206.02,19986.0,206.1043
2025-03-25 16:00:00,1742936400000,206.05,206.05,205.71,205.9799,10576.0,205.8904
2025-03-25 16:15:00,1742937300000,205.98,206.0,205.93,206.0,2602.0,205.9533
2025-03-25 16:30:00,1742938200000,206.0,206.19,205.9402,206.02,7596.0,206.0755
2025-03-25 16:45:00,1742939100000,206.0,206.119,205.92,205.92,12218.0,205.9989
2025-03-25 17:00:00,1742940000000,205.95,206.2535,205.7823,206.15,11546.0,206.0224
2025-03-25 17:15:00,1742940900000,206.15,206.17,206.0005,206.15,2907.0,206.1267
2025-03-25 17:30:00,1742941800000,206.04,206.14,206.02,206.14,1542.0,206.076
2025-03-25 17:45:00,1742942700000,206.0898,206.1497,206.02,206.02,10708.0,206.0861
2025-03-25 18:00:00,1742943600000,206.0202,206.13,206.0202,206.07,7708.0,206.0414
2025-03-25 18:15:00,1742944500000,206.07,206.07,205.99,205.99,2852.0,206.0193
2025-03-25 18:30:00,1742945400000,206.01,206.0694,205.9851,206.0694,2877.0,206.0243
2025-03-25 18:45:00,1742946300000,206.0,206.18,205.8537,206.0,8699.0,206.0484
2025-03-26 03:00:00,1742976000000,206.21,206.49,205.65,205.86,20059.0,206.0111
2025-03-26 03:15:00,1742976900000,205.83,205.83,205.13,205.18,22822.0,205.3771
2025-03-26 03:30:00,1742977800000,205.19,205.65,205.19,205.34,13489.0,205.3288
2025-03-26 03:45:00,1742978700000,205.2,205.34,205.2,205.34,2531.0,205.2796
2025-03-26 04:00:00,1742979600000,205.3,205.47,205.01,205.46,7113.0,205.2372
2025-03-26 04:15:00,1742980500000,205.46,205.47,205.32,205.32,1047.0,205.3666
2025-03-26 04:30:00,1742981400000,205.4,205.72,205.4,205.5,5550.0,205.5408
2025-03-26 04:45:00,1742982300000,205.43,205.5,205.25,205.36,1262.0,205.3782
2025-03-26 05:00:00,1742983200000,205.36,205.47,205.36,205.47,1230.0,205.3811
2025-03-26 05:15:00,1742984100000,205.65,205.81,205.58,205.58,6806.0,205.6837
2025-03-26 05:30:00,1742985000000,205.49,206.04,205.49,206.04,4359.0,205.7807
2025-03-26 05:45:00,1742985900000,206.12,206.14,205.89,206.11,5173.0,206.0562
2025-03-26 06:00:00,1742986800000,206.12,206.31,206.06,206.25,9830.0,206.174
2025-03-26 06:15:00,1742987700000,206.29,206.4,206.15,206.25,8596.0,206.2607
2025-03-26 06:30:00,1742988600000,206.26,207.0,206.26,206.98,29949.0,206.6934
2025-03-26 06:45:00,1742989500000,206.97,207.0,206.71,206.71,15631.0,206.8655
2025-03-26 07:00:00,1742990400000,206.19,206.98,205.3,206.58,74950.0,206.3937
2025-03-26 07:15:00,1742991300000,206.6,206.6536,206.39,206.4494,27550.0,206.5258
2025-03-26 07:30:00,1742992200000,206.45,206.52,206.09,206.38,24692.0,206.2196
2025-03-26 07:45:00,1742993100000,206.44,206.71,206.2402,206.3499,65681.0,206.4211
2025-03-26 08:00:00,1742994000000,206.28,206.38,206.1392,206.18,21134.0,206.2939
2025-03-26 08:15:00,1742994900000,206.2,206.38,205.71,205.86,165706.0,205.8412
2025-03-26 08:30:00,1742995800000,205.835,206.01,204.39,204.77,3029006.0,205.286
2025-03-26 08:45:00,1742996700000,204.79,204.95,202.31,202.44,2079456.0,203.4614
2025-03-26 09:00:00,1742997600000,202.44,203.37,202.39,202.91,1302464.0,202.9469
2025-03-26 09:15:00,1742998500000,202.93,203.0,201.68,202.7001,1489177.0,202.274
2025-03-26 09:30:00,1742999400000,202.715,202.89,202.23,202.44,1008846.0,202.5588
2025-03-26 09:45:00,1743000300000,202.43,202.85,202.16,202.74,767530.0,202.554
2025-03-26 10:00:00,1743001200000,202.74,203.82,202.63,203.775,1297801.0,203.0073
2025-03-26 10:15:00,1743002100000,203.77,203.9,203.17,203.315,740654.0,203.5866
2025-03-26 10:30:00,1743003000000,203.31,203.78,203.0301,203.0932,609789.0,203.4036
2025-03-26 10:45:00,1743003900000,203.085,203.32,202.5,202.68,766486.0,202.8943
2025-03-26 11:00:00,1743004800000,202.68,202.85,202.33,202.75,662296.0,202.651
2025-03-26 11:15:00,1743005700000,202.77,202.93,202.35,202.89,744135.0,202.6006
2025-03-26 11:30:00,1743006600000,202.88,203.1724,202.53,202.53,566855.0,202.9285
2025-03-26 11:45:00,1743007500000,202.54,202.78,201.87,201.99,835601.0,202.3776
2025-03-26 12:00:00,1743008400000,201.96,202.28,201.89,202.2,630444.0,202.0894
2025-03-26 12:15:00,1743009300000,202.2,202.24,201.55,201.71,576833.0,201.8115
2025-03-26 12:30:00,1743010200000,201.68,201.69,200.89,201.29,928681.0,201.2422
2025-03-26 12:45:00,1743011100000,201.29,201.575,201.082,201.1215,496369.0,201.2965
2025-03-26 13:00:00,1743012000000,201.13,201.45,200.93,201.285,624468.0,201.1412
2025-03-26 13:15:00,1743012900000,201.27,201.345,200.86,201.09,556755.0,201.0362
2025-03-26 13:30:00,1743013800000,201.07,201.32,200.46,200.555,610289.0,200.8478
2025-03-26 13:45:00,1743014700000,200.56,200.68,200.025,200.08,774779.0,200.2171
2025-03-26 14:00:00,1743015600000,200.09,200.3432,199.925,200.29,912819.0,200.1157
2025-03-26 14:15:00,1743016500000,200.3,200.92,200.23,200.475,738005.0,200.586
2025-03-26 14:30:00,1743017400000,200.5,200.69,200.2304,200.52,893176.0,200.4873
2025-03-26 14:45:00,1743018300000,200.535,201.41,200.345,201.09,2555351.0,201.051
2025-03-26 15:00:00,1743019200000,201.13,201.13,200.88,201.0799,259052.0,201.1236
2025-03-26 15:15:00,1743020100000,201.04,201.07,200.9,200.9116,16661.0,201.0196
2025-03-26 15:30:00,1743021000000,201.0,201.13,200.95,200.963,13167.0,201.0228
2025-03-26 15:45:00,1743021900000,201.08,201.08,200.01,200.65,20109.0,200.837
2025-03-26 16:00:00,1743022800000,200.7,200.94,200.6051,200.827,4916.0,200.8413
2025-03-26 16:15:00,1743023700000,200.75,200.79,200.6,200.61,6203.0,200.6921
2025-03-26 16:30:00,1743024600000,200.74,200.75,200.6515,200.67,6990.0,200.7029
2025-03-26 16:45:00,1743025500000,200.622,200.69,200.0,200.19,16980.0,200.2119
2025-03-26 17:00:00,1743026400000,200.11,200.5,199.8018,200.2,25194.0,200.2524
2025-03-26 17:15:00,1743027300000,200.1567,200.16,198.76,199.0,43253.0,199.3854
2025-03-26 17:30:00,1743028200000,199.1226,199.86,199.1226,199.71,11704.0,199.7131
2025-03-26 17:45:00,1743029100000,199.7899,199.88,199.44,199.49,29092.0,199.5782
2025-03-26 18:00:00,1743030000000,199.62,199.79,199.49,199.5112,10722.0,199.6051
2025-03-26 18:15:00,1743030900000,199.61,199.784,199.51,199.6989,9182.0,199.6669
2025-03-26 18:30:00,1743031800000,199.65,199.8,199.55,199.7,8216.0,199.6633
2025-03-26 18:45:00,1743032700000,199.8482,200.38,199.7648,200.2014,17355.0,200.0844
2025-03-27 03:00:00,1743062400000,200.44,200.65,199.59,199.74,17599.0,199.9928
2025-03-27 03:15:00,1743063300000,199.85,200.25,199.81,200.15,3854.0,200.0659
2025-03-27 03:30:00,1743064200000,200.66,200.66,200.5,200.5,722.0,200.5668
2025-03-27 03:45:00,1743065100000,200.58,200.75,200.42,200.75,2944.0,200.5498
2025-03-27 04:00:00,1743066000000,200.71,200.87,200.61,200.62,4349.0,200.7363
2025-03-27 04:15:00,1743066900000,200.76,201.11,200.76,201.11,3530.0,200.8608
2025-03-27 04:30:00,1743067800000,201.14,201.14,200.76,200.95,3114.0,200.9686
2025-03-27 04:45:00,1743068700000,201.03,201.1,200.99,201.0,1962.0,201.0516
2025-03-27 05:00:00,1743069600000,200.96,201.35,200.96,201.35,4349.0,201.2495
2025-03-27 05:15:00,1743070500000,201.14,201.19,201.0,201.17,5595.0,201.1683
2025-03-27 05:30:00,1743071400000,201.19,201.19,201.15,201.15,591.0,201.1613
2025-03-27 05:45:00,1743072300000,201.12,201.12,200.75,200.75,9219.0,200.881
2025-03-27 06:00:00,1743073200000,200.69,201.13,200.63,200.69,10324.0,200.8191
2025-03-27 06:15:00,1743074100000,200.73,200.73,200.29,200.29,5226.0,200.5025
2025-03-27 06:30:00,1743075000000,200.46,200.86,200.46,200.79,4491.0,200.721
2025-03-27 06:45:00,1743075900000,200.82,201.12,200.8,201.12,6988.0,200.9427
2025-03-27 07:00:00,1743076800000,200.56,201.37,199.5597,200.8974,45165.0,200.8442
2025-03-27 07:15:00,1743077700000,200.7147,200.76,200.39,200.4,9772.0,200.6059
2025-03-27 07:30:00,1743078600000,200.5,201.46,200.3301,201.04,43592.0,201.0803
2025-03-27 07:45:00,1743079500000,200.98,200.98,200.45,200.53,7875.0,200.5978
2025-03-27 08:00:00,1743080400000,200.56,200.89,200.3832,200.3832,13311.0,200.6397
2025-03-27 08:15:00,1743081300000,200.38,201.29,199.98,200.74,126698.0,200.3598
2025-03-27 08:30:00,1743082200000,200.89,201.09,199.2821,200.5954,2362868.0,200.2015
2025-03-27 08:45:00,1743083100000,200.68,201.8995,200.26,201.82,1536966.0,201.0882
2025-03-27 09:00:00,1743084000000,201.84,202.41,201.235,202.0785,1455079.0,201.8862
2025-03-27 09:15:00,1743084900000,202.08,202.8,201.5505,202.8,930824.0,202.1197
2025-03-27 09:30:00,1743085800000,202.78,202.97,202.37,202.93,1022986.0,202.668
2025-03-27 09:45:00,1743086700000,202.94,203.6,202.7501,203.35,1126994.0,203.1493
2025-03-27 10:00:00,1743087600000,203.335,203.79,202.84,203.14,918309.0,203.3464
2025-03-27 10:15:00,1743088500000,203.1288,203.215,202.61,202.63,624742.0,202.9432
2025-03-27 10:30:00,1743089400000,202.64,202.645,202.1051,202.57,707239.0,202.3543
2025-03-27 10:45:00,1743090300000,202.595,202.62,202.1503,202.26,553560.0,202.4064
2025-03-27 11:00:00,1743091200000,202.28,202.92,202.2355,202.825,492988.0,202.6399
2025-03-27 11:15:00,1743092100000,202.815,203.5,202.46,202.55,696399.0,203.0233
2025-03-27 11:30:00,1743093000000,202.535,202.94,202.4569,202.605,418517.0,202.6777
2025-03-27 11:45:00,1743093900000,202.58,202.715,201.5,201.55,586540.0,201.9387
2025-03-27 12:00:00,1743094800000,201.55,202.26,201.46,202.25,685149.0,201.7753
2025-03-27 12:15:00,1743095700000,202.25,202.35,201.7274,201.8,534048.0,202.0375
2025-03-27 12:30:00,1743096600000,201.77,202.2,201.6498,201.83,656770.0,201.8599
2025-03-27 12:45:00,1743097500000,201.83,202.145,201.58,201.67,411673.0,201.8353
2025-03-27 13:00:00,1743098400000,201.68,202.58,201.66,202.51,449789.0,202.1739
2025-03-27 13:15:00,1743099300000,202.5,202.62,202.25,202.38,500856.0,202.4672
2025-03-27 13:30:00,1743100200000,202.365,202.992,202.26,202.7067,584282.0,202.647
2025-03-27 13:45:00,1743101100000,202.71,203.01,202.29,202.35,404511.0,202.7431
2025-03-27 14:00:00,1743102000000,202.33,202.67,202.13,202.6414,470241.0,202.3616
2025-03-27 14:15:00,1743102900000,202.64,202.83,202.3723,202.55,545553.0,202.5841
2025-03-27 14:30:00,1743103800000,202.53,202.53,201.81,201.9728,674663.0,202.054
2025-03-27 14:45:00,1743104700000,201.97,202.09,201.06,201.35,1951680.0,201.5588
2025-03-27 15:00:00,1743105600000,201.36,201.5,201.0,201.3201,400368.0,201.3552
2025-03-27 15:15:00,1743106500000,201.31,201.36,201.0516,201.23,6767.0,201.2514
2025-03-27 15:30:00,1743107400000,201.23,201.36,201.16,201.1789,49630.0,201.3166
2025-03-27 15:45:00,1743108300000,201.25,201.26,200.98,200.98,9759.0,201.0678
2025-03-27 16:00:00,1743109200000,200.94,201.36,200.6528,200.72,23278.0,200.7504
2025-03-27 16:15:00,1743110100000,200.8,200.8,200.55,200.79,3953.0,200.7457
2025-03-27 16:30:00,1743111000000,200.85,200.9,200.8215,200.85,4141.0,200.8721
2025-03-27 17:00:00,1743112800000,200.93,201.2,200.79,200.7901,5368.0,200.9578
2025-03-27 17:15:00,1743113700000,200.7912,201.14,200.79,201.14,2501.0,200.8697
2025-03-27 17:30:00,1743114600000,200.8111,201.0003,200.8111,201.0003,1802.0,200.9647
2025-03-27 17:45:00,1743115500000,201.0014,201.0014,200.91,201.0,4709.0,200.9939
2025-03-27 18:00:00,1743116400000,200.9,200.98,200.5027,200.57,4584.0,200.7069
2025-03-27 18:15:00,1743117300000,200.89,200.89,200.5,200.51,6249.0,200.5591
2025-03-27 18:30:00,1743118200000,200.62,200.75,200.6,200.75,4155.0,200.6779
2025-03-27 18:45:00,1743119100000,200.72,200.98,200.72,200.9,6574.0,200.8544
2025-03-28 03:00:00,1743148800000,200.25,200.48,200.01,200.15,12898.0,200.3008
2025-03-28 03:15:00,1743149700000,200.13,200.32,200.02,200.02,4937.0,200.1489
2025-03-28 03:30:00,1743150600000,200.06,200.16,199.94,200.16,6027.0,200.0373
2025-03-28 03:45:00,1743151500000,200.19,200.24,200.09,200.09,4974.0,200.1807
2025-03-28 04:00:00,1743152400000,200.05,200.2,200.0,200.2,3245.0,200.0597
2025-03-28 04:15:00,1743153300000,200.09,200.09,200.08,200.08,340.0,200.0975
2025-03-28 04:30:00,1743154200000,200.2,200.32,200.2,200.32,1376.0,200.2882
2025-03-28 04:45:00,1743155100000,200.04,200.11,200.04,200.11,1641.0,200.0609
2025-03-28 05:00:00,1743156000000,200.12,200.38,200.12,200.37,10325.0,200.2629
2025-03-28 05:15:00,1743156900000,200.24,200.48,200.22,200.48,2228.0,200.3816
2025-03-28 05:30:00,1743157800000,200.43,200.52,200.32,200.52,5591.0,200.4317
2025-03-28 05:45:00,1743158700000,200.49,200.49,200.29,200.31,4454.0,200.3485
2025-03-28 06:00:00,1743159600000,200.22,200.34,199.99,200.0,12286.0,200.1427
2025-03-28 06:15:00,1743160500000,200.05,200.43,200.05,200.4,13184.0,200.3252
2025-03-28 06:30:00,1743161400000,200.4,200.44,200.1,200.44,13081.0,200.3582
2025-03-28 06:45:00,1743162300000,200.45,200.9,200.45,200.9,12685.0,200.7372
2025-03-28 07:00:00,1743163200000,200.2,201.0,199.99,200.43,63395.0,200.6556
2025-03-28 07:15:00,1743164100000,200.5,200.74,200.5,200.55,11779.0,200.6494
2025-03-28 07:30:00,1743165000000,200.56,200.56,199.4,199.42,75652.0,199.8747
2025-03-28 07:45:00,1743165900000,199.49,199.51,199.09,199.1,292140.0,201.0336
2025-03-28 08:00:00,1743166800000,199.1,199.9999,198.75,199.8,90035.0,199.2272
2025-03-28 08:15:00,1743167700000,199.95,200.25,198.02,198.42,107865.0,198.8808
2025-03-28 08:30:00,1743168600000,198.42,199.26,197.08,198.135,4493200.0,198.2174
2025-03-28 08:45:00,1743169500000,198.17,198.53,197.345,197.43,1579204.0,197.9034
2025-03-28 09:00:00,1743170400000,197.36,197.8,195.36,195.55,2654810.0,196.4125
2025-03-28 09:15:00,1743171300000,195.52,195.53,194.48,194.61,2302595.0,195.1246
2025-03-28 09:30:00,1743172200000,194.6,194.965,194.25,194.75,2146942.0,194.7396
2025-03-28 09:45:00,1743173100000,194.745,195.0,193.91,194.42,1554933.0,194.2909
2025-03-28 10:00:00,1743174000000,194.42,194.8775,194.18,194.705,1375003.0,194.4907
2025-03-28 10:15:00,1743174900000,194.69,194.9,194.01,194.82,1115697.0,194.4684
2025-03-28 10:30:00,1743175800000,194.81,195.14,194.4801,194.66,894047.0,194.8772
2025-03-28 10:45:00,1743176700000,194.67,194.69,193.51,193.525,935488.0,194.172
2025-03-28 11:00:00,1743177600000,193.52,193.98,193.52,193.73,823595.0,193.783
2025-03-28 11:15:00,1743178500000,193.72,193.78,192.8,193.285,1378211.0,193.098
2025-03-28 11:30:00,1743179400000,193.27,193.652,193.03,193.035,1099388.0,193.3984
2025-03-28 11:45:00,1743180300000,193.02,193.56,192.77,192.79,977039.0,193.152
2025-03-28 12:00:00,1743181200000,192.78,192.82,192.29,192.4607,1089328.0,192.5712
2025-03-28 12:15:00,1743182100000,192.45,193.05,192.27,192.335,1090774.0,192.6293
2025-03-28 12:30:00,1743183000000,192.32,192.645,191.91,192.41,1447055.0,192.2078
2025-03-28 12:45:00,1743183900000,192.4,192.45,191.96,191.995,1058832.0,192.1362
2025-03-28 13:00:00,1743184800000,191.995,192.93,191.881,192.74,2005910.0,192.1593
2025-03-28 13:15:00,1743185700000,192.7394,193.09,192.51,192.86,924389.0,192.8201
2025-03-28 13:30:00,1743186600000,192.85,193.21,192.0,192.81,1066267.0,192.9201
2025-03-28 13:45:00,1743187500000,192.83,192.95,192.25,192.55,1101644.0,192.4079
2025-03-28 14:00:00,1743188400000,192.55,192.563,192.1,192.335,1182157.0,192.3347
2025-03-28 14:15:00,1743189300000,192.34,192.74,192.23,192.6,914334.0,192.5073
2025-03-28 14:30:00,1743190200000,192.61,192.68,192.08,192.3143,1403261.0,192.2828
2025-03-28 14:45:00,1743191100000,192.32,192.98,192.11,192.64,3996460.0,192.5823
2025-03-28 15:00:00,1743192000000,192.72,192.72,192.2,192.49,2304175.0,192.7136
2025-03-28 15:15:00,1743192900000,192.51,192.52,192.02,192.07,75742.0,192.4597
2025-03-28 15:30:00,1743193800000,192.1212,192.72,192.1,192.26,30571.0,192.5914
2025-03-28 15:45:00,1743194700000,192.29,192.54,192.16,192.4,73216.0,192.7849
2025-03-28 16:00:00,1743195600000,192.41,192.5164,192.25,192.36,61897.0,192.3024
2025-03-28 16:15:00,1743196500000,192.44,192.49,192.27,192.3,14114.0,192.3409
2025-03-28 16:30:00,1743197400000,192.31,192.5,192.28,192.4,8412.0,192.3934
2025-03-28 16:45:00,1743198300000,192.4,192.4783,192.32,192.4,6687.0,192.4094
2025-03-28 17:00:00,1743199200000,192.3994,192.4,192.3,192.3,7615.0,192.3822
2025-03-28 17:15:00,1743200100000,192.28,192.39,192.2512,192.29,6641.0,192.3092
2025-03-28 17:30:00,1743201000000,192.31,192.38,192.27,192.38,6763.0,192.3409
2025-03-28 17:45:00,1743201900000,192.35,192.37,192.31,192.36,6547.0,192.3449
2025-03-28 18:00:00,1743202800000,192.34,192.39,192.263,192.263,10193.0,192.3403
2025-03-28 18:15:00,1743203700000,192.3,192.33,192.1316,192.32,10521.0,192.2371
2025-03-28 18:30:00,1743204600000,192.3,192.4999,192.3,192.33,19491.0,192.3957
2025-03-28 18:45:00,1743205500000,192.2862,192.67,192.2744,192.66,17852.0,192.4647
2025-03-31 03:00:00,1743408000000,191.35,191.7,189.0,190.01,60423.0,189.9856
2025-03-31 03:15:00,1743408900000,189.99,189.99,189.06,189.54,11061.0,189.6971
2025-03-31 03:30:00,1743409800000,189.52,189.54,189.17,189.22,26661.0,189.3543
2025-03-31 03:45:00,1743410700000,189.27,189.45,189.14,189.2,14343.0,189.3122
2025-03-31 04:00:00,1743411600000,189.1,189.2,188.65,188.66,35780.0,188.903
2025-03-31 04:15:00,1743412500000,188.62,189.3,188.61,189.3,25794.0,188.9635
2025-03-31 04:30:00,1743413400000,189.15,189.38,189.1,189.24,13129.0,189.2491
2025-03-31 04:45:00,1743414300000,189.18,189.4,189.17,189.29,8744.0,189.2785
2025-03-31 05:00:00,1743415200000,189.3,189.35,189.15,189.24,31070.0,189.2511
2025-03-31 05:15:00,1743416100000,189.28,189.28,188.82,189.02,16046.0,188.9949
2025-03-31 05:30:00,1743417000000,189.05,189.05,188.99,189.05,4793.0,189.0368
2025-03-31 05:45:00,1743417900000,189.0,189.55,188.94,189.42,24370.0,189.2281
2025-03-31 06:00:00,1743418800000,189.44,189.98,188.47,188.5,116667.0,189.0911
2025-03-31 06:15:00,1743419700000,188.37,188.78,188.0,188.32,45863.0,188.3937
2025-03-31 06:30:00,1743420600000,188.43,188.5,188.0,188.26,45004.0,188.2864
2025-03-31 06:45:00,1743421500000,188.33,188.35,188.02,188.18,29457.0,188.2534
2025-03-31 07:00:00,1743422400000,188.75,190.84,188.0,188.36,258613.0,188.8287
2025-03-31 07:15:00,1743423300000,188.35,188.85,188.17,188.65,58604.0,188.8801
2025-03-31 07:30:00,1743424200000,188.65,192.239,188.41,189.13,55682.0,188.9209
2025-03-31 07:45:00,1743425100000,189.18,189.36,188.85,189.31,65649.0,189.1773
2025-03-31 08:00:00,1743426000000,189.36,189.47,188.5,188.57,92502.0,188.9629
2025-03-31 08:15:00,1743426900000,188.5987,188.7798,187.51,188.01,112941.0,188.091
2025-03-31 08:30:00,1743427800000,188.19,188.27,185.1401,185.37,8027849.0,186.6464
2025-03-31 08:45:00,1743428700000,185.35,185.93,184.4,185.25,3633342.0,185.2543
2025-03-31 09:00:00,1743429600000,185.21,186.97,185.17,186.84,2512820.0,186.3293
2025-03-31 09:15:00,1743430500000,186.84,186.9,184.7087,184.73,2035628.0,185.6987
2025-03-31 09:30:00,1743431400000,184.74,185.87,184.63,185.31,2551655.0,185.2205
2025-03-31 09:45:00,1743432300000,185.31,186.07,184.961,185.925,1865056.0,185.4977
2025-03-31 10:00:00,1743433200000,185.94,186.47,185.37,185.45,1543947.0,186.0111
2025-03-31 10:15:00,1743434100000,185.44,187.44,185.2701,186.99,1629877.0,186.5753
2025-03-31 10:30:00,1743435000000,186.99,187.67,186.75,187.24,1331492.0,187.2582
2025-03-31 10:45:00,1743435900000,187.245,188.81,187.2295,188.09,1773975.0,188.1333
2025-03-31 11:00:00,1743436800000,188.1,188.465,187.26,187.5857,977810.0,187.8726
2025-03-31 11:15:00,1743437700000,187.585,188.789,187.48,188.755,837079.0,188.1373
2025-03-31 11:30:00,1743438600000,188.74,188.76,188.26,188.52,693495.0,188.5439
2025-03-31 11:45:00,1743439500000,188.54,189.33,188.32,188.4442,1149249.0,188.7759
2025-03-31 12:00:00,1743440400000,188.43,189.36,188.325,188.76,824677.0,188.8748
2025-03-31 12:15:00,1743441300000,188.8,188.83,188.32,188.596,631205.0,188.5619
2025-03-31 12:30:00,1743442200000,188.605,188.84,188.33,188.4409,709990.0,188.5239
2025-03-31 12:45:00,1743443100000,188.45,189.275,188.16,188.55,729239.0,188.6736
2025-03-31 13:00:00,1743444000000,188.56,189.98,188.5,189.63,809799.0,189.3716
2025-03-31 13:15:00,1743444900000,189.6428,190.2,189.47,189.83,995917.0,189.8653
2025-03-31 13:30:00,1743445800000,189.83,190.09,189.61,189.7899,777624.0,189.8231
2025-03-31 13:45:00,1743446700000,189.79,189.9806,189.23,189.36,1762803.0,189.678
2025-03-31 14:00:00,1743447600000,189.355,190.3,189.335,190.11,805878.0,189.7495
2025-03-31 14:15:00,1743448500000,190.09,190.12,189.3,189.425,934959.0,189.7893
2025-03-31 14:30:00,1743449400000,189.41,190.48,189.29,190.08,1269745.0,189.9118
2025-03-31 14:45:00,1743450300000,190.04,191.33,189.75,190.29,5666275.0,190.4379
2025-03-31 15:00:00,1743451200000,190.26,190.75,189.86,189.99,1035889.0,190.252
2025-03-31 15:15:00,1743452100000,189.93,190.26,189.87,189.99,667920.0,188.4
2025-03-31 15:30:00,1743453000000,189.99,190.26,189.8219,189.94,33645.0,190.1318
2025-03-31 15:45:00,1743453900000,189.9884,190.26,189.82,189.9,31131.0,190.1398
2025-03-31 16:00:00,1743454800000,190.26,190.26,189.93,189.93,23537.0,190.1482
2025-03-31 16:15:00,1743455700000,189.9,189.95,189.7,189.79,8512.0,189.7993
2025-03-31 16:30:00,1743456600000,189.82,190.26,189.7,189.86,54257.0,190.217
2025-03-31 16:45:00,1743457500000,189.9,189.9,189.7448,189.88,3093.0,189.8292
2025-03-31 17:00:00,1743458400000,189.742,189.92,189.098,189.098,6662.0,189.6283
2025-03-31 17:15:00,1743459300000,189.14,189.5,189.0872,189.2,16212.0,189.3188
2025-03-31 17:30:00,1743460200000,189.35,189.79,189.2545,189.35,2428.0,189.3407
2025-03-31 17:45:00,1743461100000,189.77,189.77,189.5,189.6,8474.0,189.6438
2025-03-31 18:00:00,1743462000000,189.56,189.7,189.4514,189.6999,6232.0,189.6609
2025-03-31 18:15:00,1743462900000,189.6405,189.6405,189.11,189.36,7517.0,189.303
2025-03-31 18:30:00,1743463800000,189.19,189.413,189.19,189.413,2496.0,189.29
2025-03-31 18:45:00,1743464700000,189.3,189.36,189.1012,189.1042,8409.0,189.164
2025-04-01 03:00:00,1743494400000,189.66,189.73,189.31,189.43,22758.0,189.4776
2025-04-01 03:15:00,1743495300000,189.54,190.09,189.42,190.04,12263.0,189.8098
2025-04-01 03:30:00,1743496200000,190.1,190.2,189.9,190.2,16144.0,190.0699
2025-04-01 03:45:00,1743497100000,190.19,190.41,190.1,190.28,8342.0,190.2724
2025-04-01 04:00:00,1743498000000,190.34,190.63,190.23,190.49,10369.0,190.4481
2025-04-01 04:15:00,1743498900000,190.44,190.7,190.4,190.4,8747.0,190.5643
2025-04-01 04:30:00,1743499800000,190.35,190.67,190.35,190.6,5284.0,190.5667
2025-04-01 04:45:00,1743500700000,190.65,190.78,190.55,190.64,10819.0,190.6815
2025-04-01 05:00:00,1743501600000,190.47,190.47,189.7,189.81,20152.0,189.9971
2025-04-01 05:15:00,1743502500000,189.64,189.91,189.19,189.19,7131.0,189.5512
2025-04-01 05:30:00,1743503400000,189.17,189.8,188.89,189.63,15904.0,189.2729
2025-04-01 05:45:00,1743504300000,189.47,189.73,189.47,189.63,9769.0,189.6471
2025-04-01 06:00:00,1743505200000,189.64,189.65,189.02,189.08,28649.0,189.4029
2025-04-01 06:15:00,1743506100000,189.0,189.28,188.41,188.48,22755.0,188.7936
2025-04-01 06:30:00,1743507000000,188.6,188.68,188.1,188.6,35862.0,188.3202
2025-04-01 06:45:00,1743507900000,188.73,188.8,188.55,188.77,11606.0,188.6416
2025-04-01 07:00:00,1743508800000,189.55,190.37,188.0556,188.47,153165.0,189.36
2025-04-01 07:15:00,1743509700000,188.5,190.26,188.3,188.3038,29075.0,188.9675
2025-04-01 07:30:00,1743510600000,188.54,190.26,188.39,188.5804,22818.0,188.7301
2025-04-01 07:45:00,1743511500000,188.37,188.78,188.11,188.45,32747.0,188.4468
2025-04-01 08:00:00,1743512400000,188.51,188.58,187.97,188.2086,76114.0,188.2191
2025-04-01 08:15:00,1743513300000,188.13,188.4574,187.7,187.86,60720.0,188.0655
2025-04-01 08:30:00,1743514200000,187.86,190.69,187.2,190.63,3437739.0,188.855
2025-04-01 08:45:00,1743515100000,190.61,190.98,189.65,190.01,1935961.0,190.4195
2025-04-01 09:00:00,1743516000000,190.03,190.4284,188.66,188.7101,1847739.0,189.5831
2025-04-01 09:15:00,1743516900000,188.75,189.65,188.385,189.515,1209410.0,189.0064
2025-04-01 09:30:00,1743517800000,189.47,190.45,189.31,190.26,1128440.0,189.859
2025-04-01 09:45:00,1743518700000,190.26,191.12,190.12,191.09,918633.0,190.6567
2025-04-01 10:00:00,1743519600000,191.081,192.2888,190.91,192.26,1237100.0,191.6195
2025-04-01 10:15:00,1743520500000,192.2438,193.09,190.6,192.21,1800763.0,192.4322
2025-04-01 10:30:00,1743521400000,192.235,192.98,191.85,192.91,1404797.0,192.2771
2025-04-01 10:45:00,1743522300000,192.905,193.39,192.48,192.685,1146533.0,193.0113
2025-04-01 11:00:00,1743523200000,192.685,193.55,192.54,193.37,1070323.0,193.1523
2025-04-01 11:15:00,1743524100000,193.37,193.93,192.85,193.02,1075742.0,193.4551
2025-04-01 11:30:00,1743525000000,193.05,193.0799,192.51,192.815,689240.0,192.797
2025-04-01 11:45:00,1743525900000,192.845,193.59,192.81,192.84,1362002.0,193.2282
2025-04-01 12:00:00,1743526800000,192.86,192.9426,192.295,192.51,744601.0,192.5833
2025-04-01 12:15:00,1743527700000,192.52,192.53,191.97,192.14,837777.0,192.1858
2025-04-01 12:30:00,1743528600000,192.14,192.41,191.76,191.8,695689.0,192.1559
2025-04-01 12:45:00,1743529500000,191.795,192.29,191.67,191.73,773791.0,192.0052
2025-04-01 13:00:00,1743530400000,191.75,191.8102,190.84,191.4347,1052605.0,191.1862
2025-04-01 13:15:00,1743531300000,191.46,191.56,190.74,191.0,763435.0,191.0608
2025-04-01 13:30:00,1743532200000,191.0,191.45,191.0,191.34,781299.0,191.232
2025-04-01 13:45:00,1743533100000,191.33,191.44,190.87,191.43,723768.0,191.1743
2025-04-01 14:00:00,1743534000000,191.42,191.685,191.14,191.51,701100.0,191.4655
2025-04-01 14:15:00,1743534900000,191.5,191.739,191.29,191.3,898812.0,191.5631
2025-04-01 14:30:00,1743535800000,191.28,192.14,191.2,191.76,1052251.0,191.7816
2025-04-01 14:45:00,1743536700000,191.75,192.6,191.71,192.16,2908792.0,192.0948
2025-04-01 15:00:00,1743537600000,192.17,192.44,191.7688,192.39,1005502.0,192.1667
2025-04-01 15:15:00,1743538500000,192.3,192.4094,192.17,192.25,24680.0,192.3343
2025-04-01 15:30:00,1743539400000,192.36,192.5,192.17,192.35,49519.0,192.3388
2025-04-01 15:45:00,1743540300000,192.29,192.65,192.29,192.35,35469.0,192.6614
2025-04-01 16:00:00,1743541200000,192.32,192.48,192.3,192.44,8994.0,192.3801
2025-04-01 16:15:00,1743542100000,192.4397,192.48,192.21,192.21,8847.0,192.4124
2025-04-01 16:30:00,1743543000000,192.4594,192.51,192.25,192.5,8086.0,192.4503
2025-04-01 16:45:00,1743543900000,192.42,192.6,192.2707,192.6,1945.0,192.3589
2025-04-01 17:00:00,1743544800000,192.42,193.5,192.17,192.89,34551.0,192.8859
2025-04-01 17:15:00,1743545700000,192.95,193.3,192.62,193.13,13724.0,193.0011
2025-04-01 17:30:00,1743546600000,193.12,193.19,192.78,192.79,8165.0,192.9483
2025-04-01 17:45:00,1743547500000,193.1339,193.1339,192.82,192.82,3764.0,192.9344
2025-04-01 18:00:00,1743548400000,192.8311,192.8311,192.691,192.7,3592.0,192.7745
2025-04-01 18:15:00,1743549300000,192.65,192.98,192.6311,192.98,5579.0,192.8389
2025-04-01 18:30:00,1743550200000,193.0992,193.0992,192.949,193.0,4953.0,193.0351
2025-04-01 18:45:00,1743551100000,193.05,193.05,192.83,192.85,8988.0,192.9295
2025-04-02 03:00:00,1743580800000,191.3,191.3,190.93,191.0,10123.0,191.1941
2025-04-02 03:15:00,1743581700000,191.22,191.46,191.18,191.25,3516.0,191.2755
2025-04-02 03:30:00,1743582600000,191.33,191.52,191.33,191.52,949.0,191.3989
2025-04-02 03:45:00,1743583500000,191.52,191.61,191.33,191.33,1717.0,191.4274
2025-04-02 04:00:00,1743584400000,191.31,191.39,191.11,191.32,3408.0,191.2585
2025-04-02 04:15:00,1743585300000,191.19,191.28,191.09,191.15,1342.0,191.1745
2025-04-02 04:30:00,1743586200000,191.21,191.21,191.21,191.21,628.0,191.2047
2025-04-02 04:45:00,1743587100000,191.23,191.4,191.07,191.07,2826.0,191.2168
2025-04-02 05:00:00,1743588000000,191.0,191.0,190.4,190.61,6190.0,190.6515
2025-04-02 05:15:00,1743588900000,190.55,190.66,190.4,190.4,4136.0,190.5349
2025-04-02 05:30:00,1743589800000,190.38,190.38,189.61,189.65,14381.0,189.9921
2025-04-02 05:45:00,1743590700000,189.89,190.34,189.89,190.2,7992.0,190.068
2025-04-02 06:00:00,1743591600000,190.26,190.46,189.93,190.2,15038.0,190.1468
2025-04-02 06:15:00,1743592500000,190.21,190.3,190.0,190.0,9236.0,190.0709
2025-04-02 06:30:00,1743593400000,189.95,190.12,189.5,189.5,32311.0,189.7381
2025-04-02 06:45:00,1743594300000,189.66,189.66,189.22,189.31,34136.0,189.441
2025-04-02 07:00:00,1743595200000,190.0,192.0,188.8,189.3004,121053.0,189.7825
2025-04-02 07:15:00,1743596100000,189.5099,189.59,188.5506,188.64,34939.0,189.0486
2025-04-02 07:30:00,1743597000000,188.74,188.9,188.6,188.89,38362.0,188.8
2025-04-02 07:45:00,1743597900000,188.89,189.09,188.83,189.0,35900.0,188.9479
2025-04-02 08:00:00,1743598800000,188.98,189.0493,188.75,188.86,34445.0,188.8741
2025-04-02 08:15:00,1743599700000,188.8975,188.9,187.4,187.66,158272.0,188.1322
2025-04-02 08:30:00,1743600600000,187.66,191.0,187.66,190.56,3600913.0,189.2184
2025-04-02 08:45:00,1743601500000,190.575,192.24,190.48,191.715,1386808.0,191.5294
2025-04-02 09:00:00,1743602400000,191.7,192.99,190.6066,191.39,1596410.0,191.9848
2025-04-02 09:15:00,1743603300000,191.3805,192.3,191.3146,192.18,843323.0,191.8339
2025-04-02 09:30:00,1743604200000,192.175,192.7,191.97,192.43,826423.0,192.3265
2025-04-02 09:45:00,1743605100000,192.44,192.75,192.03,192.365,794209.0,192.4114
2025-04-02 10:00:00,1743606000000,192.375,192.44,191.72,191.79,619477.0,192.0905
2025-04-02 10:15:00,1743606900000,191.7864,192.6886,191.76,192.365,649144.0,192.3267
2025-04-02 10:30:00,1743607800000,192.35,192.68,192.18,192.34,665162.0,192.48
2025-04-02 10:45:00,1743608700000,192.38,194.95,191.92,194.25,4377392.0,193.7668
2025-04-02 11:00:00,1743609600000,194.27,195.14,193.89,194.745,3208841.0,194.5669
2025-04-02 11:15:00,1743610500000,194.745,195.9994,194.7301,195.77,2691665.0,195.4667
2025-04-02 11:30:00,1743611400000,195.78,196.2,195.23,196.055,1758127.0,195.7815
2025-04-02 11:45:00,1743612300000,196.065,197.27,195.95,197.12,2342541.0,196.8052
2025-04-02 12:00:00,1743613200000,197.11,198.34,197.04,197.36,3312002.0,197.7555
2025-04-02 12:15:00,1743614100000,197.37,197.66,196.92,197.2353,1920669.0,197.2767
2025-04-02 12:30:00,1743615000000,197.215,197.31,196.26,196.69,1764194.0,196.6602
2025-04-02 12:45:00,1743615900000,196.69,196.75,196.08,196.48,1072501.0,196.3976
2025-04-02 13:00:00,1743616800000,196.4497,196.51,195.235,195.36,1147311.0,195.7366
2025-04-02 13:15:00,1743617700000,195.35,195.7,194.58,194.61,917102.0,195.2237
2025-04-02 13:30:00,1743618600000,194.6,195.86,194.525,195.6136,954961.0,195.3266
2025-04-02 13:45:00,1743619500000,195.58,195.64,194.65,194.65,736389.0,195.3019
2025-04-02 14:00:00,1743620400000,194.69,195.64,194.69,195.07,880086.0,195.3193
2025-04-02 14:15:00,1743621300000,195.07,195.97,194.84,195.89,1338513.0,195.2643
2025-04-02 14:30:00,1743622200000,195.85,196.88,195.615,196.705,1600335.0,196.5233
2025-04-02 14:45:00,1743623100000,196.73,197.43,195.96,195.965,3032400.0,196.6091
2025-04-02 15:00:00,1743624000000,196.01,197.9286,194.95,197.49,465734.0,196.0633
2025-04-02 15:15:00,1743624900000,197.57,199.79,190.64,190.64,698457.0,197.5996
2025-04-02 15:30:00,1743625800000,190.82,196.01,186.11,186.5,967653.0,189.9217
2025-04-02 15:45:00,1743626700000,186.5,196.01,186.0,187.55,587113.0,187.7572
2025-04-02 16:00:00,1743627600000,187.5,188.0,185.8,186.01,248067.0,187.1202
2025-04-02 16:15:00,1743628500000,186.08,186.92,185.46,185.85,251210.0,185.9582
2025-04-02 16:30:00,1743629400000,185.9992,187.6463,185.78,186.75,185510.0,186.5773
2025-04-02 16:45:00,1743630300000,186.99,186.99,185.05,185.28,115203.0,186.0965
2025-04-02 17:00:00,1743631200000,185.2,185.42,182.9767,183.99,353071.0,184.3349
2025-04-02 17:15:00,1743632100000,184.0,184.2,183.29,184.0,129416.0,183.6617
2025-04-02 17:30:00,1743633000000,184.0,184.967,183.49,183.8989,101103.0,184.2605
2025-04-02 17:45:00,1743633900000,183.85,184.89,183.5,184.84,117875.0,184.0928
2025-04-02 18:00:00,1743634800000,184.72,184.89,183.75,184.88,61870.0,184.3921
2025-04-02 18:15:00,1743635700000,184.88,184.88,184.3,184.5,43140.0,184.6409
2025-04-02 18:30:00,1743636600000,184.48,184.5,182.97,182.97,76409.0,183.5913
2025-04-02 18:45:00,1743637500000,182.99,184.0599,182.87,184.0599,100252.0,183.3212
2025-04-03 03:00:00,1743667200000,187.0,187.39,185.85,186.29,74360.0,186.4992
2025-04-03 03:15:00,1743668100000,186.2,186.5,185.8,186.25,27989.0,186.1985
2025-04-03 03:30:00,1743669000000,186.42,187.0,185.91,186.24,37319.0,186.4802
2025-04-03 03:45:00,1743669900000,186.11,186.52,185.77,186.41,17683.0,186.1415
2025-04-03 04:00:00,1743670800000,186.36,186.71,185.75,186.0,28690.0,186.2011
2025-04-03 04:15:00,1743671700000,185.99,186.38,185.69,185.69,22925.0,186.0755
2025-04-03 04:30:00,1743672600000,185.74,185.95,185.29,185.36,30739.0,185.6754
2025-04-03 04:45:00,1743673500000,185.38,185.38,184.38,184.85,43308.0,184.8833
2025-04-03 05:00:00,1743674400000,184.84,185.37,184.38,184.38,43194.0,184.8476
2025-04-03 05:15:00,1743675300000,184.48,184.56,183.98,184.31,33581.0,184.2812
2025-04-03 05:30:00,1743676200000,184.37,184.67,184.2,184.62,26729.0,184.4395
2025-04-03 05:45:00,1743677100000,184.8,184.82,183.61,183.95,50260.0,184.1149
2025-04-03 06:00:00,1743678000000,183.96,184.64,183.61,184.51,96797.0,184.0603
2025-04-03 06:15:00,1743678900000,184.5,184.56,183.3,183.62,92969.0,183.8091
2025-04-03 06:30:00,1743679800000,183.51,183.97,182.91,183.86,175197.0,183.2896
2025-04-03 06:45:00,1743680700000,183.85,183.85,183.31,183.73,68527.0,183.6226
2025-04-03 07:00:00,1743681600000,183.61,187.08,182.93,185.5,384468.0,184.5767
2025-04-03 07:15:00,1743682500000,185.5,185.5497,183.6,183.63,210591.0,184.5649
2025-04-03 07:30:00,1743683400000,183.7,183.95,182.29,182.5,282851.0,182.9446
2025-04-03 07:45:00,1743684300000,182.48,182.5,181.04,181.39,356345.0,181.7531
2025-04-03 08:00:00,1743685200000,181.39,182.4,181.39,181.5,373403.0,181.8187
2025-04-03 08:15:00,1743686100000,181.57,183.2,181.04,182.96,378125.0,181.981
2025-04-03 08:30:00,1743687000000,182.995,184.13,180.51,181.37,11827330.0,182.6606
2025-04-03 08:45:00,1743687900000,181.37,182.95,181.092,182.39,4874667.0,182.0393
2025-04-03 09:00:00,1743688800000,182.37,182.5,180.86,181.35,4254839.0,181.6517
2025-04-03 09:15:00,1743689700000,181.385,181.635,179.4,179.93,6913978.0,180.18
2025-04-03 09:30:00,1743690600000,179.92,180.16,177.66,177.95,6409806.0,178.5684
2025-04-03 09:45:00,1743691500000,177.95,179.05,176.92,178.505,4478938.0,177.8155
2025-04-03 10:00:00,1743692400000,178.49,179.98,178.45,179.6029,2831909.0,179.1782
2025-04-03 10:15:00,1743693300000,179.6067,180.775,179.52,180.12,3194157.0,180.0672
2025-04-03 10:30:00,1743694200000,180.11,182.0252,180.07,181.38,3295639.0,181.1925
2025-04-03 10:45:00,1743695100000,181.39,182.3936,181.0,181.86,2160002.0,181.5777
2025-04-03 11:00:00,1743696000000,181.86,182.69,181.67,182.28,2100279.0,182.1531
2025-04-03 11:15:00,1743696900000,182.29,182.83,182.0,182.81,1660071.0,182.2949
2025-04-03 11:30:00,1743697800000,182.8,182.95,181.79,181.94,1609078.0,182.2245
2025-04-03 11:45:00,1743698700000,181.9247,182.14,181.3236,182.0,1733580.0,181.7383
2025-04-03 12:00:00,1743699600000,182.005,182.55,181.65,181.87,1394552.0,182.0894
2025-04-03 12:15:00,1743700500000,181.82,181.95,180.91,181.052,1340005.0,181.3032
2025-04-03 12:30:00,1743701400000,181.03,181.5407,180.69,181.3259,1193619.0,181.1371
2025-04-03 12:45:00,1743702300000,181.28,181.5,180.48,180.495,1350829.0,180.9876
2025-04-03 13:00:00,1743703200000,180.48,180.8087,180.23,180.34,1225933.0,180.5864
2025-04-03 13:15:00,1743704100000,180.34,180.54,179.67,179.775,1720722.0,180.0718
2025-04-03 13:30:00,1743705000000,179.76,180.32,179.185,180.25,2212066.0,179.7431
2025-04-03 13:45:00,1743705900000,180.195,180.25,179.7702,180.01,1612785.0,180.0031
2025-04-03 14:00:00,1743706800000,180.0,180.06,178.72,179.33,2184754.0,179.3394
2025-04-03 14:15:00,1743707700000,179.35,179.39,178.215,178.32,2589881.0,178.5897
2025-04-03 14:30:00,1743708600000,178.32,178.705,177.88,178.6201,3330852.0,178.2428
2025-04-03 14:45:00,1743709500000,178.62,178.94,177.88,178.36,6272453.0,178.3299
2025-04-03 15:00:00,1743710400000,178.41,179.18,178.25,178.87,293989.0,178.514
2025-04-03 15:15:00,1743711300000,178.87,179.23,178.4342,178.49,154813.0,178.8811
2025-04-03 15:30:00,1743712200000,178.46,179.207,178.43,178.7,52340.0,178.7297
2025-04-03 15:45:00,1743713100000,178.7,178.99,178.5895,178.8288,58920.0,178.769
2025-04-03 16:00:00,1743714000000,178.83,179.17,178.41,179.0,60364.0,178.6116
2025-04-03 16:15:00,1743714900000,179.0,179.17,178.8,178.91,24106.0,178.9732
2025-04-03 16:30:00,1743715800000,179.0,179.05,178.88,178.99,16085.0,178.9532
2025-04-03 16:45:00,1743716700000,178.9899,179.1168,178.9565,178.97,13032.0,179.0094
2025-04-03 17:00:00,1743717600000,178.95,179.0,178.53,178.56,25870.0,178.7251
2025-04-03 17:15:00,1743718500000,178.56,178.76,178.01,178.3,25439.0,178.3754
2025-04-03 17:30:00,1743719400000,178.399,178.63,178.25,178.49,16137.0,178.4243
2025-04-03 17:45:00,1743720300000,178.4985,178.5,178.2,178.2,27200.0,178.2623
2025-04-03 18:00:00,1743721200000,178.25,178.29,178.02,178.2,39675.0,178.1215
2025-04-03 18:15:00,1743722100000,178.25,178.41,178.05,178.2548,31065.0,178.285
2025-04-03 18:30:00,1743723000000,178.33,178.5,178.23,178.4,11733.0,178.3746
2025-04-03 18:45:00,1743723900000,178.3683,178.74,178.32,178.68,31206.0,178.5883
2025-04-04 03:00:00,1743753600000,177.73,178.32,177.16,177.28,38414.0,177.4221
2025-04-04 03:15:00,1743754500000,177.37,177.86,177.24,177.83,15991.0,177.6104
2025-04-04 03:30:00,1743755400000,177.48,177.48,177.01,177.18,10292.0,177.2689
2025-04-04 03:45:00,1743756300000,177.34,177.49,176.65,176.65,27094.0,177.0654
2025-04-04 04:00:00,1743757200000,176.78,176.85,176.18,176.74,12969.0,176.553
2025-04-04 04:15:00,1743758100000,176.76,176.87,176.15,176.15,6977.0,176.535
2025-04-04 04:30:00,1743759000000,176.3,176.35,176.0,176.16,25868.0,176.2403
2025-04-04 04:45:00,1743759900000,176.06,176.24,175.89,175.93,10521.0,176.0034
2025-04-04 05:00:00,1743760800000,176.05,176.35,174.36,174.36,78314.0,175.2423
2025-04-04 05:15:00,1743761700000,174.21,174.26,167.28,167.28,324828.0,170.7296
2025-04-04 05:30:00,1743762600000,167.42,169.97,167.3,167.85,299705.0,168.5792
2025-04-04 05:45:00,1743763500000,167.61,169.5,166.81,167.0,222702.0,168.063
2025-04-04 06:00:00,1743764400000,167.0,169.51,166.99,167.91,309155.0,168.5354
2025-04-04 06:15:00,1743765300000,167.91,168.25,165.01,165.13,289385.0,167.086
2025-04-04 06:30:00,1743766200000,165.13,166.45,163.27,164.8,535687.0,164.9398
2025-04-04 06:45:00,1743767100000,164.73,168.0,164.69,167.26,314473.0,166.3466
2025-04-04 07:00:00,1743768000000,168.5,178.3,163.25,167.37,1039448.0,167.5037
2025-04-04 07:15:00,1743768900000,167.4153,168.1,166.7,167.7248,322714.0,167.2972
2025-04-04 07:30:00,1743769800000,167.62,168.4891,166.61,167.4,370501.0,167.4498
2025-04-04 07:45:00,1743770700000,167.46,168.6,166.7666,168.6,278227.0,167.8372
2025-04-04 08:00:00,1743771600000,168.68,178.41,168.6158,168.82,396023.0,169.1926
2025-04-04 08:15:00,1743772500000,168.75,169.3857,166.41,166.45,427235.0,168.1005
2025-04-04 08:30:00,1743773400000,167.145,172.11,166.0,171.4586,14159520.0,169.1473
2025-04-04 08:45:00,1743774300000,171.45,174.9,170.91,174.64,6351933.0,173.2541
2025-04-04 09:00:00,1743775200000,174.64,175.69,173.2,173.86,6771869.0,174.4412
2025-04-04 09:15:00,1743776100000,173.81,176.7995,173.5,174.0,5078128.0,175.1658
2025-04-04 09:30:00,1743777000000,174.0,174.65,171.88,171.96,4584718.0,173.2706
2025-04-04 09:45:00,1743777900000,171.93,173.08,170.0,172.75,6045831.0,171.9107
2025-04-04 10:00:00,1743778800000,172.69,177.3,172.36,176.88,4756716.0,175.1628
2025-04-04 10:15:00,1743779700000,176.87,178.1436,176.1304,176.285,5414340.0,177.2159
2025-04-04 10:30:00,1743780600000,176.28,177.39,175.6,176.27,3577551.0,176.5481
2025-04-04 10:45:00,1743781500000,176.27,177.72,175.58,175.715,2575711.0,176.6419
2025-04-04 11:00:00,1743782400000,175.71,177.44,175.63,177.1425,1970535.0,176.4952
2025-04-04 11:15:00,1743783300000,177.175,177.285,174.7298,174.86,2415026.0,175.4697
2025-04-04 11:30:00,1743784200000,174.83,175.28,173.905,173.99,2595181.0,174.5545
2025-04-04 11:45:00,1743785100000,173.97,175.16,173.44,174.765,2231089.0,174.2505
2025-04-04 12:00:00,1743786000000,174.76,175.87,174.41,174.705,3045967.0,175.1061
2025-04-04 12:15:00,1743786900000,174.65,175.01,173.73,174.8,2148430.0,174.3221
2025-04-04 12:30:00,1743787800000,174.775,176.0,174.1174,175.16,1961146.0,175.1226
2025-04-04 12:45:00,1743788700000,175.14,176.1,174.7905,176.0684,1747935.0,175.4882
2025-04-04 13:00:00,1743789600000,176.085,176.74,175.34,175.485,2060360.0,176.0217
2025-04-04 13:15:00,1743790500000,175.485,175.64,174.3,174.46,2877713.0,174.9078
2025-04-04 13:30:00,1743791400000,174.47,174.7894,172.8503,172.99,1997578.0,173.9597
2025-04-04 13:45:00,1743792300000,172.99,174.0,172.7403,173.445,1737506.0,173.5149
2025-04-04 14:00:00,1743793200000,173.45,174.61,172.5185,174.18,2284003.0,173.5192
2025-04-04 14:15:00,1743794100000,174.195,175.63,173.77,175.02,2999307.0,174.71
2025-04-04 14:30:00,1743795000000,175.01,176.71,174.81,176.14,3470159.0,175.9659
2025-04-04 14:45:00,1743795900000,176.11,176.41,170.71,170.98,8655450.0,172.4724
2025-04-04 15:00:00,1743796800000,170.9833,171.98,170.3,171.5098,1555222.0,171.039
2025-04-04 15:15:00,1743797700000,171.41,171.66,170.1,170.3,210744.0,171.008
2025-04-04 15:30:00,1743798600000,170.47,171.18,170.4135,171.15,108557.0,170.6782
2025-04-04 15:45:00,1743799500000,171.23,171.3396,171.0,171.05,88307.0,171.0978
2025-04-04 16:00:00,1743800400000,171.1,171.2,171.05,171.2,25606.0,171.119
2025-04-04 16:15:00,1743801300000,171.24,171.34,171.06,171.31,34256.0,171.2437
2025-04-04 16:30:00,1743802200000,171.31,172.61,171.31,172.5744,58534.0,172.1352
2025-04-04 16:45:00,1743803100000,172.4,172.4,171.5601,171.6,23230.0,171.9571
2025-04-04 17:00:00,1743804000000,171.72,171.72,171.2,171.26,21054.0,171.4029
2025-04-04 17:15:00,1743804900000,171.258,171.258,171.01,171.02,28846.0,171.0779
2025-04-04 17:30:00,1743805800000,171.05,171.1,170.77,170.8609,20899.0,170.9994
2025-04-04 17:45:00,1743806700000,170.8535,170.95,170.3017,170.43,20726.0,170.5512
2025-04-04 18:00:00,1743807600000,170.3172,170.4285,170.0,170.0001,26372.0,170.1479
2025-04-04 18:15:00,1743808500000,170.0,170.118,170.0,170.1,21178.0,170.0217
2025-04-04 18:30:00,1743809400000,170.05,170.1,169.8401,170.0,27510.0,169.9529
2025-04-04 18:45:00,1743810300000,170.09,170.25,169.77,170.2,29451.0,170.0489
2025-04-07 03:00:00,1744012800000,165.66,165.66,160.4,162.87,167341.0,162.6733
2025-04-07 03:15:00,1744013700000,163.0,164.5,162.91,164.0,84796.0,163.6976
2025-04-07 03:30:00,1744014600000,163.89,165.0,163.01,164.74,91647.0,164.3215
2025-04-07 03:45:00,1744015500000,164.64,165.2,164.1,164.44,77832.0,164.6364
2025-04-07 04:00:00,1744016400000,164.67,164.69,163.3,163.8,49489.0,163.9427
2025-04-07 04:15:00,1744017300000,163.73,163.84,163.04,163.84,36233.0,163.3773
2025-04-07 04:30:00,1744018200000,163.74,164.79,163.4,164.75,42922.0,164.1107
2025-04-07 04:45:00,1744019100000,164.71,165.29,164.3,164.42,39953.0,164.7869
2025-04-07 05:00:00,1744020000000,164.51,166.74,164.0,166.3,105743.0,165.6946
2025-04-07 05:15:00,1744020900000,166.5,167.98,166.4,166.99,88986.0,167.0963
2025-04-07 05:30:00,1744021800000,167.09,169.36,166.5,168.8,97053.0,168.0374
2025-04-07 05:45:00,1744022700000,168.8,169.01,167.0,167.47,92804.0,167.8595
2025-04-07 06:00:00,1744023600000,167.5,167.93,166.61,166.81,201231.0,167.2614
2025-04-07 06:15:00,1744024500000,166.81,167.81,166.26,167.44,124974.0,166.7515
2025-04-07 06:30:00,1744025400000,167.47,167.5,165.1,165.8,107369.0,166.1502
2025-04-07 06:45:00,1744026300000,165.75,166.44,165.1,166.35,129225.0,165.7392
2025-04-07 07:00:00,1744027200000,167.16,169.0,159.0,165.31,588180.0,164.1656
2025-04-07 07:15:00,1744028100000,165.49,168.0,165.1025,167.6467,225269.0,166.0205
2025-04-07 07:30:00,1744029000000,167.65,168.38,166.82,167.01,210408.0,167.5536
2025-04-07 07:45:00,1744029900000,167.14,168.8,166.08,168.06,188006.0,167.8157
2025-04-07 08:00:00,1744030800000,167.89,167.9899,166.46,167.1,1113484.0,170.5996
2025-04-07 08:15:00,1744031700000,167.18,167.25,161.19,161.5901,760777.0,163.8662
2025-04-07 08:30:00,1744032600000,162.0,165.7597,161.38,165.6506,12265418.0,163.6393
2025-04-07 08:45:00,1744033500000,165.64,171.58,165.21,171.17,7730385.0,169.096
2025-04-07 09:00:00,1744034400000,171.17,181.07,169.59,179.05,7983442.0,174.2549
2025-04-07 09:15:00,1744035300000,178.97,183.4099,172.53,173.3,9135759.0,177.7899
2025-04-07 09:30:00,1744036200000,173.2001,176.705,170.745,174.25,4460458.0,173.0545
2025-04-07 09:45:00,1744037100000,174.29,177.34,172.31,175.7599,3559858.0,175.0639
2025-04-07 10:00:00,1744038000000,175.72,176.64,170.35,171.095,3764633.0,174.4942
2025-04-07 10:15:00,1744038900000,171.08,173.01,169.69,170.89,4160977.0,171.2465
2025-04-07 10:30:00,1744039800000,170.94,174.45,170.93,174.1345,2355255.0,172.6319
2025-04-07 10:45:00,1744040700000,174.11,174.28,172.5,172.78,1553428.0,173.2918
2025-04-07 11:00:00,1744041600000,172.753,172.86,170.56,171.525,1645325.0,171.5657
2025-04-07 11:15:00,1744042500000,171.4853,173.3598,170.88,172.515,1784899.0,172.1384
2025-04-07 11:30:00,1744043400000,172.55,173.22,171.9,172.315,1443998.0,172.5696
2025-04-07 11:45:00,1744044300000,172.31,172.31,170.6412,170.99,1442476.0,171.5083
2025-04-07 12:00:00,1744045200000,170.96,174.15,170.89,174.0,2280800.0,172.3057
2025-04-07 12:15:00,1744046100000,174.025,175.08,173.6026,174.78,2675924.0,174.344
2025-04-07 12:30:00,1744047000000,174.78,175.61,173.54,175.47,1973247.0,174.7875
2025-04-07 12:45:00,1744047900000,175.44,176.84,174.4,176.66,2779665.0,176.0412
2025-04-07 13:00:00,1744048800000,176.65,176.85,175.2,175.27,2075402.0,176.0749
2025-04-07 13:15:00,1744049700000,175.2,177.22,174.86,174.96,2280808.0,176.1133
2025-04-07 13:30:00,1744050600000,174.97,177.15,174.93,176.115,2089236.0,176.0597
2025-04-07 13:45:00,1744051500000,176.1399,176.77,174.43,174.85,1660533.0,175.5207
2025-04-07 14:00:00,1744052400000,174.85,176.04,173.62,174.175,1996368.0,174.8068
2025-04-07 14:15:00,1744053300000,174.14,175.39,173.45,173.8199,2117824.0,174.444
2025-04-07 14:30:00,1744054200000,173.795,176.41,173.5996,173.685,2672733.0,175.1328
2025-04-07 14:45:00,1744055100000,173.675,175.68,173.5,175.45,5826760.0,174.7796
2025-04-07 15:00:00,1744056000000,175.26,177.77,175.26,177.0,678373.0,175.6117
2025-04-07 15:15:00,1744056900000,177.0,177.6,175.26,177.0,83034.0,177.1264
2025-04-07 15:30:00,1744057800000,176.94,177.3985,176.64,177.25,42681.0,177.0977
2025-04-07 15:45:00,1744058700000,177.27,177.27,176.6102,176.8,42824.0,176.9013
2025-04-07 16:00:00,1744059600000,176.7,177.25,175.26,177.1648,24484.0,176.8595
2025-04-07 16:15:00,1744060500000,177.0,177.2,176.7,176.86,18704.0,176.8437
2025-04-07 16:30:00,1744061400000,176.86,176.86,176.6409,176.83,13996.0,176.7882
2025-04-07 16:45:00,1744062300000,176.75,177.0,176.6,176.99,12090.0,176.7556
2025-04-07 17:00:00,1744063200000,177.0,177.3489,176.8,177.34,16221.0,177.0173
2025-04-07 17:15:00,1744064100000,177.3,177.5,177.05,177.47,14353.0,177.386
2025-04-07 17:30:00,1744065000000,177.49,178.23,177.3015,178.0045,47722.0,177.7966
2025-04-07 17:45:00,1744065900000,178.13,178.45,177.5828,178.45,24637.0,178.1406
2025-04-07 18:00:00,1744066800000,178.48,179.0,178.363,178.9975,36902.0,178.7409
2025-04-07 18:15:00,1744067700000,178.9996,179.1,178.46,178.9805,31256.0,178.8383
2025-04-07 18:30:00,1744068600000,178.9519,179.0,178.68,178.78,21625.0,178.8256
2025-04-07 18:45:00,1744069500000,178.78,179.2599,178.7413,179.01,58094.0,178.999
2025-04-08 03:00:00,1744099200000,179.0,180.46,178.69,178.9,72977.0,179.6728
2025-04-08 03:15:00,1744100100000,178.82,179.36,178.17,178.45,47767.0,178.7401
2025-04-08 03:30:00,1744101000000,178.35,179.49,178.35,179.3,19869.0,179.0641
2025-04-08 03:45:00,1744101900000,179.32,179.54,178.83,179.51,21047.0,179.1992
2025-04-08 04:00:00,1744102800000,179.52,179.52,179.0,179.45,12603.0,179.3223
2025-04-08 04:15:00,1744103700000,179.44,179.55,178.83,178.94,22866.0,179.1853
2025-04-08 04:30:00,1744104600000,178.98,179.33,178.73,179.33,17074.0,179.0574
2025-04-08 04:45:00,1744105500000,179.17,179.17,178.24,178.24,19347.0,178.7404
2025-04-08 05:00:00,1744106400000,178.14,178.95,178.0,178.3,14964.0,178.5498
2025-04-08 05:15:00,1744107300000,178.17,178.92,177.96,178.46,23144.0,178.2657
2025-04-08 05:30:00,1744108200000,178.39,179.2,178.33,179.06,33632.0,178.869
2025-04-08 05:45:00,1744109100000,178.8,178.8,178.31,178.62,11225.0,178.6498
2025-04-08 06:00:00,1744110000000,178.91,179.9,178.78,179.4,72834.0,179.2659
2025-04-08 06:15:00,1744110900000,179.3,180.15,179.0,180.09,55138.0,179.7012
2025-04-08 06:30:00,1744111800000,180.16,181.07,180.0,180.97,75854.0,180.5229
2025-04-08 06:45:00,1744112700000,181.02,182.05,180.85,181.85,89920.0,181.4969
2025-04-08 07:00:00,1744113600000,179.16,182.5,177.54,182.05,413260.0,180.7591
2025-04-08 07:15:00,1744114500000,182.02,182.49,181.35,181.67,167432.0,181.8274
2025-04-08 07:30:00,1744115400000,181.62,181.99,181.33,181.7495,158185.0,181.5615
2025-04-08 07:45:00,1744116300000,181.7,183.0,181.43,182.9,166205.0,182.172
2025-04-08 08:00:00,1744117200000,182.87,183.87,182.51,183.75,340690.0,181.361
2025-04-08 08:15:00,1744118100000,183.78,186.45,183.5,185.24,717950.0,184.6997
2025-04-08 08:30:00,1744119000000,185.23,185.9,180.19,180.6457,9405849.0,182.9784
2025-04-08 08:45:00,1744119900000,180.635,182.71,180.185,182.195,4628637.0,181.4828
2025-04-08 09:00:00,1744120800000,182.195,183.79,181.82,183.1,3769361.0,182.9705
2025-04-08 09:15:00,1744121700000,183.11,183.72,180.4,182.2045,2761082.0,183.1569
2025-04-08 09:30:00,1744122600000,182.21,183.09,181.55,181.6,2385375.0,182.3191
2025-04-08 09:45:00,1744123500000,181.58,182.2,180.57,180.62,2168662.0,181.2684
2025-04-08 10:00:00,1744124400000,180.63,180.965,178.5,178.865,2601986.0,179.7951
2025-04-08 10:15:00,1744125300000,178.88,179.65,178.12,178.151,2146809.0,178.8523
2025-04-08 10:30:00,1744126200000,178.145,179.1,177.59,178.75,2351055.0,178.3213
2025-04-08 10:45:00,1744127100000,178.73,179.16,177.6,178.36,1329720.0,178.3467
2025-04-08 11:00:00,1744128000000,178.3696,178.7886,177.77,178.0927,1993386.0,178.2073
2025-04-08 11:15:00,1744128900000,178.07,178.1199,176.085,177.16,2175322.0,176.8921
2025-04-08 11:30:00,1744129800000,177.15,177.4486,175.02,175.87,2291237.0,175.9972
2025-04-08 11:45:00,1744130700000,175.835,177.57,175.386,175.44,2271225.0,176.4374
2025-04-08 12:00:00,1744131600000,175.44,176.07,174.2,174.715,2496075.0,174.9427
2025-04-08 12:15:00,1744132500000,174.73,175.78,173.71,173.725,1728411.0,174.7768
2025-04-08 12:30:00,1744133400000,173.71,176.3,173.4,175.805,2317421.0,174.6555
2025-04-08 12:45:00,1744134300000,175.825,175.8786,174.4,175.14,1601404.0,175.1039
2025-04-08 13:00:00,1744135200000,175.11,175.18,173.7,173.91,1155237.0,174.4064
2025-04-08 13:15:00,1744136100000,173.91,175.34,173.74,173.97,1454049.0,174.5074
2025-04-08 13:30:00,1744137000000,173.975,175.57,173.18,173.3926,2559683.0,173.6218
2025-04-08 13:45:00,1744137900000,173.39,174.37,172.69,172.745,1794185.0,173.3562
2025-04-08 14:00:00,1744138800000,172.73,172.98,170.23,170.2801,2713468.0,171.6101
2025-04-08 14:15:00,1744139700000,170.33,171.77,169.15,171.335,4093628.0,170.3276
2025-04-08 14:30:00,1744140600000,171.3457,171.36,169.32,169.32,3100529.0,170.3689
2025-04-08 14:45:00,1744141500000,169.34,171.38,168.57,171.09,7325125.0,170.232
2025-04-08 15:00:00,1744142400000,170.66,172.3772,170.65,171.37,716994.0,171.0455
2025-04-08 15:15:00,1744143300000,171.36,171.75,170.46,171.16,137884.0,171.1249
2025-04-08 15:30:00,1744144200000,171.16,172.06,171.1,172.01,92048.0,171.7113
2025-04-08 15:45:00,1744145100000,172.06,172.5,170.66,172.41,81094.0,172.1476
2025-04-08 16:00:00,1744146000000,172.39,172.45,171.83,171.85,56407.0,172.0495
2025-04-08 16:15:00,1744146900000,171.85,172.1,171.7,171.76,22995.0,171.8621
2025-04-08 16:30:00,1744147800000,171.7501,172.306,171.25,171.7905,33101.0,171.9575
2025-04-08 16:45:00,1744148700000,171.8,172.45,171.8,172.01,14776.0,172.1682
2025-04-08 17:00:00,1744149600000,171.75,172.0,169.76,169.98,68530.0,170.5408
2025-04-08 17:15:00,1744150500000,170.02,170.07,168.78,169.2002,46219.0,169.3054
2025-04-08 17:30:00,1744151400000,169.22,169.6,168.61,169.0,31299.0,169.1082
2025-04-08 17:45:00,1744152300000,169.3,169.779,169.2,169.59,21558.0,169.4505
2025-04-08 18:00:00,1744153200000,169.6201,169.6981,169.0,169.0,13032.0,169.2839
2025-04-08 18:15:00,1744154100000,169.0,169.0,167.25,167.7854,51556.0,168.2613
2025-04-08 18:30:00,1744155000000,167.53,168.5,167.1,167.83,41853.0,167.7517
2025-04-08 18:45:00,1744155900000,167.8,168.49,167.6167,168.34,36502.0,168.1411
2025-04-09 03:00:00,1744185600000,172.75,173.99,171.15,171.49,69678.0,172.5486
2025-04-09 03:15:00,1744186500000,171.79,172.92,171.25,171.62,32520.0,172.0765
2025-04-09 03:30:00,1744187400000,171.39,171.71,170.0,171.4,37632.0,170.972
2025-04-09 03:45:00,1744188300000,171.81,172.85,171.61,172.6,34409.0,172.0246
2025-04-09 04:00:00,1744189200000,172.83,172.98,172.2,172.58,25181.0,172.6714
2025-04-09 04:15:00,1744190100000,172.6,172.62,171.34,171.9,15365.0,172.1037
2025-04-09 04:30:00,1744191000000,171.89,172.17,171.1,171.19,16930.0,171.6276
2025-04-09 04:45:00,1744191900000,171.25,171.66,170.74,171.35,21145.0,171.281
2025-04-09 05:00:00,1744192800000,171.34,171.66,170.5,171.43,18654.0,171.1084
2025-04-09 05:15:00,1744193700000,171.61,171.61,170.01,170.67,26747.0,170.5334
2025-04-09 05:30:00,1744194600000,170.72,171.28,169.87,170.84,33364.0,170.6757
2025-04-09 05:45:00,1744195500000,171.01,172.98,170.94,171.91,73218.0,172.471
2025-04-09 06:00:00,1744196400000,172.2,173.0,168.28,169.7,177173.0,169.9603
2025-04-09 06:15:00,1744197300000,169.7,171.0,168.78,169.43,64885.0,169.6252
2025-04-09 06:30:00,1744198200000,169.28,169.3,167.41,167.63,86472.0,168.2372
2025-04-09 06:45:00,1744199100000,167.44,169.4,166.92,167.77,111687.0,167.8585
2025-04-09 07:00:00,1744200000000,170.69,173.52,166.0,168.9,364806.0,169.0581
2025-04-09 07:15:00,1744200900000,168.73,169.0,167.5,168.01,69718.0,168.2131
2025-04-09 07:30:00,1744201800000,168.3,169.33,167.38,169.33,74081.0,168.0394
2025-04-09 07:45:00,1744202700000,169.32,171.7,169.17,170.0545,162599.0,170.5274
2025-04-09 08:00:00,1744203600000,170.83,172.45,170.0,171.25,193141.0,171.2146
2025-04-09 08:15:00,1744204500000,171.26,172.26,170.1,172.18,113125.0,171.3249
2025-04-09 08:30:00,1744205400000,172.115,174.065,171.04,172.3,5949877.0,172.4486
2025-04-09 08:45:00,1744206300000,172.31,174.3602,171.72,173.81,3336811.0,173.3817
2025-04-09 09:00:00,1744207200000,173.8,175.52,172.45,172.81,3302733.0,174.0509
2025-04-09 09:15:00,1744208100000,172.8,174.65,172.0,173.605,2713214.0,173.5946
2025-04-09 09:30:00,1744209000000,173.64,175.15,173.34,173.46,2948345.0,174.3093
2025-04-09 09:45:00,1744209900000,173.47,173.66,171.01,171.04,2967951.0,172.1244
2025-04-09 10:00:00,1744210800000,171.04,172.3,170.13,171.835,2759132.0,171.1519
2025-04-09 10:15:00,1744211700000,171.83,173.02,171.66,171.685,1965865.0,172.5568
2025-04-09 10:30:00,1744212600000,171.685,172.11,170.615,170.74,1651740.0,171.3011
2025-04-09 10:45:00,1744213500000,170.77,172.29,170.3,170.505,1912195.0,171.2525
2025-04-09 11:00:00,1744214400000,170.49,172.11,169.93,171.93,1718471.0,170.6894
2025-04-09 11:15:00,1744215300000,171.91,172.28,171.468,171.565,1410294.0,171.9218
2025-04-09 11:30:00,1744216200000,171.565,172.33,171.26,171.8799,954916.0,171.884
2025-04-09 11:45:00,1744217100000,171.875,172.53,171.75,171.9896,1546631.0,172.1713
2025-04-09 12:00:00,1744218000000,172.0,173.4399,171.68,171.98,2585467.0,172.5919
2025-04-09 12:15:00,1744218900000,172.0,185.98,170.16,181.27,9054522.0,179.2609
2025-04-09 12:30:00,1744219800000,181.28,186.22,181.18,182.81,6894505.0,183.6666
2025-04-09 12:45:00,1744220700000,182.85,186.37,182.2201,186.09,4841466.0,184.5087
2025-04-09 13:00:00,1744221600000,186.09,187.92,185.3,187.2687,5012830.0,186.7912
2025-04-09 13:15:00,1744222500000,187.28,188.74,186.02,188.415,4277128.0,187.3867
2025-04-09 13:30:00,1744223400000,188.41,189.14,186.405,186.79,4018711.0,188.1815
2025-04-09 13:45:00,1744224300000,186.75,187.63,185.85,186.105,3204995.0,186.7578
2025-04-09 14:00:00,1744225200000,186.105,187.98,185.43,187.885,3885730.0,186.5367
2025-04-09 14:15:00,1744226100000,187.91,189.72,187.02,189.35,3912765.0,188.7641
2025-04-09 14:30:00,1744227000000,189.33,190.57,188.76,189.675,4307606.0,189.7543
2025-04-09 14:45:00,1744227900000,189.675,192.65,188.96,190.95,9261518.0,191.0491
2025-04-09 15:00:00,1744228800000,191.1,192.4432,190.0536,190.48,739872.0,191.0527
2025-04-09 15:15:00,1744229700000,190.5,191.1,190.3101,190.79,72404.0,190.7901
2025-04-09 15:30:00,1744230600000,190.8,191.24,190.6,191.15,57562.0,190.9552
2025-04-09 15:45:00,1744231500000,191.02,192.25,190.8573,192.25,87589.0,191.6115
2025-04-09 16:00:00,1744232400000,192.27,194.36,192.25,194.08,120106.0,193.3041
2025-04-09 16:15:00,1744233300000,194.05,194.2,192.5,192.5,87510.0,193.194
2025-04-09 16:30:00,1744234200000,192.64,192.64,191.4,191.5103,70697.0,191.909
2025-04-09 16:45:00,1744235100000,191.52,191.85,190.66,191.05,38500.0,191.1774
2025-04-09 17:00:00,1744236000000,191.2,192.4186,190.6,191.7,43859.0,191.4276
2025-04-09 17:15:00,1744236900000,191.71,192.44,191.51,191.88,44085.0,191.9606
2025-04-09 17:30:00,1744237800000,191.98,192.0,191.69,192.0,27234.0,191.8792
2025-04-09 17:45:00,1744238700000,192.11,192.7996,191.86,192.536,26784.0,192.2926
2025-04-09 18:00:00,1744239600000,192.8,193.0,192.0,192.4,46885.0,192.5221
2025-04-09 18:15:00,1744240500000,192.58,192.75,192.0427,192.4,28648.0,192.4644
2025-04-09 18:30:00,1744241400000,192.4,192.5,192.2537,192.41,15855.0,192.3838
2025-04-09 18:45:00,1744242300000,192.45,192.55,191.62,191.97,37053.0,192.0415
2025-04-10 03:00:00,1744272000000,190.79,190.79,186.99,187.13,61929.0,187.5473
2025-04-10 03:15:00,1744272900000,187.0,187.3,186.5,186.76,50747.0,186.8461
2025-04-10 03:30:00,1744273800000,186.59,186.62,185.1,186.35,55653.0,185.7744
2025-04-10 03:45:00,1744274700000,186.21,186.64,185.49,185.58,33752.0,186.0053
2025-04-10 04:00:00,1744275600000,185.64,186.61,185.48,186.58,24725.0,186.1078
2025-04-10 04:15:00,1744276500000,186.6,187.0,186.33,186.38,25649.0,186.5835
2025-04-10 04:30:00,1744277400000,186.42,187.1,186.25,186.25,16751.0,186.7897
2025-04-10 04:45:00,1744278300000,186.22,186.76,186.09,186.53,18287.0,186.4739
2025-04-10 05:00:00,1744279200000,186.56,187.5,186.56,187.46,43000.0,187.109
2025-04-10 05:15:00,1744280100000,187.49,187.7,186.77,186.98,24815.0,187.227
2025-04-10 05:30:00,1744281000000,187.0,187.5,186.91,186.92,29303.0,187.1198
2025-04-10 05:45:00,1744281900000,186.89,186.89,185.85,186.32,23750.0,186.3519
2025-04-10 06:00:00,1744282800000,186.33,186.93,186.22,186.38,75214.0,186.4665
2025-04-10 06:15:00,1744283700000,186.46,187.0,186.37,186.7,31865.0,186.6877
2025-04-10 06:30:00,1744284600000,186.59,187.27,186.4,186.88,39171.0,186.8918
2025-04-10 06:45:00,1744285500000,186.86,187.09,186.71,187.09,13494.0,186.8834
2025-04-10 07:00:00,1744286400000,186.41,191.33,185.4312,185.75,309812.0,187.5259
2025-04-10 07:15:00,1744287300000,185.69,185.93,185.24,185.93,109108.0,185.566
2025-04-10 07:30:00,1744288200000,185.93,188.0,185.05,185.88,295580.0,186.4381
2025-04-10 07:45:00,1744289100000,185.72,186.48,185.1,186.3019,142735.0,185.8365
2025-04-10 08:00:00,1744290000000,186.37,186.54,184.78,185.0,166821.0,185.7936
2025-04-10 08:15:00,1744290900000,185.0,186.08,184.9,185.46,95910.0,185.646
2025-04-10 08:30:00,1744291800000,185.44,186.4,183.7491,184.34,5335096.0,185.2054
2025-04-10 08:45:00,1744292700000,184.3,186.07,184.03,184.38,2274249.0,185.0911
2025-04-10 09:00:00,1744293600000,184.38,185.09,183.4,184.36,2130875.0,184.3223
2025-04-10 09:15:00,1744294500000,184.32,185.5797,183.76,184.595,1524340.0,184.7856
2025-04-10 09:30:00,1744295400000,184.65,186.8692,184.61,185.59,1796610.0,186.0907
2025-04-10 09:45:00,1744296300000,185.63,185.79,182.74,182.815,2148830.0,184.2072
2025-04-10 10:00:00,1744297200000,182.815,184.15,182.295,183.21,1842049.0,183.1639
2025-04-10 10:15:00,1744298100000,183.19,183.38,182.5623,182.58,1101117.0,183.0215
2025-04-10 10:30:00,1744299000000,182.6,182.85,180.77,180.88,2099353.0,181.8366
2025-04-10 10:45:00,1744299900000,180.8786,181.5,179.44,179.495,2168693.0,180.5251
2025-04-10 11:00:00,1744300800000,179.48,179.93,177.91,178.04,2797533.0,178.9503
2025-04-10 11:15:00,1744301700000,178.0,178.35,175.8518,176.49,2596113.0,177.1444
2025-04-10 11:30:00,1744302600000,176.47,179.0,176.32,178.78,2417170.0,177.9825
2025-04-10 11:45:00,1744303500000,178.77,179.85,177.49,179.581,1816288.0,178.6858
2025-04-10 12:00:00,1744304400000,179.56,181.6,177.53,178.07,3669820.0,179.426
2025-04-10 12:15:00,1744305300000,177.9875,180.39,177.0,180.255,1626187.0,178.4472
2025-04-10 12:30:00,1744306200000,180.22,181.31,179.85,181.21,1543217.0,180.3701
2025-04-10 12:45:00,1744307100000,181.21,182.3533,180.39,181.77,1657432.0,181.3921
2025-04-10 13:00:00,1744308000000,181.785,183.11,179.9769,180.128,1721419.0,181.7491
2025-04-10 13:15:00,1744308900000,180.14,183.005,179.8,182.894,1435781.0,181.7269
2025-04-10 13:30:00,1744309800000,182.91,183.2,181.4002,182.7,1437278.0,182.4348
2025-04-10 13:45:00,1744310700000,182.69,182.73,180.88,181.74,1437157.0,181.7633
2025-04-10 14:00:00,1744311600000,181.79,182.97,180.82,181.239,1469454.0,181.8943
2025-04-10 14:15:00,1744312500000,181.14,182.42,180.0594,180.1,1535497.0,181.3998
2025-04-10 14:30:00,1744313400000,180.095,181.3292,178.77,179.005,1836269.0,180.1139
2025-04-10 14:45:00,1744314300000,179.02,181.72,178.57,181.04,5577602.0,180.5032
2025-04-10 15:00:00,1744315200000,181.22,181.85,180.5,181.5,952175.0,181.2339
2025-04-10 15:15:00,1744316100000,181.7999,181.7999,180.68,181.0,45255.0,181.078
2025-04-10 15:30:00,1744317000000,180.99,181.0,180.2617,180.34,33996.0,180.8446
2025-04-10 15:45:00,1744317900000,180.3,181.15,180.2601,181.15,25081.0,180.264
2025-04-10 16:00:00,1744318800000,181.14,181.22,181.0644,181.15,11407.0,181.146
2025-04-10 16:15:00,1744319700000,181.0,181.1,180.7605,181.03,15317.0,180.8906
2025-04-10 16:30:00,1744320600000,180.9,181.0,180.3093,180.41,26488.0,180.6688
2025-04-10 16:45:00,1744321500000,180.3442,180.644,180.3442,180.52,12466.0,180.4974
2025-04-10 17:00:00,1744322400000,180.45,181.5,180.45,181.2,18782.0,181.1507
2025-04-10 17:15:00,1744323300000,181.0,181.22,180.7,181.15,8502.0,180.9742
2025-04-10 17:30:00,1744324200000,181.2,181.8,181.2,181.75,23599.0,181.5975
2025-04-10 17:45:00,1744325100000,181.77,182.22,181.4,181.4,37652.0,181.7869
2025-04-10 18:00:00,1744326000000,181.4,181.5,180.7093,180.7093,37843.0,181.0514
2025-04-10 18:15:00,1744326900000,180.97,180.9973,180.05,180.15,16631.0,180.5476
2025-04-10 18:30:00,1744327800000,180.0782,180.313,179.6,179.9878,22932.0,179.941
2025-04-10 18:45:00,1744328700000,179.9897,179.99,179.1401,179.34,30438.0,179.4729
2025-04-11 03:00:00,1744358400000,182.22,183.5,181.4,181.98,43859.0,181.8451
2025-04-11 03:15:00,1744359300000,181.81,181.81,180.22,180.64,25498.0,180.9356
2025-04-11 03:30:00,1744360200000,180.86,180.92,179.37,179.86,28941.0,180.1426
2025-04-11 03:45:00,1744361100000,179.67,180.37,179.67,180.22,6034.0,180.0311
2025-04-11 04:00:00,1744362000000,180.25,180.66,179.98,180.23,12106.0,180.3681
2025-04-11 04:15:00,1744362900000,180.5,181.19,180.41,180.8,9950.0,180.7446
2025-04-11 04:30:00,1744363800000,180.88,181.63,180.88,181.63,10925.0,181.2149
2025-04-11 04:45:00,1744364700000,181.65,182.51,181.44,182.38,17638.0,181.9884
2025-04-11 05:00:00,1744365600000,182.88,182.95,182.39,182.52,16890.0,182.6024
2025-04-11 05:15:00,1744366500000,182.55,183.16,182.35,183.14,19123.0,182.6861
2025-04-11 05:30:00,1744367400000,182.92,183.04,182.69,182.8,12023.0,182.9154
2025-04-11 05:45:00,1744368300000,182.68,182.91,182.11,182.78,13769.0,182.5283
2025-04-11 06:00:00,1744369200000,182.8,182.86,182.15,182.45,33227.0,182.5215
2025-04-11 06:15:00,1744370100000,182.55,182.55,181.01,181.5,24617.0,181.5216
2025-04-11 06:30:00,1744371000000,181.63,181.8,180.94,181.14,17997.0,181.3258
2025-04-11 06:45:00,1744371900000,181.14,181.79,180.25,181.29,51466.0,181.0394
2025-04-11 07:00:00,1744372800000,182.8,184.39,180.3,181.0,191224.0,182.1549
2025-04-11 07:15:00,1744373700000,181.0,181.85,180.72,181.41,34876.0,181.2401
2025-04-11 07:30:00,1744374600000,181.59,182.57,181.35,181.52,68862.0,181.9482
2025-04-11 07:45:00,1744375500000,181.52,181.52,179.9451,179.9451,81069.0,180.5254
2025-04-11 08:00:00,1744376400000,180.0,180.1179,178.58,178.89,152036.0,179.4553
2025-04-11 08:15:00,1744377300000,178.85,180.33,178.7,179.88,140537.0,179.2977
2025-04-11 08:30:00,1744378200000,179.93,182.27,179.01,181.68,3344267.0,180.3112
2025-04-11 08:45:00,1744379100000,181.7,182.53,181.17,181.36,2045390.0,181.9118
2025-04-11 09:00:00,1744380000000,181.33,182.0,179.7,180.72,2225252.0,180.8807
2025-04-11 09:15:00,1744380900000,180.7,181.3,178.14,178.28,1910248.0,179.3255
2025-04-11 09:30:00,1744381800000,178.31,180.45,178.0,180.385,1543061.0,179.402
2025-04-11 09:45:00,1744382700000,180.36,181.0799,179.3,179.37,1484220.0,180.3683
2025-04-11 10:00:00,1744383600000,179.35,180.96,178.4,178.5,1553360.0,179.227
2025-04-11 10:15:00,1744384500000,178.47,179.72,178.2,179.53,1293001.0,178.8659
2025-04-11 10:30:00,1744385400000,179.53,180.85,179.3,180.4,1033905.0,180.0472
2025-04-11 10:45:00,1744386300000,180.42,181.13,179.94,181.04,986854.0,180.5412
2025-04-11 11:00:00,1744387200000,181.0103,181.54,180.545,181.2664,940074.0,181.0462
2025-04-11 11:15:00,1744388100000,181.245,181.62,180.5306,181.2225,1119487.0,181.1893
2025-04-11 11:30:00,1744389000000,181.24,183.2483,181.21,183.06,1195651.0,182.457
2025-04-11 11:45:00,1744389900000,183.09,184.04,182.82,183.35,2023717.0,183.5488
2025-04-11 12:00:00,1744390800000,183.39,183.86,182.65,182.87,1012182.0,183.256
2025-04-11 12:15:00,1744391700000,182.87,183.25,182.0,182.89,1152315.0,182.6789
2025-04-11 12:30:00,1744392600000,182.89,184.5,182.17,184.3,1556418.0,183.3852
2025-04-11 12:45:00,1744393500000,184.305,184.75,183.61,184.01,1387980.0,184.1666
2025-04-11 13:00:00,1744394400000,184.02,184.23,183.23,184.0,1249207.0,183.7735
2025-04-11 13:15:00,1744395300000,184.02,184.3112,183.065,183.575,950408.0,183.5994
2025-04-11 13:30:00,1744396200000,183.56,184.03,183.35,183.845,780560.0,183.6887
2025-04-11 13:45:00,1744397100000,183.87,184.14,183.275,183.48,1279747.0,183.7645
2025-04-11 14:00:00,1744398000000,183.46,184.425,183.435,184.385,965980.0,184.0508
2025-04-11 14:15:00,1744398900000,184.385,184.73,183.93,184.48,1220483.0,184.3995
2025-04-11 14:30:00,1744399800000,184.485,184.91,184.0,184.87,1606838.0,184.5158
2025-04-11 14:45:00,1744400700000,184.86,185.86,184.5209,184.79,5734827.0,184.9822
2025-04-11 15:00:00,1744401600000,184.87,185.33,184.7,185.1,408843.0,184.8743
2025-04-11 15:15:00,1744402500000,185.0999,185.29,184.87,185.0045,32231.0,185.1453
2025-04-11 15:30:00,1744403400000,185.1,185.15,185.0022,185.021,317118.0,184.8777
2025-04-11 15:45:00,1744404300000,185.03,185.1005,185.0,185.06,14865.0,185.2208
2025-04-11 16:00:00,1744405200000,185.06,185.18,185.0,185.18,27364.0,185.0589
2025-04-11 16:15:00,1744406100000,185.12,185.2,184.87,185.2,47220.0,184.9765
2025-04-11 16:30:00,1744407000000,185.19,185.19,185.0,185.005,16592.0,185.0986
2025-04-11 16:45:00,1744407900000,185.08,185.12,185.0,185.0,2419.0,185.0553
2025-04-11 17:00:00,1744408800000,185.0,185.04,184.99,184.9999,8718.0,184.997
2025-04-11 17:15:00,1744409700000,184.99,185.078,184.58,184.58,14854.0,184.8993
2025-04-11 17:30:00,1744410600000,184.8506,184.8506,184.6001,184.75,7527.0,184.5632
2025-04-11 17:45:00,1744411500000,184.71,184.7493,184.6757,184.6757,1142.0,184.7096
2025-04-11 18:00:00,1744412400000,184.73,184.7726,184.71,184.7456,2004.0,184.7285
2025-04-11 18:15:00,1744413300000,184.7486,184.7486,184.69,184.7005,3677.0,184.7118
2025-04-11 18:30:00,1744414200000,184.7017,184.8581,184.7017,184.8581,4476.0,184.7594
2025-04-11 18:45:00,1744415100000,184.75,185.09,184.7217,185.0,11461.0,184.9092
2025-04-14 03:00:00,1744617600000,187.0,188.26,185.95,187.84,37444.0,187.8023
2025-04-14 03:15:00,1744618500000,187.93,188.1,187.89,187.99,14610.0,187.994
2025-04-14 03:30:00,1744619400000,187.96,188.1,187.7,187.97,23081.0,187.9537
2025-04-14 03:45:00,1744620300000,188.01,188.19,187.65,187.77,20628.0,187.9213
2025-04-14 04:00:00,1744621200000,187.77,188.2,187.77,187.84,13908.0,187.9969
2025-04-14 04:15:00,1744622100000,188.0,188.0,187.67,187.68,10192.0,187.7814
2025-04-14 04:30:00,1744623000000,187.68,187.69,186.65,186.97,19971.0,187.1496
2025-04-14 04:45:00,1744623900000,187.03,187.49,186.83,187.06,17064.0,187.119
2025-04-14 05:00:00,1744624800000,187.12,187.48,187.12,187.31,6046.0,187.3418
2025-04-14 05:15:00,1744625700000,187.36,187.4,187.05,187.36,8389.0,187.2756
2025-04-14 05:30:00,1744626600000,187.37,187.7,187.37,187.45,17177.0,187.5191
2025-04-14 05:45:00,1744627500000,187.5,187.96,187.47,187.9,22104.0,187.7055
2025-04-14 06:00:00,1744628400000,187.85,188.4,187.84,188.4,45199.0,188.0047
2025-04-14 06:15:00,1744629300000,188.43,188.43,187.8,187.8,24175.0,188.1129
2025-04-14 06:30:00,1744630200000,187.8,187.85,187.0,187.22,41934.0,187.558
2025-04-14 06:45:00,1744631100000,187.23,187.39,186.5,186.5,38774.0,186.9555
2025-04-14 07:00:00,1744632000000,188.17,188.49,185.517,187.2948,279549.0,187.5582
2025-04-14 07:15:00,1744632900000,187.22,187.25,186.74,186.9,67419.0,186.9906
2025-04-14 07:30:00,1744633800000,186.8001,187.2,186.69,187.17,110397.0,187.011
2025-04-14 07:45:00,1744634700000,187.11,187.62,187.04,187.5,70165.0,187.4049
2025-04-14 08:00:00,1744635600000,187.4983,187.59,187.1106,187.3,66991.0,187.3372
2025-04-14 08:15:00,1744636500000,187.3,188.4,186.3,186.8,387747.0,187.2719
2025-04-14 08:30:00,1744637400000,186.84,187.44,182.62,183.03,6641918.0,185.4429
2025-04-14 08:45:00,1744638300000,183.05,184.24,182.93,183.28,2379778.0,183.5265
2025-04-14 09:00:00,1744639200000,183.3,184.55,183.08,183.95,1926617.0,184.0116
2025-04-14 09:15:00,1744640100000,183.94,185.1,183.25,184.98,1682765.0,184.399
2025-04-14 09:30:00,1744641000000,185.0,185.2396,184.54,184.96,1258951.0,184.8905
2025-04-14 09:45:00,1744641900000,185.0,185.94,184.8302,185.03,1539597.0,185.2499
2025-04-14 10:00:00,1744642800000,185.025,185.2887,183.26,183.29,1860302.0,184.1829
2025-04-14 10:15:00,1744643700000,183.27,184.165,182.88,182.95,1613479.0,183.5581
2025-04-14 10:30:00,1744644600000,182.96,183.315,181.92,182.49,1473343.0,182.5845
2025-04-14 10:45:00,1744645500000,182.47,182.49,180.93,181.155,1617468.0,181.3208
2025-04-14 11:00:00,1744646400000,181.18,181.5671,180.22,180.535,1423449.0,180.9725
2025-04-14 11:15:00,1744647300000,180.55,181.44,180.32,180.57,1452570.0,180.8215
2025-04-14 11:30:00,1744648200000,180.55,180.865,179.96,180.4469,1424967.0,180.3894
2025-04-14 11:45:00,1744649100000,180.44,180.74,179.325,179.335,1153816.0,180.0263
2025-04-14 12:00:00,1744650000000,179.35,180.61,179.23,179.95,1457271.0,180.0214
2025-04-14 12:15:00,1744650900000,179.97,181.1522,179.74,180.38,1086944.0,180.519
2025-04-14 12:30:00,1744651800000,180.37,181.0,179.92,180.64,679271.0,180.5186
2025-04-14 12:45:00,1744652700000,180.67,181.93,180.61,181.7804,1068274.0,181.2562
2025-04-14 13:00:00,1744653600000,181.8,182.08,181.5,181.6784,816363.0,181.866
2025-04-14 13:15:00,1744654500000,181.67,181.96,181.515,181.68,738654.0,181.7638
2025-04-14 13:30:00,1744655400000,181.66,182.279,181.56,182.23,975217.0,181.8844
2025-04-14 13:45:00,1744656300000,182.21,182.265,181.84,182.07,627187.0,182.0229
2025-04-14 14:00:00,1744657200000,182.05,182.92,182.04,182.885,1062422.0,182.535
2025-04-14 14:15:00,1744658100000,182.88,182.8997,182.26,182.415,1134789.0,182.574
2025-04-14 14:30:00,1744659000000,182.43,183.17,182.2,182.9,1297852.0,182.732
2025-04-14 14:45:00,1744659900000,182.91,182.92,181.55,182.06,3275987.0,182.1928
2025-04-14 15:00:00,1744660800000,182.12,182.25,181.56,181.81,818515.0,182.099
2025-04-14 15:15:00,1744661700000,181.934,182.12,180.53,181.0,77674.0,181.658
2025-04-14 15:30:00,1744662600000,181.24,182.12,181.24,181.51,76329.0,181.9661
2025-04-14 15:45:00,1744663500000,181.53,181.89,181.53,181.78,6858.0,181.7845
2025-04-14 16:00:00,1744664400000,181.74,181.7499,181.5,181.5,8478.0,181.5158
2025-04-14 16:15:00,1744665300000,181.5,181.5,181.2708,181.3039,17598.0,181.3544
2025-04-14 16:30:00,1744666200000,181.45,181.8,181.41,181.79,12553.0,181.6264
2025-04-14 16:45:00,1744667100000,181.7999,181.8799,181.7999,181.8671,5475.0,181.8291
2025-04-14 17:00:00,1744668000000,181.76,181.78,181.57,181.62,4024.0,181.6725
2025-04-14 17:15:00,1744668900000,181.62,181.62,181.25,181.25,14148.0,181.4513
2025-04-14 17:30:00,1744669800000,181.25,181.5618,181.2465,181.4,4981.0,181.3716
2025-04-14 17:45:00,1744670700000,181.45,181.45,181.05,181.06,9421.0,181.2223
2025-04-14 18:00:00,1744671600000,181.0205,181.4413,181.02,181.4,5264.0,181.1495
2025-04-14 18:15:00,1744672500000,181.35,181.7,181.24,181.51,6571.0,181.4963
2025-04-14 18:30:00,1744673400000,181.67,181.67,181.31,181.32,4745.0,181.5594
2025-04-14 18:45:00,1744674300000,181.17,181.29,181.01,181.01,12994.0,181.1364
2025-04-15 03:00:00,1744704000000,182.94,183.2,182.55,183.09,9492.0,182.9741
2025-04-15 03:15:00,1744704900000,183.09,183.19,182.65,182.65,9790.0,182.9113
2025-04-15 03:30:00,1744705800000,182.71,182.79,182.37,182.66,6292.0,182.6216
2025-04-15 03:45:00,1744706700000,182.9,182.91,182.65,182.84,3209.0,182.7834
2025-04-15 04:00:00,1744707600000,182.87,182.87,182.87,182.87,910.0,182.8773
2025-04-15 04:15:00,1744708500000,182.72,182.9,182.63,182.9,4804.0,182.7171
2025-04-15 04:30:00,1744709400000,182.9,182.9,182.63,182.63,1612.0,182.7064
2025-04-15 04:45:00,1744710300000,182.58,182.6,182.55,182.55,1431.0,182.583
2025-04-15 05:00:00,1744711200000,182.43,182.86,182.43,182.86,2973.0,182.6606
2025-04-15 05:15:00,1744712100000,182.83,182.83,182.7,182.71,2106.0,182.7678
2025-04-15 05:30:00,1744713000000,182.72,182.72,182.44,182.44,5210.0,182.6705
2025-04-15 05:45:00,1744713900000,182.42,182.42,182.12,182.13,4204.0,182.2747
2025-04-15 06:00:00,1744714800000,182.58,182.6,182.23,182.23,9292.0,182.4498
2025-04-15 06:15:00,1744715700000,182.25,182.28,182.14,182.28,3478.0,182.1979
2025-04-15 06:30:00,1744716600000,182.33,182.33,182.0,182.0,15218.0,182.0731
2025-04-15 06:45:00,1744717500000,181.81,181.98,181.5,181.98,8210.0,181.6333
2025-04-15 07:00:00,1744718400000,181.5,183.09,181.5,182.239,73475.0,182.1701
2025-04-15 07:15:00,1744719300000,182.06,182.06,181.2309,181.3,31952.0,181.5213
2025-04-15 07:30:00,1744720200000,181.241,181.63,181.241,181.61,34003.0,181.511
2025-04-15 07:45:00,1744721100000,181.65,181.7065,181.33,181.63,26916.0,181.5263
2025-04-15 08:00:00,1744722000000,181.63,181.8,181.47,181.69,38950.0,181.6606
2025-04-15 08:15:00,1744722900000,181.7899,181.8,180.9014,181.5,70718.0,181.3119
2025-04-15 08:30:00,1744723800000,181.41,182.09,179.5101,181.74,3469416.0,181.2565
2025-04-15 08:45:00,1744724700000,181.735,182.35,181.29,181.38,2060287.0,181.8958
2025-04-15 09:00:00,1744725600000,181.39,182.05,180.96,181.62,1704680.0,181.513
2025-04-15 09:15:00,1744726500000,181.62,181.66,179.45,179.7907,2508777.0,180.2535
2025-04-15 09:30:00,1744727400000,179.815,181.0,179.79,180.94,1477547.0,180.3564
2025-04-15 09:45:00,1744728300000,180.94,180.9997,179.985,180.54,1302271.0,180.5411
2025-04-15 10:00:00,1744729200000,180.59,181.268,180.49,181.12,1259779.0,180.9335
2025-04-15 10:15:00,1744730100000,181.14,181.53,180.77,180.955,2292653.0,180.9885
2025-04-15 10:30:00,1744731000000,180.97,181.1936,180.15,180.31,1015612.0,180.5222
2025-04-15 10:45:00,1744731900000,180.3,180.9,180.0,180.73,1028902.0,180.3924
2025-04-15 11:00:00,1744732800000,180.73,181.035,180.475,180.735,984126.0,180.736
2025-04-15 11:15:00,1744733700000,180.75,181.04,180.6,180.64,910801.0,180.7867
2025-04-15 11:30:00,1744734600000,180.66,180.7101,180.12,180.465,773106.0,180.4227
2025-04-15 11:45:00,1744735500000,180.48,180.63,179.51,179.755,1223079.0,179.9682
2025-04-15 12:00:00,1744736400000,179.74,180.09,179.54,179.94,1034932.0,179.855
2025-04-15 12:15:00,1744737300000,179.95,179.97,178.92,179.1248,1297547.0,179.3222
2025-04-15 12:30:00,1744738200000,179.13,179.6899,179.0,179.32,867653.0,179.3908
2025-04-15 12:45:00,1744739100000,179.32,179.4,178.29,178.86,2152202.0,178.8598
2025-04-15 13:00:00,1744740000000,178.84,178.9697,178.01,178.05,1080800.0,178.429
2025-04-15 13:15:00,1744740900000,178.0409,178.61,177.9331,178.3531,1506729.0,178.3148
2025-04-15 13:30:00,1744741800000,178.34,179.1757,178.22,179.13,878580.0,178.6434
2025-04-15 13:45:00,1744742700000,179.14,179.54,178.925,179.425,865943.0,179.241
2025-04-15 14:00:00,1744743600000,179.41,179.4898,178.93,179.42,836096.0,179.2105
2025-04-15 14:15:00,1744744500000,179.4,179.58,178.75,178.99,1074204.0,179.1959
2025-04-15 14:30:00,1744745400000,179.0,179.3088,178.94,179.15,971601.0,179.1347
2025-04-15 14:45:00,1744746300000,179.14,179.9,178.8,179.58,3248873.0,179.5451
2025-04-15 15:00:00,1744747200000,179.59,179.85,179.47,179.59,575331.0,179.5936
2025-04-15 15:15:00,1744748100000,179.6036,179.6718,179.5,179.5,19443.0,179.5585
2025-04-15 15:30:00,1744749000000,179.5,179.529,179.3,179.49,14314.0,179.4285
2025-04-15 15:45:00,1744749900000,179.3541,179.59,179.22,179.25,21527.0,179.3356
2025-04-15 16:00:00,1744750800000,179.22,179.5,179.22,179.41,11199.0,179.3757
2025-04-15 16:15:00,1744751700000,179.3927,179.59,179.33,179.33,9506.0,179.4454
2025-04-15 16:30:00,1744752600000,179.3127,179.33,178.75,178.7767,21377.0,179.0387
2025-04-15 16:45:00,1744753500000,178.75,179.2636,178.32,178.49,30904.0,178.7594
2025-04-15 17:00:00,1744754400000,178.5,178.7753,177.77,178.3898,53681.0,178.069
2025-04-15 17:15:00,1744755300000,178.0,178.2,177.91,178.2,40553.0,178.0798
2025-04-15 17:30:00,1744756200000,178.2,178.27,177.946,178.04,18211.0,178.0864
2025-04-15 17:45:00,1744757100000,178.2,178.2,177.99,178.0952,7467.0,178.05
2025-04-15 18:00:00,1744758000000,178.02,178.2,177.8,177.82,12237.0,177.9526
2025-04-15 18:15:00,1744758900000,177.8147,178.18,177.78,177.86,10599.0,177.9761
2025-04-15 18:30:00,1744759800000,177.7112,178.0,177.44,177.71,19965.0,177.7215
2025-04-15 18:45:00,1744760700000,177.98,177.98,177.6047,177.7488,16248.0,177.7256
2025-04-16 03:00:00,1744790400000,176.59,176.92,175.61,175.95,25278.0,176.0301
2025-04-16 03:15:00,1744791300000,175.91,178.0,175.9,177.74,24116.0,177.0714
2025-04-16 03:30:00,1744792200000,177.81,180.13,177.62,179.11,45233.0,178.9426
2025-04-16 03:45:00,1744793100000,178.76,179.0,178.22,178.26,17301.0,178.6021
2025-04-16 04:00:00,1744794000000,178.5,178.56,178.3,178.44,6889.0,178.3728
2025-04-16 04:15:00,1744794900000,178.4,178.51,178.25,178.5,16036.0,178.4532
2025-04-16 04:30:00,1744795800000,178.25,178.25,177.93,178.15,7913.0,178.1078
2025-04-16 04:45:00,1744796700000,178.0,178.31,177.8,177.8,7961.0,178.0431
2025-04-16 05:00:00,1744797600000,177.86,178.1,177.86,178.01,2338.0,178.0229
2025-04-16 05:15:00,1744798500000,178.38,178.38,177.9,177.9,4942.0,178.0307
2025-04-16 05:30:00,1744799400000,178.0,178.0,177.42,177.51,8039.0,177.5449
2025-04-16 05:45:00,1744800300000,177.5,177.52,177.27,177.51,8825.0,177.4602
2025-04-16 06:00:00,1744801200000,177.61,177.67,177.03,177.4,25774.0,177.4146
2025-04-16 06:15:00,1744802100000,177.55,177.86,177.4,177.86,4832.0,177.5871
2025-04-16 06:30:00,1744803000000,177.79,177.87,177.72,177.87,5894.0,177.8027
2025-04-16 06:45:00,1744803900000,177.94,177.99,177.71,177.71,4996.0,177.8204
2025-04-16 07:00:00,1744804800000,177.66,178.1496,176.0,177.9975,106670.0,177.2996
2025-04-16 07:15:00,1744805700000,178.0,178.1,177.7001,178.0,21105.0,177.8686
2025-04-16 07:30:00,1744806600000,178.04,178.05,177.04,177.09,59806.0,177.3969
2025-04-16 07:45:00,1744807500000,177.08,177.38,176.76,177.15,42312.0,177.1023
2025-04-16 08:00:00,1744808400000,177.16,177.3,176.7,177.19,31997.0,177.007
2025-04-16 08:15:00,1744809300000,177.25,177.3,176.05,176.16,57719.0,176.6907
2025-04-16 08:30:00,1744810200000,176.29,178.06,176.16,177.51,2906366.0,176.9861
2025-04-16 08:45:00,1744811100000,177.54,177.57,175.83,175.84,1740890.0,176.5307
2025-04-16 09:00:00,1744812000000,175.8599,176.6,175.78,175.79,1612075.0,176.128
2025-04-16 09:15:00,1744812900000,175.8,177.07,175.59,176.65,1562101.0,176.3086
2025-04-16 09:30:00,1744813800000,176.65,177.89,176.51,177.62,1247726.0,177.1476
2025-04-16 09:45:00,1744814700000,177.61,177.75,177.14,177.56,862937.0,177.4605
2025-04-16 10:00:00,1744815600000,177.58,178.1,177.225,178.0,1066987.0,177.6907
2025-04-16 10:15:00,1744816500000,178.04,179.1046,177.5914,178.6767,1351717.0,178.3449
2025-04-16 10:30:00,1744817400000,178.68,178.7116,177.87,177.9,805858.0,178.3311
2025-04-16 10:45:00,1744818300000,177.91,178.0,176.74,176.9,1174458.0,177.3113
2025-04-16 11:00:00,1744819200000,176.92,177.27,176.69,176.99,829796.0,176.9957
2025-04-16 11:15:00,1744820100000,177.0,177.06,176.64,176.83,809234.0,176.9036
2025-04-16 11:30:00,1744821000000,176.82,177.09,176.315,176.86,1135780.0,176.6878
2025-04-16 11:45:00,1744821900000,176.875,176.9,176.515,176.64,569021.0,176.703
2025-04-16 12:00:00,1744822800000,176.63,176.88,176.25,176.32,689513.0,176.5339
2025-04-16 12:15:00,1744823700000,176.32,176.87,176.3,176.6902,718780.0,176.6093
2025-04-16 12:30:00,1744824600000,176.69,176.72,174.3804,174.51,2393463.0,175.2746
2025-04-16 12:45:00,1744825500000,174.51,174.51,173.0,173.12,2107365.0,173.7592
2025-04-16 13:00:00,1744826400000,173.1,173.7128,172.6,172.825,2517557.0,173.0966
2025-04-16 13:15:00,1744827300000,172.84,173.57,172.29,173.3,2238757.0,172.8805
2025-04-16 13:30:00,1744828200000,173.29,173.36,172.42,172.475,1213724.0,172.7982
2025-04-16 13:45:00,1744829100000,172.48,172.7095,172.03,172.11,1597678.0,172.3322
2025-04-16 14:00:00,1744830000000,172.12,172.4038,171.51,171.905,2055644.0,171.934
2025-04-16 14:15:00,1744830900000,171.89,172.11,171.41,171.62,1860850.0,171.7205
2025-04-16 14:30:00,1744831800000,171.63,172.805,171.62,172.58,2176807.0,172.2175
2025-04-16 14:45:00,1744832700000,172.57,174.99,172.54,174.39,5318770.0,174.1504
2025-04-16 15:00:00,1744833600000,174.33,174.83,174.1,174.7,351147.0,174.3487
2025-04-16 15:15:00,1744834500000,174.7,174.87,174.33,174.69,84325.0,174.4343
2025-04-16 15:30:00,1744835400000,174.56,174.88,174.33,174.3304,107597.0,174.404
2025-04-16 15:45:00,1744836300000,174.55,174.55,173.5559,173.9101,31833.0,174.0194
2025-04-16 16:00:00,1744837200000,174.0,174.28,173.75,174.28,20583.0,173.9821
2025-04-16 16:15:00,1744838100000,174.24,174.3,174.16,174.28,4240.0,174.2467
2025-04-16 16:30:00,1744839000000,174.3,174.49,174.25,174.38,11471.0,174.3368
2025-04-16 16:45:00,1744839900000,174.3977,174.6736,174.35,174.51,18101.0,174.4722
2025-04-16 17:00:00,1744840800000,174.51,174.6853,174.19,174.44,8415.0,174.5224
2025-04-16 17:15:00,1744841700000,174.55,174.55,174.0035,174.43,6219.0,174.2601
2025-04-16 17:30:00,1744842600000,174.45,174.45,174.3001,174.45,4830.0,174.4221
2025-04-16 17:45:00,1744843500000,174.3135,174.49,174.3135,174.3565,10423.0,174.4031
2025-04-16 18:00:00,1744844400000,174.495,174.495,174.0,174.13,11850.0,174.2478
2025-04-16 18:15:00,1744845300000,174.1111,174.5,174.1111,174.4246,11339.0,174.4462
2025-04-16 18:30:00,1744846200000,174.42,174.5,174.05,174.5,17058.0,174.3002
2025-04-16 18:45:00,1744847100000,174.4,174.4971,174.1398,174.4971,20779.0,174.2838
2025-04-17 03:00:00,1744876800000,176.29,176.46,175.8,176.45,12252.0,176.3355
2025-04-17 03:15:00,1744877700000,176.44,176.53,176.26,176.5,3860.0,176.3805
2025-04-17 03:30:00,1744878600000,176.28,176.31,176.23,176.23,2765.0,176.2513
2025-04-17 03:45:00,1744879500000,176.05,176.16,175.7,175.79,6651.0,175.941
2025-04-17 04:00:00,1744880400000,175.6,175.97,175.6,175.97,4232.0,175.7035
2025-04-17 04:15:00,1744881300000,175.97,176.38,175.97,176.3,12918.0,176.2337
2025-04-17 04:30:00,1744882200000,176.3,176.41,176.2,176.2,5710.0,176.3568
2025-04-17 04:45:00,1744883100000,176.24,176.39,176.24,176.38,3381.0,176.3523
2025-04-17 05:00:00,1744884000000,176.5,176.76,176.35,176.57,9774.0,176.5555
2025-04-17 05:15:00,1744884900000,176.58,176.58,176.3,176.46,10786.0,176.4333
2025-04-17 05:30:00,1744885800000,176.47,176.48,176.0,176.0,11534.0,176.2957
2025-04-17 05:45:00,1744886700000,176.0,176.3,175.75,175.77,9063.0,176.0295
2025-04-17 06:00:00,1744887600000,175.88,175.88,175.2,175.2,22773.0,175.4814
2025-04-17 06:15:00,1744888500000,175.04,175.88,174.89,175.88,14209.0,175.2851
2025-04-17 06:30:00,1744889400000,175.89,176.05,175.75,175.85,16838.0,175.8699
2025-04-17 06:45:00,1744890300000,175.98,176.0,175.82,175.82,3389.0,175.943
2025-04-17 07:00:00,1744891200000,175.4,176.88,174.8,175.9016,146443.0,175.874
2025-04-17 07:15:00,1744892100000,175.96,176.24,175.96,176.0,24782.0,176.0907
2025-04-17 07:30:00,1744893000000,176.05,176.7997,175.9501,176.75,84649.0,176.5456
2025-04-17 07:45:00,1744893900000,176.65,176.76,176.16,176.3,54560.0,176.5296
2025-04-17 08:00:00,1744894800000,176.13,176.36,175.68,176.17,45019.0,175.9904
2025-04-17 08:15:00,1744895700000,176.27,176.48,175.15,176.23,122281.0,175.8687
2025-04-17 08:30:00,1744896600000,176.0,176.21,172.96,174.2,5273352.0,175.0595
2025-04-17 08:45:00,1744897500000,174.22,175.4,173.92,174.82,1635160.0,174.6702
2025-04-17 09:00:00,1744898400000,174.81,175.43,173.64,173.93,1482126.0,174.4311
2025-04-17 09:15:00,1744899300000,173.91,174.08,172.88,172.9,1305268.0,173.408
2025-04-17 09:30:00,1744900200000,172.895,173.48,172.6,173.42,1506163.0,173.0424
2025-04-17 09:45:00,1744901100000,173.415,173.42,172.66,172.91,1078732.0,173.0515
2025-04-17 10:00:00,1744902000000,172.93,174.4,172.83,174.075,1396907.0,173.8252
2025-04-17 10:15:00,1744902900000,174.06,174.09,173.13,173.34,1344276.0,173.5525
2025-04-17 10:30:00,1744903800000,173.35,173.98,173.35,173.5899,1586849.0,173.5134
2025-04-17 10:45:00,1744904700000,173.6,173.96,173.31,173.44,957292.0,173.581
2025-04-17 11:00:00,1744905600000,173.44,174.15,172.98,173.66,1599836.0,173.6786
2025-04-17 11:15:00,1744906500000,173.64,174.32,173.44,173.85,1091681.0,173.9073
2025-04-17 11:30:00,1744907400000,173.83,173.83,172.39,172.46,1407405.0,173.2677
2025-04-17 11:45:00,1744908300000,172.4674,173.59,172.34,173.45,982673.0,173.0795
2025-04-17 12:00:00,1744909200000,173.44,173.72,172.97,172.97,695555.0,173.4371
2025-04-17 12:15:00,1744910100000,172.98,173.31,172.88,173.095,717912.0,173.0637
2025-04-17 12:30:00,1744911000000,173.1,173.67,173.1,173.43,2148095.0,173.4126
2025-04-17 12:45:00,1744911900000,173.41,173.96,173.36,173.445,1458785.0,173.6539
2025-04-17 13:00:00,1744912800000,173.455,173.78,173.31,173.36,899362.0,173.5759
2025-04-17 13:15:00,1744913700000,173.36,174.31,173.24,174.2,889815.0,173.8895
2025-04-17 13:30:00,1744914600000,174.22,174.5585,174.08,174.14,1334383.0,174.383
2025-04-17 13:45:00,1744915500000,174.15,174.3268,173.13,173.2721,1136251.0,173.6247
2025-04-17 14:00:00,1744916400000,173.26,173.47,172.802,172.965,862555.0,173.2516
2025-04-17 14:15:00,1744917300000,172.96,173.0,172.5,172.57,1071354.0,172.7436
2025-04-17 14:30:00,1744918200000,172.58,172.96,172.46,172.741,1390644.0,172.7148
2025-04-17 14:45:00,1744919100000,172.75,172.84,172.0,172.59,2939102.0,172.4511
2025-04-17 15:00:00,1744920000000,172.61,173.15,172.6,173.0,195603.0,172.676
2025-04-17 15:15:00,1744920900000,172.99,173.0,172.61,172.8,88657.0,172.8326
2025-04-17 15:30:00,1744921800000,172.93,173.1999,172.61,173.15,31304.0,172.912
2025-04-17 15:45:00,1744922700000,173.18,173.1991,172.6,173.1,47584.0,172.9639
2025-04-17 16:00:00,1744923600000,173.15,173.2658,172.99,173.1,31760.0,173.2039
2025-04-17 16:15:00,1744924500000,173.1,173.1,173.0,173.05,9561.0,173.015
2025-04-17 16:30:00,1744925400000,173.09,173.15,173.0103,173.14,10548.0,173.0913
2025-04-17 16:45:00,1744926300000,173.14,173.14,173.0,173.1,3720.0,173.0588
2025-04-17 17:00:00,1744927200000,173.08,173.1,173.0,173.0,7207.0,173.0618
2025-04-17 17:15:00,1744928100000,173.0001,173.1586,173.0001,173.15,7417.0,173.1125
2025-04-17 17:30:00,1744929000000,173.11,173.16,173.11,173.15,6588.0,173.1469
2025-04-17 17:45:00,1744929900000,173.102,173.16,173.1,173.16,7033.0,173.1306
2025-04-17 18:00:00,1744930800000,173.1498,173.1498,173.1,173.1,8455.0,173.1073
2025-04-17 18:15:00,1744931700000,173.1001,173.137,173.02,173.1,7054.0,173.094
2025-04-17 18:30:00,1744932600000,173.117,173.15,173.0387,173.1275,6949.0,173.1144
2025-04-17 18:45:00,1744933500000,173.1,173.13,173.01,173.13,13402.0,173.0589
2025-04-21 03:00:00,1745222400000,172.5,172.5,170.62,170.83,18825.0,171.0775
2025-04-21 03:15:00,1745223300000,170.74,170.76,170.53,170.76,5168.0,170.6842
2025-04-21 03:30:00,1745224200000,171.06,171.06,170.95,170.95,1305.0,171.0058
2025-04-21 03:45:00,1745225100000,170.92,170.92,170.81,170.81,3364.0,170.8981
2025-04-21 04:00:00,1745226000000,171.02,171.02,170.6,170.6,3556.0,170.78
2025-04-21 04:15:00,1745226900000,170.66,170.76,170.66,170.75,1704.0,170.7105
2025-04-21 04:30:00,1745227800000,170.77,171.0,170.77,170.84,4113.0,170.8844
2025-04-21 04:45:00,1745228700000,170.9,170.9,170.9,170.9,671.0,170.9362
2025-04-21 05:00:00,1745229600000,171.12,171.12,169.74,170.0,60327.0,170.3057
2025-04-21 05:15:00,1745230500000,170.06,170.1,169.72,169.8,22516.0,169.9254
2025-04-21 05:30:00,1745231400000,169.71,170.01,169.69,170.0,11116.0,169.8534
2025-04-21 05:45:00,1745232300000,170.0,170.03,169.8,170.01,8380.0,169.927
2025-04-21 06:00:00,1745233200000,169.98,170.35,169.5,169.7,64456.0,169.9933
2025-04-21 06:15:00,1745234100000,169.7,169.7,169.16,169.44,14953.0,169.4222
2025-04-21 06:30:00,1745235000000,169.5,169.66,169.1,169.3,27653.0,169.3437
2025-04-21 06:45:00,1745235900000,169.23,169.4,169.05,169.4,18817.0,169.188
2025-04-21 07:00:00,1745236800000,170.33,173.214,168.95,169.5,137559.0,169.773
2025-04-21 07:15:00,1745237700000,169.5,169.7,169.3,169.44,31665.0,169.4772
2025-04-21 07:30:00,1745238600000,169.3,169.7492,169.3,169.6963,45817.0,169.5992
2025-04-21 07:45:00,1745239500000,169.65,169.6624,169.1027,169.48,37451.0,169.3842
2025-04-21 08:00:00,1745240400000,169.3,169.39,168.8,169.0,51556.0,169.0806
2025-04-21 08:15:00,1745241300000,168.9801,169.82,168.81,169.53,92077.0,169.054
2025-04-21 08:30:00,1745242200000,169.6,169.6,167.89,167.965,4192469.0,168.8975
2025-04-21 08:45:00,1745243100000,167.96,168.1295,166.95,167.1,2718534.0,167.5055
2025-04-21 09:00:00,1745244000000,167.075,167.14,165.94,166.6,2319879.0,166.4235
2025-04-21 09:15:00,1745244900000,166.61,166.76,165.85,166.14,1969326.0,166.2635
2025-04-21 09:30:00,1745245800000,166.14,167.0299,165.94,166.61,1749869.0,166.4704
2025-04-21 09:45:00,1745246700000,166.62,167.37,166.52,167.27,1458364.0,166.9402
2025-04-21 10:00:00,1745247600000,167.255,167.58,166.79,166.935,1551774.0,167.1698
2025-04-21 10:15:00,1745248500000,166.93,167.29,166.37,166.82,1217906.0,166.8035
2025-04-21 10:30:00,1745249400000,166.815,166.99,166.45,166.56,1010609.0,166.7436
2025-04-21 10:45:00,1745250300000,166.56,166.57,166.11,166.47,1256439.0,166.3401
2025-04-21 11:00:00,1745251200000,166.46,167.7,166.455,166.898,1106610.0,166.9321
2025-04-21 11:15:00,1745252100000,166.905,166.95,166.4,166.53,921839.0,166.6036
2025-04-21 11:30:00,1745253000000,166.515,167.12,166.515,167.03,942864.0,166.9162
2025-04-21 11:45:00,1745253900000,167.03,167.075,166.32,166.35,936341.0,166.6894
2025-04-21 12:00:00,1745254800000,166.3401,166.37,165.85,165.8997,1261430.0,166.0636
2025-04-21 12:15:00,1745255700000,165.8991,166.1,165.5762,165.64,951070.0,165.8286
2025-04-21 12:30:00,1745256600000,165.62,165.9173,165.57,165.73,860907.0,165.7024
2025-04-21 12:45:00,1745257500000,165.73,165.8,165.43,165.53,936202.0,165.5957
2025-04-21 13:00:00,1745258400000,165.53,165.85,165.44,165.83,848266.0,165.6392
2025-04-21 13:15:00,1745259300000,165.82,166.144,165.76,165.929,839041.0,165.9188
2025-04-21 13:30:00,1745260200000,165.915,166.11,165.73,165.73,870057.0,165.9122
2025-04-21 13:45:00,1745261100000,165.72,165.88,165.285,165.4,968713.0,165.5166
2025-04-21 14:00:00,1745262000000,165.39,165.98,165.31,165.825,1008078.0,165.7537
2025-04-21 14:15:00,1745262900000,165.8,166.26,165.73,165.855,1226156.0,165.9701
2025-04-21 14:30:00,1745263800000,165.85,166.67,165.8,166.5988,1401370.0,166.2168
2025-04-21 14:45:00,1745264700000,166.59,167.73,166.59,167.31,4759351.0,167.2317
2025-04-21 15:00:00,1745265600000,167.32,167.65,167.0,167.3,1231730.0,167.3188
2025-04-21 15:15:00,1745266500000,167.2,167.32,167.091,167.2,26949.0,167.2104
2025-04-21 15:30:00,1745267400000,167.18,167.32,167.1,167.15,23073.0,167.6126
2025-04-21 15:45:00,1745268300000,167.1109,167.38,167.1109,167.3212,929813.0,167.3197
2025-04-21 16:00:00,1745269200000,167.35,167.36,167.1018,167.19,16781.0,167.3696
2025-04-21 16:15:00,1745270100000,167.2,167.21,167.05,167.0986,13354.0,167.1442
2025-04-21 16:30:00,1745271000000,167.0506,167.1803,167.0437,167.1,8471.0,167.0925
2025-04-21 16:45:00,1745271900000,167.1,167.1846,167.05,167.05,5792.0,167.1307
2025-04-21 17:00:00,1745272800000,167.12,167.2,167.0,167.0996,6616.0,167.0843
2025-04-21 17:15:00,1745273700000,167.0,167.1,166.61,166.7,14273.0,166.8803
2025-04-21 17:30:00,1745274600000,166.7,167.05,166.7,167.05,12691.0,166.9826
2025-04-21 17:45:00,1745275500000,167.05,167.05,166.75,166.75,13517.0,166.9167
2025-04-21 18:00:00,1745276400000,166.7655,166.9699,166.7655,166.95,5612.0,166.8617
2025-04-21 18:15:00,1745277300000,166.95,166.96,166.8242,166.9075,6409.0,166.9244
2025-04-21 18:30:00,1745278200000,166.95,167.19,166.84,167.0,14915.0,167.0327
2025-04-21 18:45:00,1745279100000,166.98,168.2,166.8566,168.1997,63040.0,167.4742
2025-04-22 03:00:00,1745308800000,169.29,169.29,168.73,168.73,30431.0,169.0407
2025-04-22 03:15:00,1745309700000,168.65,169.43,168.61,169.43,11133.0,168.9627
2025-04-22 03:30:00,1745310600000,169.39,169.76,169.39,169.58,9550.0,169.5685
2025-04-22 03:45:00,1745311500000,169.54,169.54,169.33,169.46,3142.0,169.442
2025-04-22 04:00:00,1745312400000,169.48,169.54,169.3,169.3,5776.0,169.4356
2025-04-22 04:15:00,1745313300000,169.39,169.67,169.17,169.67,4891.0,169.3148
2025-04-22 04:30:00,1745314200000,169.67,169.7,169.36,169.36,5571.0,169.5172
2025-04-22 04:45:00,1745315100000,169.47,169.47,169.25,169.33,1358.0,169.3375
2025-04-22 05:00:00,1745316000000,169.21,169.55,169.21,169.4,6574.0,169.3353
2025-04-22 05:15:00,1745316900000,169.45,169.45,169.27,169.27,1936.0,169.3192
2025-04-22 05:30:00,1745317800000,169.24,169.32,169.13,169.25,7773.0,169.2225
2025-04-22 05:45:00,1745318700000,169.33,169.36,169.18,169.32,3282.0,169.2791
2025-04-22 06:00:00,1745319600000,169.33,169.43,168.7,168.75,21967.0,169.0469
2025-04-22 06:15:00,1745320500000,168.83,169.07,168.83,169.01,9245.0,168.9792
2025-04-22 06:30:00,1745321400000,169.02,169.19,168.62,168.62,17803.0,168.9219
2025-04-22 06:45:00,1745322300000,168.7,168.8,168.52,168.6,20523.0,168.6632
2025-04-22 07:00:00,1745323200000,169.07,170.45,167.87,169.0001,139950.0,168.9404
2025-04-22 07:15:00,1745324100000,169.0,169.47,169.0,169.4207,44098.0,169.2471
2025-04-22 07:30:00,1745325000000,169.49,169.7,169.15,169.64,38448.0,169.4311
2025-04-22 07:45:00,1745325900000,169.631,170.54,169.6,170.54,80689.0,170.0073
2025-04-22 08:00:00,1745326800000,170.4203,170.499,169.75,169.92,64508.0,170.1305
2025-04-22 08:15:00,1745327700000,169.9,170.05,169.41,170.0,72785.0,169.8572
2025-04-22 08:30:00,1745328600000,169.845,170.79,169.35,170.66,3344690.0,170.06
2025-04-22 08:45:00,1745329500000,170.66,171.1,170.45,170.9599,1903919.0,170.7309
2025-04-22 09:00:00,1745330400000,170.97,172.12,170.83,171.59,2237672.0,171.573
2025-04-22 09:15:00,1745331300000,171.59,172.03,171.27,171.95,1817360.0,171.669
2025-04-22 09:30:00,1745332200000,171.945,172.49,171.5336,172.335,1584502.0,172.1433
2025-04-22 09:45:00,1745333100000,172.32,173.03,172.09,172.87,1652447.0,172.5248
2025-04-22 10:00:00,1745334000000,172.87,173.78,172.85,173.76,1602961.0,173.3208
2025-04-22 10:15:00,1745334900000,173.76,174.27,173.66,173.92,2026996.0,173.9791
2025-04-22 10:30:00,1745335800000,173.92,173.93,171.93,172.1171,1978500.0,172.8575
2025-04-22 10:45:00,1745336700000,172.125,173.25,172.05,173.01,1415375.0,172.5524
2025-04-22 11:00:00,1745337600000,173.015,175.41,173.015,175.3732,2978161.0,174.4557
2025-04-22 11:15:00,1745338500000,175.375,176.78,175.19,176.584,2536192.0,176.1163
2025-04-22 11:30:00,1745339400000,176.6,176.73,175.42,175.72,2624575.0,176.1448
2025-04-22 11:45:00,1745340300000,175.74,175.785,174.81,175.325,1621132.0,175.2964
2025-04-22 12:00:00,1745341200000,175.325,175.51,174.03,174.2,1450790.0,174.8935
2025-04-22 12:15:00,1745342100000,174.225,174.39,172.82,173.035,1713044.0,173.6255
2025-04-22 12:30:00,1745343000000,173.035,173.7775,172.82,173.39,1003549.0,173.3004
2025-04-22 12:45:00,1745343900000,173.39,173.47,172.6402,172.83,707988.0,172.9943
2025-04-22 13:00:00,1745344800000,172.83,173.59,172.68,173.2515,1136603.0,173.1761
2025-04-22 13:15:00,1745345700000,173.25,173.3,172.72,173.0501,1131359.0,173.0241
2025-04-22 13:30:00,1745346600000,173.06,173.17,172.8,172.983,881085.0,172.9843
2025-04-22 13:45:00,1745347500000,173.0,173.375,172.97,173.29,887002.0,173.1663
2025-04-22 14:00:00,1745348400000,173.27,173.35,172.55,172.64,1090973.0,172.9616
2025-04-22 14:15:00,1745349300000,172.65,172.71,171.94,172.2499,1282079.0,172.2577
2025-04-22 14:30:00,1745350200000,172.235,173.06,172.0501,172.975,1135917.0,172.3837
2025-04-22 14:45:00,1745351100000,172.95,173.48,172.55,173.13,3817567.0,173.1081
2025-04-22 15:00:00,1745352000000,173.18,173.45,172.05,172.05,556114.0,173.1529
2025-04-22 15:15:00,1745352900000,172.01,172.9438,172.0081,172.71,14645.0,172.7432
2025-04-22 15:30:00,1745353800000,172.83,173.39,172.72,173.35,19411.0,173.1574
2025-04-22 15:45:00,1745354700000,173.29,173.29,172.8799,173.12,17868.0,173.2728
2025-04-22 16:00:00,1745355600000,173.1687,173.18,172.9902,173.0501,649520.0,173.1791
2025-04-22 16:15:00,1745356500000,173.05,176.6611,173.05,176.6611,137316.0,175.0344
2025-04-22 16:30:00,1745357400000,176.66,178.9,176.6,178.88,282060.0,177.8842
2025-04-22 16:45:00,1745358300000,178.9,179.31,178.0,179.0004,217076.0,178.6093
2025-04-22 17:00:00,1745359200000,179.0,180.0,178.63,179.0305,234031.0,179.2534
2025-04-22 17:15:00,1745360100000,179.17,179.32,178.75,179.0,76519.0,179.0276
2025-04-22 17:30:00,1745361000000,179.0,179.48,178.883,179.48,78396.0,179.1373
2025-04-22 17:45:00,1745361900000,179.49,179.84,179.2622,179.7,69507.0,179.6235
2025-04-22 18:00:00,1745362800000,179.74,179.94,179.51,179.71,56127.0,179.7213
2025-04-22 18:15:00,1745363700000,179.7,179.9,179.25,179.5988,88107.0,179.6152
2025-04-22 18:30:00,1745364600000,179.5,179.5,179.2,179.42,70717.0,179.3192
2025-04-22 18:45:00,1745365500000,179.4,179.96,179.4,179.82,59458.0,179.7633
2025-04-23 03:00:00,1745395200000,179.1,180.0,179.1,179.83,57209.0,179.5994
2025-04-23 03:15:00,1745396100000,179.9,179.93,179.7,179.7,19596.0,179.7887
2025-04-23 03:30:00,1745397000000,179.7,180.73,179.7,180.6,24804.0,180.2229
2025-04-23 03:45:00,1745397900000,180.42,180.5,180.07,180.07,15185.0,180.2744
2025-04-23 04:00:00,1745398800000,180.22,180.5,180.09,180.2,24528.0,180.2843
2025-04-23 04:15:00,1745399700000,180.39,180.39,179.95,180.36,21805.0,180.1465
2025-04-23 04:30:00,1745400600000,180.24,180.6,179.76,180.41,53495.0,180.2287
2025-04-23 04:45:00,1745401500000,180.34,180.73,180.33,180.54,18927.0,180.505
2025-04-23 05:00:00,1745402400000,180.52,180.95,180.52,180.73,16444.0,180.798
2025-04-23 05:15:00,1745403300000,180.73,180.98,180.73,180.9,14630.0,180.8739
2025-04-23 05:30:00,1745404200000,180.81,181.38,180.8,181.38,29496.0,181.0741
2025-04-23 05:45:00,1745405100000,181.37,182.05,181.37,182.04,47202.0,181.7212
2025-04-23 06:00:00,1745406000000,182.01,182.23,181.56,181.8,178558.0,181.9187
2025-04-23 06:15:00,1745406900000,181.76,182.24,181.4,181.54,53607.0,181.8014
2025-04-23 06:30:00,1745407800000,181.7,181.87,181.33,181.5,50340.0,181.5506
2025-04-23 06:45:00,1745408700000,181.66,181.87,181.31,181.47,42178.0,181.5482
2025-04-23 07:00:00,1745409600000,181.39,182.24,178.77,181.6015,342573.0,181.3689
2025-04-23 07:15:00,1745410500000,181.71,182.2473,181.65,182.2473,153074.0,178.6156
2025-04-23 07:30:00,1745411400000,182.15,182.84,182.09,182.48,159852.0,182.5691
2025-04-23 07:45:00,1745412300000,182.35,182.84,182.26,182.62,109515.0,182.6052
2025-04-23 08:00:00,1745413200000,182.7896,182.9,182.31,182.59,212099.0,182.6638
2025-04-23 08:15:00,1745414100000,182.5,184.3,182.5,183.47,349549.0,183.3189
2025-04-23 08:30:00,1745415000000,183.45,185.51,183.35,184.96,9550268.0,184.2384
2025-04-23 08:45:00,1745415900000,184.95,186.75,184.78,185.86,5028791.0,185.6816
2025-04-23 09:00:00,1745416800000,185.88,186.5774,185.06,185.8,2855264.0,185.7498
2025-04-23 09:15:00,1745417700000,185.8108,186.28,184.4,186.15,2255653.0,185.2819
2025-04-23 09:30:00,1745418600000,186.1,187.38,184.61,186.9,2866749.0,186.8448
2025-04-23 09:45:00,1745419500000,186.9,187.15,184.98,185.24,2432629.0,186.0719
2025-04-23 10:00:00,1745420400000,185.23,185.55,184.13,184.29,2423875.0,184.7605
2025-04-23 10:15:00,1745421300000,184.3,184.4928,182.84,183.2675,2104769.0,183.6338
2025-04-23 10:30:00,1745422200000,183.28,183.5825,182.35,182.545,1799834.0,182.9738
2025-04-23 10:45:00,1745423100000,182.57,182.77,181.65,182.46,1600149.0,182.1797
2025-04-23 11:00:00,1745424000000,182.46,182.51,181.31,181.66,1047818.0,181.8572
2025-04-23 11:15:00,1745424900000,181.65,181.9613,180.94,181.95,1098774.0,181.379
2025-04-23 11:30:00,1745425800000,181.9596,182.41,181.6,181.6,1038897.0,182.0265
2025-04-23 11:45:00,1745426700000,181.6056,182.44,180.98,182.2,1077495.0,181.6341
2025-04-23 12:00:00,1745427600000,182.19,182.46,181.1,182.15,924512.0,182.0227
2025-04-23 12:15:00,1745428500000,182.14,182.53,181.875,181.96,1087816.0,182.2683
2025-04-23 12:30:00,1745429400000,181.99,182.07,181.31,181.91,895852.0,181.643
2025-04-23 12:45:00,1745430300000,181.93,186.9,181.54,182.2606,643441.0,182.0558
2025-04-23 13:00:00,1745431200000,182.28,182.66,181.77,182.31,711368.0,182.27
2025-04-23 13:15:00,1745432100000,182.32,182.58,181.52,181.63,778446.0,182.1131
2025-04-23 13:30:00,1745433000000,181.63,182.13,181.56,181.56,703214.0,181.8354
2025-04-23 13:45:00,1745433900000,181.565,182.2,181.5,181.83,891810.0,181.8452
2025-04-23 14:00:00,1745434800000,181.79,182.0707,181.14,181.435,912430.0,181.4882
2025-04-23 14:15:00,1745435700000,181.43,181.61,180.63,180.85,1298936.0,180.9258
2025-04-23 14:30:00,1745436600000,180.86,181.1,180.19,180.565,1418198.0,180.5951
2025-04-23 14:45:00,1745437500000,180.57,181.63,180.51,180.54,4919096.0,181.0768
2025-04-23 15:00:00,1745438400000,180.54,180.6,179.68,179.9758,809292.0,180.46
2025-04-23 15:15:00,1745439300000,179.98,181.49,179.95,181.2,104706.0,180.8063
2025-04-23 15:30:00,1745440200000,181.3,181.35,180.83,180.87,43523.0,181.1909
2025-04-23 15:45:00,1745441100000,180.91,181.25,180.81,181.0005,33981.0,181.0254
2025-04-23 16:00:00,1745442000000,181.0,181.25,181.0,181.0,24080.0,181.093
2025-04-23 16:15:00,1745442900000,181.01,181.25,181.0,181.08,33578.0,181.1638
2025-04-23 16:30:00,1745443800000,181.25,181.8276,181.05,181.4,50373.0,181.5054
2025-04-23 16:45:00,1745444700000,181.39,181.4,180.9147,181.01,28852.0,181.0645
2025-04-23 17:00:00,1745445600000,181.0,181.0012,180.01,180.28,34516.0,180.3464
2025-04-23 17:15:00,1745446500000,180.06,180.2769,180.01,180.1269,15576.0,180.1144
2025-04-23 17:30:00,1745447400000,180.11,180.7,180.11,180.56,14726.0,180.3979
2025-04-23 17:45:00,1745448300000,180.5,180.6987,180.2062,180.66,9877.0,180.5026
2025-04-23 18:00:00,1745449200000,180.69,180.8879,180.61,180.8879,5800.0,180.7075
2025-04-23 18:15:00,1745450100000,180.6512,181.1204,180.6508,181.1204,6912.0,180.9019
2025-04-23 18:30:00,1745451000000,180.8,180.82,180.6,180.75,8928.0,180.7251
2025-04-23 18:45:00,1745451900000,180.75,181.41,180.75,181.3,23818.0,181.2377
2025-04-24 03:00:00,1745481600000,181.12,181.2,178.88,179.19,22085.0,179.4007
2025-04-24 03:15:00,1745482500000,179.1,179.58,178.91,179.0,18507.0,179.1687
2025-04-24 03:30:00,1745483400000,178.82,178.99,178.51,178.52,16817.0,178.7317
2025-04-24 03:45:00,1745484300000,178.49,178.72,178.31,178.6,13551.0,178.4315
2025-04-24 04:00:00,1745485200000,178.79,178.89,178.56,178.89,8208.0,178.6992
2025-04-24 04:15:00,1745486100000,178.79,178.94,178.6,178.87,6314.0,178.7847
2025-04-24 04:30:00,1745487000000,179.07,179.17,178.9,179.0,2875.0,179.0373
2025-04-24 04:45:00,1745487900000,179.1,179.4,179.1,179.16,11887.0,179.2789
2025-04-24 05:00:00,1745488800000,179.25,179.79,179.25,179.56,20211.0,179.5527
2025-04-24 05:15:00,1745489700000,179.52,179.79,179.46,179.57,13250.0,179.5676
2025-04-24 05:30:00,1745490600000,179.65,180.32,179.45,180.32,18990.0,179.6877
2025-04-24 05:45:00,1745491500000,180.4,180.8,180.13,180.3,19457.0,180.3908
2025-04-24 06:00:00,1745492400000,180.3,180.54,179.84,180.15,29769.0,180.1997
2025-04-24 06:15:00,1745493300000,180.15,180.23,179.7,180.23,18324.0,179.972
2025-04-24 06:30:00,1745494200000,180.2,180.54,179.61,180.0,51828.0,179.8056
2025-04-24 06:45:00,1745495100000,179.86,180.02,179.5,180.0,27858.0,179.6927
2025-04-24 07:00:00,1745496000000,180.15,181.3,179.0,181.0301,175901.0,180.5071
2025-04-24 07:15:00,1745496900000,181.0347,181.458,180.8,181.17,37385.0,181.091
2025-04-24 07:30:00,1745497800000,181.0,182.04,180.76,181.7178,73176.0,181.507
2025-04-24 07:45:00,1745498700000,181.64,182.0,181.2603,181.5,52577.0,181.5775
2025-04-24 08:00:00,1745499600000,181.58,181.7,181.0,181.05,37114.0,181.2836
2025-04-24 08:15:00,1745500500000,181.1,181.4209,180.0,180.75,59711.0,180.9918
2025-04-24 08:30:00,1745501400000,180.915,181.88,180.18,181.23,2688705.0,181.0478
2025-04-24 08:45:00,1745502300000,181.215,182.55,181.13,182.505,2142239.0,181.8266
2025-04-24 09:00:00,1745503200000,182.51,183.14,182.07,182.535,1924659.0,182.5971
2025-04-24 09:15:00,1745504100000,182.54,183.73,182.0223,183.725,1595048.0,182.8511
2025-04-24 09:30:00,1745505000000,183.72,184.48,183.42,183.5,2597386.0,183.9315
2025-04-24 09:45:00,1745505900000,183.51,184.52,183.43,184.21,1550628.0,184.0973
2025-04-24 10:00:00,1745506800000,184.21,184.99,184.11,184.765,1241047.0,184.579
2025-04-24 10:15:00,1745507700000,184.75,185.0,184.265,184.3832,1399344.0,184.6277
2025-04-24 10:30:00,1745508600000,184.38,184.76,184.08,184.33,777955.0,184.4008
2025-04-24 10:45:00,1745509500000,184.34,185.18,184.2,184.475,1126764.0,184.6825
2025-04-24 11:00:00,1745510400000,184.49,184.92,184.0548,184.6499,622060.0,184.5027
2025-04-24 11:15:00,1745511300000,184.65,185.299,184.575,185.03,949783.0,184.9642
2025-04-24 11:30:00,1745512200000,185.02,185.45,184.95,185.16,816246.0,185.2155
2025-04-24 11:45:00,1745513100000,185.18,185.66,184.94,185.465,712853.0,185.231
2025-04-24 12:00:00,1745514000000,185.48,185.48,184.965,185.32,636029.0,185.1749
2025-04-24 12:15:00,1745514900000,185.3386,185.475,184.67,185.3,682074.0,185.0579
2025-04-24 12:30:00,1745515800000,185.31,185.5893,184.705,184.95,731317.0,185.0118
2025-04-24 12:45:00,1745516700000,184.96,185.48,184.74,185.37,643779.0,185.2114
2025-04-24 13:00:00,1745517600000,185.33,185.59,185.17,185.455,921833.0,185.4108
2025-04-24 13:15:00,1745518500000,185.455,186.06,185.36,185.815,1228824.0,185.6934
2025-04-24 13:30:00,1745519400000,185.8192,186.2,185.78,186.055,1037015.0,185.9172
2025-04-24 13:45:00,1745520300000,186.06,186.59,185.9611,185.97,1049944.0,186.2715
2025-04-24 14:00:00,1745521200000,185.97,185.995,185.53,185.73,1065878.0,185.7181
2025-04-24 14:15:00,1745522100000,185.73,186.0,185.45,185.54,890653.0,185.7813
2025-04-24 14:30:00,1745523000000,185.54,186.2598,185.465,186.22,1092451.0,185.9294
2025-04-24 14:45:00,1745523900000,186.225,186.74,186.205,186.48,3867250.0,186.4959
2025-04-24 15:00:00,1745524800000,186.54,189.5,184.7434,188.77,1286926.0,186.805
2025-04-24 15:15:00,1745525700000,188.85,188.99,188.01,188.55,172972.0,188.4893
2025-04-24 15:30:00,1745526600000,188.61,188.7814,188.3,188.52,92288.0,188.5042
2025-04-24 15:45:00,1745527500000,188.6,189.5,186.54,189.22,192322.0,188.6797
2025-04-24 16:00:00,1745528400000,189.25,191.21,186.54,190.65,328446.0,190.2528
2025-04-24 16:15:00,1745529300000,190.65,190.82,189.83,189.86,112832.0,190.3647
2025-04-24 16:30:00,1745530200000,189.86,190.38,189.51,189.9,132735.0,189.9827
2025-04-24 16:45:00,1745531100000,189.9,191.0,189.7,190.74,65451.0,190.3845
2025-04-24 17:00:00,1745532000000,190.4282,190.71,189.7327,190.2755,50853.0,190.069
2025-04-24 17:15:00,1745532900000,190.25,190.94,190.0237,190.6,24482.0,190.6086
2025-04-24 17:30:00,1745533800000,190.63,190.7,190.21,190.52,27894.0,190.5542
2025-04-24 17:45:00,1745534700000,190.55,190.56,190.1806,190.35,13154.0,190.3941
2025-04-24 18:00:00,1745535600000,190.41,190.4997,189.81,189.81,18419.0,190.1465
2025-04-24 18:15:00,1745536500000,189.82,190.0507,189.6,189.81,37064.0,189.8475
2025-04-24 18:30:00,1745537400000,189.9,189.99,189.7283,189.99,20712.0,189.8853
2025-04-24 18:45:00,1745538300000,190.0,190.3938,189.71,189.9891,30229.0,189.9996
2025-04-25 03:00:00,1745568000000,189.84,190.19,189.51,189.75,27222.0,189.8519
2025-04-25 03:15:00,1745568900000,190.0,190.14,189.85,189.86,20046.0,189.9866
2025-04-25 03:30:00,1745569800000,190.0,190.0,189.2,189.46,9372.0,189.5336
2025-04-25 03:45:00,1745570700000,189.46,189.93,189.36,189.5,12976.0,189.5558
2025-04-25 04:00:00,1745571600000,189.55,189.55,188.78,189.26,32236.0,189.0915
2025-04-25 04:15:00,1745572500000,188.77,189.52,188.71,189.52,23448.0,188.9959
2025-04-25 04:30:00,1745573400000,189.44,189.59,189.15,189.21,7754.0,189.4386
2025-04-25 04:45:00,1745574300000,189.3,189.91,189.3,189.91,1464.0,189.7288
2025-04-25 05:00:00,1745575200000,189.59,189.59,189.26,189.42,7884.0,189.3911
2025-04-25 05:15:00,1745576100000,189.26,189.41,188.0,188.4,36043.0,188.5897
2025-04-25 05:30:00,1745577000000,188.4,188.4,187.21,188.0,48309.0,187.7849
2025-04-25 05:45:00,1745577900000,187.85,187.89,187.13,187.4,34818.0,187.5841
2025-04-25 06:00:00,1745578800000,187.67,188.2,187.29,188.01,40293.0,187.722
2025-04-25 06:15:00,1745579700000,188.0,188.29,187.13,187.55,35172.0,187.644
2025-04-25 06:30:00,1745580600000,187.45,187.48,187.0,187.07,21039.0,187.2773
2025-04-25 06:45:00,1745581500000,187.06,187.41,186.71,187.3,28245.0,187.0635
2025-04-25 07:00:00,1745582400000,187.99,190.69,186.5,187.6,179076.0,188.0946
2025-04-25 07:15:00,1745583300000,187.6295,188.0985,187.0,187.0,52036.0,187.5576
2025-04-25 07:30:00,1745584200000,187.2,187.65,187.11,187.4,26933.0,187.3341
2025-04-25 07:45:00,1745585100000,187.488,187.488,186.5,186.79,33432.0,187.0869
2025-04-25 08:00:00,1745586000000,186.66,187.42,186.31,187.42,65229.0,186.9343
2025-04-25 08:15:00,1745586900000,187.42,188.0992,187.0999,187.42,71853.0,187.5267
2025-04-25 08:30:00,1745587800000,187.62,187.97,186.1,186.32,2983021.0,187.0444
2025-04-25 08:45:00,1745588700000,186.325,186.83,185.49,186.245,1701537.0,186.1543
2025-04-25 09:00:00,1745589600000,186.27,187.93,186.2,187.7766,1537212.0,187.2317
2025-04-25 09:15:00,1745590500000,187.77,187.9,186.12,186.21,1374454.0,186.8714
2025-04-25 09:30:00,1745591400000,186.23,187.03,185.51,186.93,1307169.0,186.2478
2025-04-25 09:45:00,1745592300000,186.92,187.2,186.37,186.6,885783.0,186.8017
2025-04-25 10:00:00,1745593200000,186.6,187.5,186.3201,187.46,716508.0,186.9478
2025-04-25 10:15:00,1745594100000,187.46,187.68,186.98,187.11,717334.0,187.3672
2025-04-25 10:30:00,1745595000000,187.11,187.28,186.25,186.3,708608.0,186.7986
2025-04-25 10:45:00,1745595900000,186.33,186.96,186.2,186.77,778828.0,186.6217
2025-04-25 11:00:00,1745596800000,186.75,187.23,186.595,187.05,776927.0,186.8759
2025-04-25 11:15:00,1745597700000,187.04,187.6,186.68,187.565,828488.0,187.146
2025-04-25 11:30:00,1745598600000,187.575,187.98,187.47,187.9553,705627.0,187.7039
2025-04-25 11:45:00,1745599500000,187.9593,187.99,187.3903,187.85,618332.0,187.7701
2025-04-25 12:00:00,1745600400000,187.83,188.3733,187.78,188.275,980363.0,188.1299
2025-04-25 12:15:00,1745601300000,188.24,188.7999,188.13,188.66,910989.0,188.5063
2025-04-25 12:30:00,1745602200000,188.65,188.69,187.84,188.18,1389088.0,188.2942
2025-04-25 12:45:00,1745603100000,188.22,188.22,187.0,187.59,1516143.0,187.5449
2025-04-25 13:00:00,1745604000000,187.6,188.399,187.46,188.2947,699136.0,187.9973
2025-04-25 13:15:00,1745604900000,188.3,188.9,188.21,188.7715,832882.0,188.5964
2025-04-25 13:30:00,1745605800000,188.78,189.58,188.75,189.55,996937.0,189.1353
2025-04-25 13:45:00,1745606700000,189.55,189.7,189.13,189.48,1192610.0,189.4773
2025-04-25 14:00:00,1745607600000,189.47,189.94,189.29,189.42,1577944.0,189.598
2025-04-25 14:15:00,1745608500000,189.4,189.86,189.23,189.385,1080875.0,189.5372
2025-04-25 14:30:00,1745609400000,189.365,189.58,188.69,188.9,1386869.0,189.1782
2025-04-25 14:45:00,1745610300000,188.915,189.42,188.61,188.95,2547405.0,189.0598
2025-04-25 15:00:00,1745611200000,188.99,189.289,188.9543,189.1,536781.0,188.9957
2025-04-25 15:15:00,1745612100000,189.1,189.1901,189.0,189.1,34482.0,189.13
2025-04-25 15:30:00,1745613000000,189.1,189.37,188.9894,188.9894,30247.0,189.1542
2025-04-25 15:45:00,1745613900000,188.95,189.13,188.9,189.13,21992.0,189.2119
2025-04-25 16:00:00,1745614800000,189.1876,189.1876,189.02,189.08,12714.0,189.1565
2025-04-25 16:15:00,1745615700000,189.0201,189.08,188.951,189.0751,6801.0,188.5932
2025-04-25 16:30:00,1745616600000,189.06,189.1737,189.0,189.14,4864.0,189.0753
2025-04-25 16:45:00,1745617500000,189.13,189.2,189.0,189.12,4814.0,189.1348
2025-04-25 17:00:00,1745618400000,189.12,189.12,188.84,188.8699,10480.0,188.9501
2025-04-25 17:15:00,1745619300000,188.87,188.87,188.75,188.7517,8008.0,188.8003
2025-04-25 17:30:00,1745620200000,188.877,188.9158,188.75,188.9099,4670.0,188.8228
2025-04-25 17:45:00,1745621100000,188.8,188.84,188.75,188.84,7841.0,188.7815
2025-04-25 18:00:00,1745622000000,188.98,188.98,188.83,188.8321,3650.0,188.9286
2025-04-25 18:15:00,1745622900000,188.85,188.96,188.75,188.96,8803.0,188.8153
2025-04-25 18:30:00,1745623800000,188.98,188.98,188.9112,188.95,3950.0,188.9492
2025-04-25 18:45:00,1745624700000,188.98,189.21,188.9527,189.2,8071.0,189.0616
2025-04-28 03:00:00,1745827200000,189.09,189.3,188.52,188.62,14801.0,189.0212
2025-04-28 03:15:00,1745828100000,188.81,188.81,188.6,188.6,1955.0,188.7181
2025-04-28 03:30:00,1745829000000,188.75,188.94,188.75,188.94,2140.0,188.8649
2025-04-28 03:45:00,1745829900000,188.97,189.32,188.94,189.32,9660.0,189.0712
2025-04-28 04:00:00,1745830800000,189.31,189.42,189.31,189.33,1958.0,189.3683
2025-04-28 04:15:00,1745831700000,189.58,189.67,189.5,189.58,11483.0,189.6124
2025-04-28 04:30:00,1745832600000,189.59,189.63,189.48,189.63,10510.0,189.5469
2025-04-28 04:45:00,1745833500000,189.63,189.63,189.36,189.36,3262.0,189.5418
2025-04-28 05:00:00,1745834400000,189.28,189.4,189.2,189.2,3658.0,189.2892
2025-04-28 05:15:00,1745835300000,189.22,189.22,189.01,189.01,6129.0,189.0812
2025-04-28 05:30:00,1745836200000,189.09,189.29,189.0,189.0,12763.0,189.1483
2025-04-28 05:45:00,1745837100000,189.1,189.25,188.88,188.89,16906.0,189.0565
2025-04-28 06:00:00,1745838000000,189.08,189.37,189.0,189.25,48929.0,189.2027
2025-04-28 06:15:00,1745838900000,189.2,189.74,189.2,189.74,12765.0,189.4628
2025-04-28 06:30:00,1745839800000,189.77,190.01,189.7,189.95,21715.0,189.9003
2025-04-28 06:45:00,1745840700000,189.87,189.97,189.8,189.93,10810.0,189.8692
2025-04-28 07:00:00,1745841600000,189.15,190.15,187.7,189.3501,475162.0,189.0885
2025-04-28 07:15:00,1745842500000,189.49,189.92,189.49,189.89,12887.0,189.6552
2025-04-28 07:30:00,1745843400000,189.8787,190.19,189.83,189.8506,34268.0,189.9384
2025-04-28 07:45:00,1745844300000,189.95,190.5,189.95,190.05,52198.0,190.2895
2025-04-28 08:00:00,1745845200000,190.02,190.25,190.0,190.15,42041.0,190.1257
2025-04-28 08:15:00,1745846100000,190.2,190.25,189.9,190.17,64817.0,190.1086
2025-04-28 08:30:00,1745847000000,190.105,190.105,188.05,189.65,2982738.0,189.2961
2025-04-28 08:45:00,1745847900000,189.6456,190.22,187.78,187.84,2053449.0,189.1986
2025-04-28 09:00:00,1745848800000,187.86,188.97,187.54,188.33,1399636.0,188.2712
2025-04-28 09:15:00,1745849700000,188.34,188.8804,188.15,188.43,1063860.0,188.4839
2025-04-28 09:30:00,1745850600000,188.4515,188.57,187.73,188.47,987236.0,188.217
2025-04-28 09:45:00,1745851500000,188.49,188.6932,187.9,188.13,689843.0,188.2361
2025-04-28 10:00:00,1745852400000,188.14,188.48,187.48,188.01,725977.0,188.0041
2025-04-28 10:15:00,1745853300000,188.02,188.03,185.6705,185.7615,1494734.0,186.7079
2025-04-28 10:30:00,1745854200000,185.765,186.7302,185.66,186.17,1195724.0,186.2803
2025-04-28 10:45:00,1745855100000,186.15,186.5,185.83,186.07,849206.0,186.132
2025-04-28 11:00:00,1745856000000,186.02,186.1,185.41,185.5548,864611.0,185.6698
2025-04-28 11:15:00,1745856900000,185.57,185.99,184.885,185.05,994458.0,185.4489
2025-04-28 11:30:00,1745857800000,185.0697,185.8014,185.05,185.6732,549608.0,185.4298
2025-04-28 11:45:00,1745858700000,185.65,186.08,185.23,185.6,652416.0,185.6836
2025-04-28 12:00:00,1745859600000,185.6,185.72,185.14,185.19,465456.0,185.4291
2025-04-28 12:15:00,1745860500000,185.19,185.52,185.0,185.13,526700.0,185.2808
2025-04-28 12:30:00,1745861400000,185.12,185.835,185.04,185.8,522846.0,185.3894
2025-04-28 12:45:00,1745862300000,185.79,186.15,185.615,186.06,643923.0,185.8261
2025-04-28 13:00:00,1745863200000,186.06,186.19,185.81,185.89,575425.0,186.0247
2025-04-28 13:15:00,1745864100000,185.89,186.34,185.634,186.27,572324.0,185.9657
2025-04-28 13:30:00,1745865000000,186.29,186.49,185.94,186.37,579086.0,186.264
2025-04-28 13:45:00,1745865900000,186.36,186.64,186.26,186.56,458417.0,186.4456
2025-04-28 14:00:00,1745866800000,186.57,187.17,186.48,187.05,797154.0,186.8926
2025-04-28 14:15:00,1745867700000,187.07,187.55,186.97,187.445,703973.0,187.3058
2025-04-28 14:30:00,1745868600000,187.44,187.79,187.3,187.69,882495.0,187.5621
2025-04-28 14:45:00,1745869500000,187.68,188.48,187.61,187.67,2239020.0,187.9625
2025-04-28 15:00:00,1745870400000,187.7,187.9,187.2,187.2,347197.0,187.6608
2025-04-28 15:15:00,1745871300000,187.27,187.44,187.2,187.2,13419.0,187.276
2025-04-28 15:30:00,1745872200000,187.13,187.4,187.13,187.2245,14261.0,187.2567
2025-04-28 15:45:00,1745873100000,187.22,187.7,186.95,187.0,21249.0,187.0938
2025-04-28 16:00:00,1745874000000,186.9267,187.1297,186.9267,187.02,4541.0,187.6086
2025-04-28 16:15:00,1745874900000,187.1,187.15,187.0005,187.02,9531.0,187.0651
2025-04-28 16:30:00,1745875800000,187.1494,187.2671,187.0,187.0018,2781.0,187.0625
2025-04-28 16:45:00,1745876700000,187.1,187.1,186.9501,187.08,4451.0,187.0179
2025-04-28 17:00:00,1745877600000,186.99,187.2,186.96,187.06,3881.0,187.136
2025-04-28 17:15:00,1745878500000,187.0147,187.0999,186.95,186.96,7483.0,187.0094
2025-04-28 17:30:00,1745879400000,187.02,187.18,187.0,187.0,4789.0,187.0869
2025-04-28 17:45:00,1745880300000,187.085,187.1468,187.0201,187.1468,2414.0,187.0982
2025-04-28 18:00:00,1745881200000,187.15,187.7,187.1004,187.63,22800.0,187.4763
2025-04-28 18:15:00,1745882100000,187.55,187.7,187.2604,187.5438,10026.0,187.521
2025-04-28 18:30:00,1745883000000,187.5499,187.6582,187.4525,187.4604,6187.0,187.5205
2025-04-28 18:45:00,1745883900000,187.5,187.6939,187.5,187.65,9020.0,187.5625
2025-04-29 03:00:00,1745913600000,188.89,189.0,188.18,188.18,15448.0,188.6236
2025-04-29 03:15:00,1745914500000,188.4,188.4,188.33,188.33,995.0,188.3739
2025-04-29 03:30:00,1745915400000,188.5,188.5,188.49,188.5,1485.0,188.4937
2025-04-29 03:45:00,1745916300000,188.7,188.99,188.62,188.71,14624.0,188.8966
2025-04-29 04:00:00,1745917200000,188.87,188.87,188.64,188.64,702.0,188.7489
2025-04-29 04:15:00,1745918100000,188.6,188.62,188.53,188.56,4570.0,188.5873
2025-04-29 04:30:00,1745919000000,188.5,188.57,188.5,188.55,1151.0,188.5214
2025-04-29 04:45:00,1745919900000,188.6,188.6,188.46,188.46,2878.0,188.5495
2025-04-29 05:00:00,1745920800000,188.42,188.42,188.05,188.3,6920.0,188.2412
2025-04-29 05:15:00,1745921700000,188.21,188.21,188.21,188.21,377.0,188.2368
2025-04-29 05:30:00,1745922600000,188.44,188.44,187.9,187.9,9992.0,188.0303
2025-04-29 05:45:00,1745923500000,187.81,187.81,186.86,187.42,10971.0,187.3491
2025-04-29 06:00:00,1745924400000,187.64,187.75,187.5,187.75,9615.0,187.6407
2025-04-29 06:15:00,1745925300000,187.8,188.36,187.8,188.3,27084.0,188.19
2025-04-29 06:30:00,1745926200000,188.39,188.39,188.0,188.0,7788.0,188.2396
2025-04-29 06:45:00,1745927100000,187.95,188.2,187.91,188.1,6974.0,188.0383
2025-04-29 07:00:00,1745928000000,187.53,189.0,187.3913,188.06,59759.0,188.1196
2025-04-29 07:15:00,1745928900000,188.1596,188.1596,187.7,188.0,30992.0,187.9232
2025-04-29 07:30:00,1745929800000,188.0,188.3748,187.8,188.3,26206.0,188.0875
2025-04-29 07:45:00,1745930700000,188.31,188.51,183.7201,184.63,521623.0,185.3164
2025-04-29 08:00:00,1745931600000,184.37,184.87,182.89,183.8999,962120.0,183.5477
2025-04-29 08:15:00,1745932500000,183.8,184.14,183.5,183.98,370148.0,183.908
2025-04-29 08:30:00,1745933400000,183.99,185.8295,183.68,184.265,5670663.0,184.5827
2025-04-29 08:45:00,1745934300000,184.265,185.615,184.25,185.03,2165646.0,184.9944
2025-04-29 09:00:00,1745935200000,184.99,186.83,184.65,186.76,3296024.0,185.7478
2025-04-29 09:15:00,1745936100000,186.73,186.77,185.34,185.795,3501472.0,186.138
2025-04-29 09:30:00,1745937000000,185.795,186.78,185.69,186.16,1768109.0,186.2578
2025-04-29 09:45:00,1745937900000,186.16,187.0,186.06,186.76,967483.0,186.6413
2025-04-29 10:00:00,1745938800000,186.76,187.14,185.94,186.23,1072754.0,186.6067
2025-04-29 10:15:00,1745939700000,186.27,186.49,185.77,186.295,1021319.0,186.0922
2025-04-29 10:30:00,1745940600000,186.32,186.86,185.85,186.83,769972.0,186.3367
2025-04-29 10:45:00,1745941500000,186.83,187.04,186.4801,186.65,1477104.0,186.7932
2025-04-29 11:00:00,1745942400000,186.61,187.44,186.49,187.21,628455.0,187.0997
2025-04-29 11:15:00,1745943300000,187.22,187.24,186.7,186.9563,557839.0,186.9159
2025-04-29 11:30:00,1745944200000,186.95,187.0899,186.5613,186.9,421003.0,186.8496
2025-04-29 11:45:00,1745945100000,186.89,186.89,185.59,185.878,799203.0,186.1573
2025-04-29 12:00:00,1745946000000,185.87,186.26,185.76,186.18,529644.0,186.0395
2025-04-29 12:15:00,1745946900000,186.17,186.78,186.11,186.31,601627.0,186.511
2025-04-29 12:30:00,1745947800000,186.32,186.84,186.25,186.805,493146.0,186.5299
2025-04-29 12:45:00,1745948700000,186.81,187.62,186.71,187.58,945068.0,187.2622
2025-04-29 13:00:00,1745949600000,187.5803,187.9003,187.44,187.5446,1080363.0,187.67
2025-04-29 13:15:00,1745950500000,187.525,188.0158,187.22,187.94,793768.0,187.6269
2025-04-29 13:30:00,1745951400000,187.9386,188.0097,187.5,187.73,557372.0,187.7574
2025-04-29 13:45:00,1745952300000,187.73,187.73,187.33,187.465,711568.0,187.5406
2025-04-29 14:00:00,1745953200000,187.47,188.0,187.43,187.565,657784.0,187.6592
2025-04-29 14:15:00,1745954100000,187.567,187.75,187.2844,187.41,683779.0,187.4683
2025-04-29 14:30:00,1745955000000,187.42,187.6113,187.1381,187.21,645405.0,187.3889
2025-04-29 14:45:00,1745955900000,187.22,187.96,187.03,187.4,1853835.0,187.4563
2025-04-29 15:00:00,1745956800000,187.39,187.6,187.1,187.25,1171852.0,187.3979
2025-04-29 15:15:00,1745957700000,187.3,187.39,187.1,187.1,17393.0,187.2929
2025-04-29 15:30:00,1745958600000,187.04,187.15,186.75,187.0,44995.0,186.9303
2025-04-29 15:45:00,1745959500000,187.0,187.39,186.8501,187.2492,21805.0,187.3514
2025-04-29 16:00:00,1745960400000,187.2,187.23,186.9001,186.927,15087.0,187.0478
2025-04-29 16:15:00,1745961300000,186.9979,186.9979,186.85,186.85,11540.0,186.9062
2025-04-29 16:30:00,1745962200000,186.84,186.99,186.81,186.81,10312.0,186.854
2025-04-29 16:45:00,1745963100000,186.76,186.84,186.7042,186.8,8963.0,186.7742
2025-04-29 17:00:00,1745964000000,186.7,186.8,186.7,186.8,5712.0,186.7541
2025-04-29 17:15:00,1745964900000,186.93,186.9918,186.54,186.66,4887.0,186.8232
2025-04-29 17:30:00,1745965800000,186.5194,186.8,186.51,186.7,4227.0,186.6369
2025-04-29 17:45:00,1745966700000,186.7122,186.8,186.62,186.62,6306.0,186.7073
2025-04-29 18:00:00,1745967600000,186.62,186.67,186.4,186.4,7379.0,186.5272
2025-04-29 18:15:00,1745968500000,186.37,186.42,186.1236,186.29,24940.0,186.289
2025-04-29 18:30:00,1745969400000,186.36,186.49,186.25,186.35,8678.0,186.3919
2025-04-29 18:45:00,1745970300000,186.44,186.53,186.31,186.41,14711.0,186.4385
2025-04-30 03:00:00,1746000000000,186.99,187.22,186.86,187.2,11556.0,186.9851
2025-04-30 03:15:00,1746000900000,187.2,187.3,187.0,187.0,4788.0,187.1477
2025-04-30 03:30:00,1746001800000,186.85,186.85,186.8,186.8,3328.0,186.8436
2025-04-30 03:45:00,1746002700000,186.88,187.0,186.88,187.0,1238.0,186.9825
2025-04-30 04:00:00,1746003600000,186.78,186.78,186.77,186.77,630.0,186.7852
2025-04-30 04:15:00,1746004500000,187.06,187.11,187.06,187.11,614.0,187.0836
2025-04-30 04:30:00,1746005400000,187.15,187.21,187.15,187.15,3031.0,187.1621
2025-04-30 04:45:00,1746006300000,186.96,186.96,186.96,186.96,269.0,186.9593
2025-04-30 05:00:00,1746007200000,186.86,186.95,186.66,186.66,4642.0,186.8096
2025-04-30 05:15:00,1746008100000,186.66,186.83,186.66,186.83,1184.0,186.7571
2025-04-30 05:30:00,1746009000000,186.63,186.63,185.25,186.0,29922.0,185.991
2025-04-30 05:45:00,1746009900000,185.85,186.15,185.85,186.15,1410.0,185.9917
2025-04-30 06:00:00,1746010800000,186.31,186.78,186.29,186.45,19392.0,186.5405
2025-04-30 06:15:00,1746011700000,186.46,186.46,186.05,186.1,8961.0,186.2771
2025-04-30 06:30:00,1746012600000,186.07,186.18,185.87,186.18,8674.0,185.9772
2025-04-30 06:45:00,1746013500000,185.99,186.05,185.6,185.72,9979.0,185.8216
2025-04-30 07:00:00,1746014400000,186.7,187.15,185.11,185.3178,81460.0,185.9238
2025-04-30 07:15:00,1746015300000,185.17,185.29,183.7,184.03,152325.0,184.13
2025-04-30 07:30:00,1746016200000,184.05,184.31,182.8,182.9591,196649.0,183.2042
2025-04-30 07:45:00,1746017100000,182.8999,183.0,182.24,182.95,204780.0,182.6242
2025-04-30 08:00:00,1746018000000,182.86,182.9398,182.03,182.31,97206.0,182.4286
2025-04-30 08:15:00,1746018900000,182.26,182.72,182.0,182.08,127407.0,182.2166
2025-04-30 08:30:00,1746019800000,182.17,182.17,179.61,180.52,4865077.0,180.9116
2025-04-30 08:45:00,1746020700000,180.48,180.67,179.09,179.325,2218514.0,179.9782
2025-04-30 09:00:00,1746021600000,179.36,180.35,178.85,180.32,2788649.0,179.5549
2025-04-30 09:15:00,1746022500000,180.33,181.1,180.18,181.0379,1700732.0,180.6057
2025-04-30 09:30:00,1746023400000,181.0,181.4924,180.18,180.93,1786827.0,180.7527
2025-04-30 09:45:00,1746024300000,180.91,181.275,180.32,180.8925,1548670.0,180.7858
2025-04-30 10:00:00,1746025200000,180.89,182.05,180.87,181.92,1023739.0,181.6676
2025-04-30 10:15:00,1746026100000,181.93,182.11,181.19,181.74,1100292.0,181.7095
2025-04-30 10:30:00,1746027000000,181.75,182.04,181.54,182.015,929152.0,181.8112
2025-04-30 10:45:00,1746027900000,182.015,182.14,181.41,181.845,776224.0,181.8539
2025-04-30 11:00:00,1746028800000,181.83,182.01,181.28,181.52,710704.0,181.698
2025-04-30 11:15:00,1746029700000,181.5253,181.69,180.83,180.885,891114.0,181.2212
2025-04-30 11:30:00,1746030600000,180.9,181.49,180.61,181.1426,739445.0,181.0364
2025-04-30 11:45:00,1746031500000,181.135,181.54,181.11,181.4248,500809.0,181.3411
2025-04-30 12:00:00,1746032400000,181.435,181.63,180.489,180.7459,674478.0,181.0066
2025-04-30 12:15:00,1746033300000,180.75,181.6915,180.75,181.69,615505.0,181.204
2025-04-30 12:30:00,1746034200000,181.68,182.02,181.47,182.0013,904873.0,181.7917
2025-04-30 12:45:00,1746035100000,181.97,182.25,181.665,181.895,731600.0,181.978
2025-04-30 13:00:00,1746036000000,181.895,183.08,181.68,182.585,1382592.0,182.4425
2025-04-30 13:15:00,1746036900000,182.6,183.01,181.61,182.12,1082563.0,182.4264
2025-04-30 13:30:00,1746037800000,182.07,182.3896,181.65,181.745,801358.0,181.9654
2025-04-30 13:45:00,1746038700000,181.74,182.38,181.65,181.685,951873.0,181.9891
2025-04-30 14:00:00,1746039600000,181.68,182.1,181.6798,182.085,731727.0,181.9491
2025-04-30 14:15:00,1746040500000,182.09,182.25,181.75,181.79,986339.0,181.9796
2025-04-30 14:30:00,1746041400000,181.8014,182.555,181.7,182.5,1120471.0,182.0568
2025-04-30 14:45:00,1746042300000,182.5,185.05,182.41,184.32,5989552.0,184.1336
2025-04-30 15:00:00,1746043200000,184.42,188.85,183.7,188.42,2009329.0,185.5532
2025-04-30 15:15:00,1746044100000,188.4,189.4,184.42,189.0975,455843.0,188.7214
2025-04-30 15:30:00,1746045000000,189.0,190.8799,188.7001,190.45,480163.0,189.9023
2025-04-30 15:45:00,1746045900000,190.51,190.72,184.42,189.08,267120.0,189.8488
2025-04-30 16:00:00,1746046800000,189.11,189.97,184.42,189.55,115475.0,189.3766
2025-04-30 16:15:00,1746047700000,189.55,189.55,189.0,189.28,49680.0,189.2501
2025-04-30 16:30:00,1746048600000,189.3,189.83,189.0823,189.26,92417.0,189.3988
2025-04-30 16:45:00,1746049500000,189.05,189.3647,188.1617,189.0,92365.0,188.6306
2025-04-30 17:00:00,1746050400000,189.3,191.29,189.22,190.5,308678.0,190.5231
2025-04-30 17:15:00,1746051300000,190.5,190.5,189.7,190.0,72609.0,190.1667
2025-04-30 17:30:00,1746052200000,190.01,190.2738,189.6,189.78,44131.0,189.9678
2025-04-30 17:45:00,1746053100000,189.88,190.25,189.88,190.24,39777.0,190.1068
2025-04-30 18:00:00,1746054000000,190.24,190.695,190.01,190.59,62595.0,190.3574
2025-04-30 18:15:00,1746054900000,190.43,190.68,190.36,190.58,30553.0,190.5266
2025-04-30 18:30:00,1746055800000,190.6057,190.75,190.42,190.59,20642.0,190.5959
2025-04-30 18:45:00,1746056700000,190.68,191.0,190.46,190.8,69184.0,190.6259
2025-05-01 03:00:00,1746086400000,191.2,191.4,190.75,191.05,28030.0,191.072
2025-05-01 03:15:00,1746087300000,191.2,191.4,191.15,191.4,25727.0,191.257
2025-05-01 03:30:00,1746088200000,191.34,191.76,191.3,191.76,16315.0,191.5043
2025-05-01 03:45:00,1746089100000,191.85,192.18,191.8,191.89,16986.0,191.9757
2025-05-01 04:00:00,1746090000000,191.84,192.0,191.7,191.7,41404.0,191.8836
2025-05-01 04:15:00,1746090900000,191.77,191.84,191.32,191.76,13611.0,191.6747
2025-05-01 04:30:00,1746091800000,191.8,191.99,191.01,191.32,33428.0,191.6736
2025-05-01 04:45:00,1746092700000,191.55,191.83,191.55,191.65,18714.0,191.6931
2025-05-01 05:00:00,1746093600000,191.69,191.69,191.35,191.36,14892.0,191.496
2025-05-01 05:15:00,1746094500000,191.48,191.5,191.26,191.35,15710.0,191.4033
2025-05-01 05:30:00,1746095400000,191.31,191.31,191.08,191.14,15222.0,191.1925
2025-05-01 05:45:00,1746096300000,191.12,191.27,191.04,191.27,14892.0,191.1575
2025-05-01 06:00:00,1746097200000,191.37,191.85,191.25,191.72,57319.0,191.5968
2025-05-01 06:15:00,1746098100000,191.65,191.85,191.15,191.25,63211.0,191.4075
2025-05-01 06:30:00,1746099000000,191.25,191.45,191.16,191.18,77463.0,191.248
2025-05-01 06:45:00,1746099900000,191.18,191.5,191.16,191.22,92943.0,191.3136
2025-05-01 07:00:00,1746100800000,191.65,192.18,190.72,191.6,356123.0,191.305
2025-05-01 07:15:00,1746101700000,191.65,191.75,184.42,191.29,166404.0,191.4683
2025-05-01 07:30:00,1746102600000,191.21,191.43,184.42,190.51,166618.0,190.4109
2025-05-01 07:45:00,1746103500000,190.55,190.75,189.75,190.1425,161842.0,190.2948
2025-05-01 08:00:00,1746104400000,189.76,190.7012,189.6,190.117,166935.0,190.2162
2025-05-01 08:15:00,1746105300000,190.12,191.0,189.93,190.65,139992.0,190.4324
2025-05-01 08:30:00,1746106200000,190.63,191.18,187.89,188.66,6931365.0,189.8234
2025-05-01 08:45:00,1746107100000,188.65,189.86,187.5,187.61,2446531.0,188.8432
2025-05-01 09:00:00,1746108000000,187.62,188.79,187.6,188.6501,2077000.0,188.1704
2025-05-01 09:15:00,1746108900000,188.65,189.2005,188.48,189.19,1649545.0,188.8332
2025-05-01 09:30:00,1746109800000,189.182,190.32,188.79,189.9548,1871669.0,189.6458
2025-05-01 09:45:00,1746110700000,189.98,190.325,189.5813,190.255,1589153.0,190.0479
2025-05-01 10:00:00,1746111600000,190.255,190.86,189.97,190.84,1415906.0,190.4104
2025-05-01 10:15:00,1746112500000,190.84,190.98,190.33,190.36,1541689.0,190.6211
2025-05-01 10:30:00,1746113400000,190.38,190.49,189.71,189.8027,1150843.0,190.1465
2025-05-01 10:45:00,1746114300000,189.83,189.91,188.9,189.195,1106239.0,189.483
2025-05-01 11:00:00,1746115200000,189.2,189.5807,188.95,189.21,997517.0,189.3146
2025-05-01 11:15:00,1746116100000,189.2,189.67,188.66,189.551,1116118.0,189.1745
2025-05-01 11:30:00,1746117000000,189.56,189.83,189.276,189.47,1630463.0,189.5492
2025-05-01 11:45:00,1746117900000,189.48,189.48,188.65,188.985,1180082.0,189.0499
2025-05-01 12:00:00,1746118800000,188.97,190.09,188.91,190.0089,1478358.0,189.7332
2025-05-01 12:15:00,1746119700000,189.99,190.5,189.77,189.8901,1113448.0,190.1891
2025-05-01 12:30:00,1746120600000,189.935,190.1696,189.42,189.61,1066993.0,189.8428
2025-05-01 12:45:00,1746121500000,189.585,189.9,189.37,189.65,1056961.0,189.6748
2025-05-01 13:00:00,1746122400000,189.66,190.28,189.55,190.11,1168441.0,189.9489
2025-05-01 13:15:00,1746123300000,190.105,190.32,189.73,189.9464,911112.0,190.0401
2025-05-01 13:30:00,1746124200000,189.96,190.54,189.9,190.48,1195796.0,190.2109
2025-05-01 13:45:00,1746125100000,190.49,190.59,189.9101,190.255,1452645.0,190.2961
2025-05-01 14:00:00,1746126000000,190.255,190.58,189.97,190.55,1567894.0,190.2948
2025-05-01 14:15:00,1746126900000,190.54,191.8,190.53,191.685,3314416.0,191.2498
2025-05-01 14:30:00,1746127800000,191.685,191.79,190.63,191.3,2941161.0,191.161
2025-05-01 14:45:00,1746128700000,191.31,191.8071,189.65,189.835,5603800.0,190.6022
2025-05-01 15:00:00,1746129600000,190.2,193.0,179.88,184.96,4829392.0,183.5378
2025-05-01 15:15:00,1746130500000,184.9985,190.2228,182.55,182.83,2176389.0,184.7095
2025-05-01 15:30:00,1746131400000,182.97,184.3,180.58,181.6447,1280464.0,182.3464
2025-05-01 15:45:00,1746132300000,181.7382,190.2,181.5,181.95,646805.0,182.0121
2025-05-01 16:00:00,1746133200000,181.9,183.49,181.8102,183.1,547615.0,182.7501
2025-05-01 16:15:00,1746134100000,183.1,188.5,182.6,187.35,1563088.0,186.0537
2025-05-01 16:30:00,1746135000000,187.4,189.3,185.22,185.22,1129251.0,187.3535
2025-05-01 16:45:00,1746135900000,185.2,187.5,184.25,186.0,579372.0,185.8736
2025-05-01 17:00:00,1746136800000,186.0,186.45,185.0,186.0274,209541.0,185.6734
2025-05-01 17:15:00,1746137700000,186.08,186.99,185.3103,186.6769,240270.0,186.0693
2025-05-01 17:30:00,1746138600000,186.5614,186.6723,185.0,185.872,109459.0,185.9762
2025-05-01 17:45:00,1746139500000,185.81,185.9,185.72,185.82,83812.0,185.817
2025-05-01 18:00:00,1746140400000,185.8198,186.0,185.81,185.81,103759.0,185.855
2025-05-01 18:15:00,1746141300000,185.81,186.0,185.81,185.81,86120.0,185.8791
2025-05-01 18:30:00,1746142200000,185.81,185.82,185.0,185.02,165841.0,185.2349
2025-05-01 18:45:00,1746143100000,185.03,185.09,184.1,184.1,149321.0,184.6739
2025-05-02 03:00:00,1746172800000,186.29,186.29,185.19,185.65,39059.0,185.45
2025-05-02 03:15:00,1746173700000,185.68,186.16,185.68,185.9,41390.0,185.9744
2025-05-02 03:30:00,1746174600000,185.89,186.22,185.8,185.9,74242.0,185.9139
2025-05-02 03:45:00,1746175500000,186.11,186.25,185.95,186.0,41572.0,186.1101
2025-05-02 04:00:00,1746176400000,186.0,186.0,185.4,185.9,146473.0,185.612
2025-05-02 04:15:00,1746177300000,185.93,186.25,185.93,186.16,20472.0,186.1416
2025-05-02 04:30:00,1746178200000,186.18,187.17,186.18,187.02,60700.0,186.523
2025-05-02 04:45:00,1746179100000,187.01,187.64,187.0,187.3,35343.0,187.3612
2025-05-02 05:00:00,1746180000000,187.32,187.48,187.0,187.28,31383.0,187.247
2025-05-02 05:15:00,1746180900000,187.2,187.9,186.92,187.72,32190.0,187.2541
2025-05-02 05:30:00,1746181800000,187.7,187.9,187.21,187.72,43690.0,187.4866
2025-05-02 05:45:00,1746182700000,187.64,188.82,187.64,188.26,98466.0,188.1896
2025-05-02 06:00:00,1746183600000,188.25,189.22,188.1,188.85,119533.0,188.6995
2025-05-02 06:15:00,1746184500000,188.71,189.4,188.71,189.02,127098.0,189.0982
2025-05-02 06:30:00,1746185400000,189.04,189.11,188.55,188.72,140360.0,188.8777
2025-05-02 06:45:00,1746186300000,188.7,188.75,188.52,188.53,59621.0,188.6351
2025-05-02 07:00:00,1746187200000,188.24,190.47,184.75,190.46,827317.0,188.9411
2025-05-02 07:15:00,1746188100000,190.3,190.5,189.25,189.3492,272197.0,189.8685
2025-05-02 07:30:00,1746189000000,189.32,191.81,189.3194,191.81,760657.0,190.7768
2025-05-02 07:45:00,1746189900000,191.81,193.2,191.81,192.6193,825077.0,192.4174
2025-05-02 08:00:00,1746190800000,192.62,193.32,191.92,192.62,547983.0,192.6329
2025-05-02 08:15:00,1746191700000,192.7,192.85,191.1008,191.49,375223.0,191.9645
2025-05-02 08:30:00,1746192600000,191.435,192.3,187.25,188.37,10932466.0,189.4485
2025-05-02 08:45:00,1746193500000,188.38,188.75,186.4,187.41,5947700.0,187.5049
2025-05-02 09:00:00,1746194400000,187.445,189.95,187.2707,189.16,4484799.0,189.0334
2025-05-02 09:15:00,1746195300000,189.165,189.95,188.63,189.61,3486174.0,189.3335
2025-05-02 09:30:00,1746196200000,189.64,189.75,188.53,188.7104,2192710.0,188.9292
2025-05-02 09:45:00,1746197100000,188.72,189.18,188.12,189.15,2250123.0,188.5499
2025-05-02 10:00:00,1746198000000,189.14,190.97,189.01,190.84,2913883.0,190.096
2025-05-02 10:15:00,1746198900000,190.834,191.21,189.24,189.3299,2900566.0,190.2611
2025-05-02 10:30:00,1746199800000,189.33,189.63,188.79,189.59,1858810.0,189.2696
2025-05-02 10:45:00,1746200700000,189.59,190.1,189.46,190.0,1341035.0,189.7515
2025-05-02 11:00:00,1746201600000,190.0,192.42,189.84,192.325,3895113.0,191.2325
2025-05-02 11:15:00,1746202500000,192.31,192.88,191.903,192.0286,3092423.0,192.453
2025-05-02 11:30:00,1746203400000,192.02,192.4196,191.58,192.355,1838899.0,191.9997
2025-05-02 11:45:00,1746204300000,192.34,192.4,191.2603,191.372,1566216.0,191.9415
2025-05-02 12:00:00,1746205200000,191.3785,191.6604,190.75,190.925,1406972.0,191.1708
2025-05-02 12:15:00,1746206100000,190.94,191.04,190.3,190.825,1188490.0,190.6548
2025-05-02 12:30:00,1746207000000,190.822,191.06,190.14,190.34,1065533.0,190.5944
2025-05-02 12:45:00,1746207900000,190.35,190.62,190.16,190.39,1082835.0,190.39
2025-05-02 13:00:00,1746208800000,190.39,191.27,190.16,191.2031,1582286.0,190.6797
2025-05-02 13:15:00,1746209700000,191.1965,191.2696,190.71,190.945,1084558.0,190.9856
2025-05-02 13:30:00,1746210600000,190.945,191.43,190.81,190.83,958491.0,191.0797
2025-05-02 13:45:00,1746211500000,190.84,190.8798,189.94,190.18,1332193.0,190.2827
2025-05-02 14:00:00,1746212400000,190.15,190.28,189.665,190.075,1309383.0,189.9496
2025-05-02 14:15:00,1746213300000,190.0616,190.48,190.0005,190.37,1336446.0,190.2613
2025-05-02 14:30:00,1746214200000,190.35,190.58,189.9,190.39,1740369.0,190.2478
2025-05-02 14:45:00,1746215100000,190.4,190.67,189.725,190.0,4202000.0,190.1016
2025-05-02 15:00:00,1746216000000,189.98,190.0922,189.7,189.79,582811.0,189.9756
2025-05-02 15:15:00,1746216900000,189.75,189.98,189.55,189.97,72112.0,189.7597
2025-05-02 15:30:00,1746217800000,189.91,189.979,189.78,189.88,29535.0,189.8737
2025-05-02 15:45:00,1746218700000,189.87,190.01,189.8001,189.95,44782.0,190.079
2025-05-02 16:00:00,1746219600000,189.96,190.0499,189.91,189.94,26508.0,190.5254
2025-05-02 16:15:00,1746220500000,189.95,190.07,189.81,189.8276,28682.0,189.9232
2025-05-02 16:30:00,1746221400000,189.95,190.05,189.95,190.0,13692.0,190.0117
2025-05-02 16:45:00,1746222300000,190.0059,190.0059,189.9,189.97,5787.0,189.9401
2025-05-02 17:00:00,1746223200000,189.9756,189.98,189.8212,189.9,11319.0,189.9431
2025-05-02 17:15:00,1746224100000,189.88,189.9,189.8217,189.8332,14745.0,189.853
2025-05-02 17:30:00,1746225000000,189.85,189.97,189.82,189.97,10904.0,189.8827
2025-05-02 17:45:00,1746225900000,189.93,189.97,189.92,189.94,6884.0,189.944
2025-05-02 18:00:00,1746226800000,189.95,189.96,189.9,189.9,8225.0,189.9387
2025-05-02 18:15:00,1746227700000,189.92,189.9494,189.9,189.9099,8487.0,189.9215
2025-05-02 18:30:00,1746228600000,189.9,189.9399,189.895,189.91,21782.0,189.9052
2025-05-02 18:45:00,1746229500000,189.91,189.95,189.9,189.9,17020.0,189.923
2025-05-05 03:00:00,1746432000000,189.24,189.52,188.01,188.14,28483.0,188.2722
2025-05-05 03:15:00,1746432900000,188.08,188.17,187.97,188.0,19422.0,188.0351
2025-05-05 03:30:00,1746433800000,187.91,187.91,187.32,187.41,32503.0,187.5765
2025-05-05 03:45:00,1746434700000,187.39,187.42,187.16,187.42,8660.0,187.2999
2025-05-05 04:00:00,1746435600000,187.35,187.4,187.15,187.17,6601.0,187.2325
2025-05-05 04:15:00,1746436500000,187.17,187.3,187.12,187.29,26010.0,187.2723
2025-05-05 04:30:00,1746437400000,187.28,187.39,187.28,187.39,8609.0,187.3329
2025-05-05 04:45:00,1746438300000,187.3,187.38,187.2,187.21,12037.0,187.2833
2025-05-05 05:00:00,1746439200000,187.08,187.2,187.0,187.09,16561.0,187.1072
2025-05-05 05:15:00,1746440100000,187.08,187.1,186.96,186.96,9757.0,187.0298
2025-05-05 05:30:00,1746441000000,186.95,187.0,186.71,186.71,12096.0,186.8659
2025-05-05 05:45:00,1746441900000,186.7,187.09,186.68,187.06,15241.0,186.877
2025-05-05 06:00:00,1746442800000,187.09,187.38,187.0,187.38,32864.0,187.2029
2025-05-05 06:15:00,1746443700000,187.33,187.39,187.04,187.04,12803.0,187.2275
2025-05-05 06:30:00,1746444600000,187.0,187.15,186.9,186.93,21081.0,187.0093
2025-05-05 06:45:00,1746445500000,187.05,187.05,186.95,186.95,12325.0,187.0057
2025-05-05 07:00:00,1746446400000,187.29,188.42,186.7,187.16,142392.0,187.3507
2025-05-05 07:15:00,1746447300000,187.1089,187.3,187.0,187.11,20671.0,187.1733
2025-05-05 07:30:00,1746448200000,187.1,187.15,186.9,187.05,32139.0,187.0201
2025-05-05 07:45:00,1746449100000,187.02,187.24,186.7572,187.23,81947.0,187.0283
2025-05-05 08:00:00,1746450000000,187.2,187.42,186.95,187.06,59529.0,187.151
2025-05-05 08:15:00,1746450900000,187.05,187.3,186.0,186.45,119186.0,186.4975
2025-05-05 08:30:00,1746451800000,186.51,187.78,185.53,186.43,3721825.0,186.7005
2025-05-05 08:45:00,1746452700000,186.42,186.55,185.7,186.185,1870704.0,186.1413
2025-05-05 09:00:00,1746453600000,186.22,187.35,186.14,187.12,1708123.0,186.8149
2025-05-05 09:15:00,1746454500000,187.13,187.9,186.98,187.1694,1330857.0,187.4493
2025-05-05 09:30:00,1746455400000,187.1512,187.6,186.7,187.54,1216821.0,187.1737
2025-05-05 09:45:00,1746456300000,187.525,187.72,187.07,187.54,1022754.0,187.4739
2025-05-05 10:00:00,1746457200000,187.49,188.02,187.11,187.36,1310710.0,187.6498
2025-05-05 10:15:00,1746458100000,187.315,188.18,187.22,187.625,871341.0,187.7174
2025-05-05 10:30:00,1746459000000,187.62,187.7899,186.84,187.01,875800.0,187.2708
2025-05-05 10:45:00,1746459900000,186.995,187.3188,186.87,187.095,667840.0,187.0634
2025-05-05 11:00:00,1746460800000,187.09,187.4,186.92,187.19,650817.0,187.1904
2025-05-05 11:15:00,1746461700000,187.18,187.46,186.98,187.3473,724686.0,187.2499
2025-05-05 11:30:00,1746462600000,187.3332,187.36,186.9,187.29,644804.0,187.1607
2025-05-05 11:45:00,1746463500000,187.3,187.78,187.28,187.73,888993.0,187.5999
2025-05-05 12:00:00,1746464400000,187.73,188.0,187.46,187.49,782833.0,187.7455
2025-05-05 12:15:00,1746465300000,187.47,187.57,187.24,187.477,476775.0,187.4095
2025-05-05 12:30:00,1746466200000,187.48,187.84,187.19,187.2674,898293.0,187.5132
2025-05-05 12:45:00,1746467100000,187.2501,187.3899,187.1809,187.245,503842.0,187.2911
2025-05-05 13:00:00,1746468000000,187.245,187.47,187.06,187.47,574201.0,187.1979
2025-05-05 13:15:00,1746468900000,187.445,187.7294,187.34,187.3476,753359.0,187.5503
2025-05-05 13:30:00,1746469800000,187.33,187.53,187.22,187.4418,680996.0,187.3809
2025-05-05 13:45:00,1746470700000,187.43,187.44,187.1,187.13,791118.0,187.2874
2025-05-05 14:00:00,1746471600000,187.12,187.18,186.84,186.84,864582.0,186.9865
2025-05-05 14:15:00,1746472500000,186.85,187.09,186.63,186.87,916530.0,186.8768
2025-05-05 14:30:00,1746473400000,186.84,187.25,186.72,186.82,911768.0,187.0032
2025-05-05 14:45:00,1746474300000,186.82,186.97,186.11,186.21,2218289.0,186.4468
2025-05-05 15:00:00,1746475200000,186.35,186.39,186.1,186.1704,766600.0,186.342
2025-05-05 15:15:00,1746476100000,186.2,186.2397,186.0,186.11,28344.0,186.1122
2025-05-05 15:30:00,1746477000000,186.2,186.25,186.0,186.15,50017.0,186.078
2025-05-05 15:45:00,1746477900000,186.15,186.34,186.15,186.34,20144.0,186.5152
2025-05-05 16:00:00,1746478800000,186.34,186.37,186.2,186.2399,14174.0,186.4388
2025-05-05 16:15:00,1746479700000,186.2,186.35,186.02,186.15,19983.0,186.1624
2025-05-05 16:30:00,1746480600000,186.18,186.1885,186.06,186.0627,8591.0,186.1373
2025-05-05 16:45:00,1746481500000,186.06,186.1673,186.06,186.15,9473.0,186.0866
2025-05-05 17:00:00,1746482400000,186.1,186.27,186.1,186.27,9057.0,186.1573
2025-05-05 17:15:00,1746483300000,186.22,186.2817,186.17,186.24,3011.0,186.2248
2025-05-05 17:30:00,1746484200000,186.15,186.2208,186.15,186.2,5177.0,186.1882
2025-05-05 17:45:00,1746485100000,186.2001,186.24,186.06,186.16,8468.0,186.1334
2025-05-05 18:00:00,1746486000000,186.16,186.24,186.09,186.2,6229.0,186.1742
2025-05-05 18:15:00,1746486900000,186.15,186.2,186.06,186.15,10705.0,186.1543
2025-05-05 18:30:00,1746487800000,186.12,186.35,186.06,186.0642,4850.0,186.1697
2025-05-05 18:45:00,1746488700000,186.1294,186.2,186.05,186.13,10538.0,186.0945
2025-05-06 03:00:00,1746518400000,185.9,185.9,184.8,184.8,21181.0,185.0698
2025-05-06 03:15:00,1746519300000,184.93,184.93,184.39,184.65,12635.0,184.6493
2025-05-06 03:30:00,1746520200000,184.56,184.92,184.56,184.79,4133.0,184.7256
2025-05-06 03:45:00,1746521100000,184.77,184.91,184.69,184.69,2965.0,184.7925
2025-05-06 04:00:00,1746522000000,184.92,184.92,184.5,184.5,7838.0,184.7025
2025-05-06 04:15:00,1746522900000,184.43,184.49,184.43,184.43,1253.0,184.4367
2025-05-06 04:30:00,1746523800000,184.59,184.71,184.33,184.33,12767.0,184.524
2025-05-06 04:45:00,1746524700000,184.35,184.68,184.35,184.57,3552.0,184.5766
2025-05-06 05:00:00,1746525600000,184.63,184.8,184.63,184.68,2116.0,184.7177
2025-05-06 05:15:00,1746526500000,184.88,185.0,184.57,184.61,11666.0,184.739
2025-05-06 05:30:00,1746527400000,184.82,184.89,184.69,184.69,1571.0,184.8169
2025-05-06 05:45:00,1746528300000,184.82,184.9,184.75,184.9,1694.0,184.7882
2025-05-06 06:00:00,1746529200000,184.98,185.27,184.96,185.1,20842.0,185.0914
2025-05-06 06:15:00,1746530100000,185.0,185.0,184.47,184.53,22626.0,184.695
2025-05-06 06:30:00,1746531000000,184.55,184.92,184.46,184.78,7664.0,184.7391
2025-05-06 06:45:00,1746531900000,184.91,184.92,184.15,184.45,37846.0,184.3352
2025-05-06 07:00:00,1746532800000,185.1,185.97,184.15,184.48,108793.0,184.8749
2025-05-06 07:15:00,1746533700000,184.5,184.52,184.2,184.26,18463.0,184.3256
2025-05-06 07:30:00,1746534600000,184.3513,184.3513,184.1,184.16,29657.0,184.1896
2025-05-06 07:45:00,1746535500000,184.14,184.45,184.1,184.3501,40622.0,184.2877
2025-05-06 08:00:00,1746536400000,184.37,184.576,184.15,184.15,50699.0,184.3194
2025-05-06 08:15:00,1746537300000,184.15,184.8,184.08,184.67,498483.0,185.9804
2025-05-06 08:30:00,1746538200000,184.57,186.31,183.85,186.16,2732329.0,185.1829
2025-05-06 08:45:00,1746539100000,186.18,186.18,184.72,185.01,1557406.0,185.282
2025-05-06 09:00:00,1746540000000,185.0,186.03,184.63,185.82,1344933.0,185.2552
2025-05-06 09:15:00,1746540900000,185.82,187.03,185.82,186.65,1201473.0,186.5758
2025-05-06 09:30:00,1746541800000,186.67,187.13,186.4717,186.74,802850.0,186.7985
2025-05-06 09:45:00,1746542700000,186.75,187.071,186.23,186.4534,814296.0,186.5941
2025-05-06 10:00:00,1746543600000,186.4025,186.63,186.18,186.43,673775.0,186.4423
2025-05-06 10:15:00,1746544500000,186.4,186.83,186.18,186.82,472767.0,186.5499
2025-05-06 10:30:00,1746545400000,186.81,186.9,186.34,186.41,596070.0,186.6987
2025-05-06 10:45:00,1746546300000,186.39,186.57,186.14,186.17,473278.0,186.3351
2025-05-06 11:00:00,1746547200000,186.16,187.93,186.05,187.72,905360.0,186.7988
2025-05-06 11:15:00,1746548100000,187.73,187.75,186.18,186.395,761076.0,186.799
2025-05-06 11:30:00,1746549000000,186.37,186.7616,186.1415,186.195,476965.0,186.5045
2025-05-06 11:45:00,1746549900000,186.195,186.25,185.5201,185.57,650532.0,185.922
2025-05-06 12:00:00,1746550800000,185.59,185.97,185.37,185.785,634547.0,185.7447
2025-05-06 12:15:00,1746551700000,185.785,185.9609,185.1556,185.545,544367.0,185.5099
2025-05-06 12:30:00,1746552600000,185.54,185.89,185.0498,185.06,566527.0,185.532
2025-05-06 12:45:00,1746553500000,185.0556,185.43,184.995,185.32,504136.0,185.1989
2025-05-06 13:00:00,1746554400000,185.3399,185.94,185.3,185.49,693350.0,185.51
2025-05-06 13:15:00,1746555300000,185.51,185.94,185.5,185.9259,414619.0,185.7718
2025-05-06 13:30:00,1746556200000,185.9,185.97,185.51,185.545,712257.0,185.8067
2025-05-06 13:45:00,1746557100000,185.545,185.88,185.37,185.86,454325.0,185.632
2025-05-06 14:00:00,1746558000000,185.85,185.923,185.44,185.625,426144.0,185.6522
2025-05-06 14:15:00,1746558900000,185.625,185.8,185.38,185.73,513865.0,185.5785
2025-05-06 14:30:00,1746559800000,185.72,185.88,185.3499,185.5116,604320.0,185.5527
2025-05-06 14:45:00,1746560700000,185.51,185.73,184.94,184.96,2052917.0,185.2592
2025-05-06 15:00:00,1746561600000,185.01,185.01,184.18,184.7,1599071.0,185.002
2025-05-06 15:15:00,1746562500000,184.64,185.01,184.22,184.32,79489.0,184.8279
2025-05-06 15:30:00,1746563400000,184.32,184.71,184.3,184.4574,27079.0,184.5003
2025-05-06 15:45:00,1746564300000,184.5976,185.01,184.5,184.55,14302.0,184.611
2025-05-06 16:00:00,1746565200000,184.6,184.6,184.35,184.45,9151.0,184.4044
2025-05-06 16:15:00,1746566100000,184.44,184.4882,184.28,184.3,15818.0,184.4032
2025-05-06 16:30:00,1746567000000,184.28,184.45,184.17,184.2697,20870.0,184.3088
2025-05-06 16:45:00,1746567900000,184.26,184.32,184.12,184.18,12173.0,184.2234
2025-05-06 17:00:00,1746568800000,184.3,188.4898,184.29,187.0,218640.0,187.1735
2025-05-06 17:15:00,1746569700000,186.9,187.61,186.81,187.5,107571.0,187.3233
2025-05-06 17:30:00,1746570600000,187.4799,187.59,186.69,187.08,66626.0,187.2725
2025-05-06 17:45:00,1746571500000,187.11,187.87,187.01,187.87,56721.0,187.5083
2025-05-06 18:00:00,1746572400000,187.8681,187.874,187.14,187.3025,38605.0,187.5353
2025-05-06 18:15:00,1746573300000,187.4658,187.6998,187.38,187.65,41520.0,187.6032
2025-05-06 18:30:00,1746574200000,187.5014,187.69,187.39,187.65,29236.0,187.4973
2025-05-06 18:45:00,1746575100000,187.55,187.88,187.55,187.85,39422.0,187.7155
2025-05-07 03:00:00,1746604800000,187.25,187.44,186.71,186.8,19789.0,186.9855
2025-05-07 03:15:00,1746605700000,186.71,187.0,186.7,187.0,3117.0,186.9062
2025-05-07 03:30:00,1746606600000,187.09,187.24,187.02,187.05,3937.0,187.1142
2025-05-07 03:45:00,1746607500000,187.12,187.21,186.9,187.11,10496.0,187.0917
2025-05-07 04:00:00,1746608400000,187.12,187.21,186.79,186.94,3462.0,186.9835
2025-05-07 04:15:00,1746609300000,186.94,186.95,186.62,186.62,6693.0,186.7626
2025-05-07 04:30:00,1746610200000,186.65,186.76,186.6,186.76,4179.0,186.6384
2025-05-07 04:45:00,1746611100000,186.85,186.97,186.81,186.81,2949.0,186.8814
2025-05-07 05:00:00,1746612000000,186.7,186.76,186.62,186.76,3775.0,186.6939
2025-05-07 05:15:00,1746612900000,186.83,186.83,186.81,186.81,760.0,186.8222
2025-05-07 05:30:00,1746613800000,186.74,186.99,186.74,186.99,7472.0,186.934
2025-05-07 05:45:00,1746614700000,187.07,187.34,186.9,187.34,20552.0,187.2027
2025-05-07 06:00:00,1746615600000,187.28,187.37,187.0,187.16,21991.0,187.2111
2025-05-07 06:15:00,1746616500000,187.16,187.4,187.0,187.11,12453.0,187.1976
2025-05-07 06:30:00,1746617400000,187.15,187.2,187.02,187.04,10919.0,187.0972
2025-05-07 06:45:00,1746618300000,187.01,187.15,187.0,187.07,12147.0,187.0698
2025-05-07 07:00:00,1746619200000,187.25,187.52,186.12,186.3,129294.0,186.8594
2025-05-07 07:15:00,1746620100000,186.22,186.599,186.03,186.2163,39250.0,186.3557
2025-05-07 07:30:00,1746621000000,186.07,186.3598,186.07,186.334,20491.0,186.2275
2025-05-07 07:45:00,1746621900000,186.34,186.6,186.2,186.29,22875.0,186.4066
2025-05-07 08:00:00,1746622800000,186.25,186.25,185.7,185.9983,53762.0,185.9799
2025-05-07 08:15:00,1746623700000,185.88,186.2499,185.5,185.6,55938.0,185.9447
2025-05-07 08:30:00,1746624600000,185.56,188.15,185.01,187.86,3269239.0,186.7045
2025-05-07 08:45:00,1746625500000,187.87,187.992,186.58,187.8206,1759700.0,187.3975
2025-05-07 09:00:00,1746626400000,187.84,189.6396,187.48,189.6001,2205947.0,188.6239
2025-05-07 09:15:00,1746627300000,189.61,190.99,189.39,190.81,3206476.0,190.191
2025-05-07 09:30:00,1746628200000,190.82,190.97,190.09,190.52,1783883.0,190.4286
2025-05-07 09:45:00,1746629100000,190.52,190.55,188.8,188.94,1805784.0,189.5206
2025-05-07 10:00:00,1746630000000,188.94,189.2699,188.13,188.25,1469250.0,188.7813
2025-05-07 10:15:00,1746630900000,188.27,188.85,187.9,187.985,1216712.0,188.375
2025-05-07 10:30:00,1746631800000,187.985,188.4537,187.78,188.43,977858.0,188.1553
2025-05-07 10:45:00,1746632700000,188.435,188.6,187.31,188.215,1018903.0,188.0199
2025-05-07 11:00:00,1746633600000,188.2,188.4222,187.835,188.28,1876784.0,188.1186
2025-05-07 11:15:00,1746634500000,188.275,188.3799,187.77,187.8377,663232.0,188.0667
2025-05-07 11:30:00,1746635400000,187.83,188.52,187.81,188.465,653578.0,188.1236
2025-05-07 11:45:00,1746636300000,188.48,188.8799,188.36,188.84,698760.0,188.6258
2025-05-07 12:00:00,1746637200000,188.83,189.14,188.64,189.09,642984.0,188.8981
2025-05-07 12:15:00,1746638100000,189.1,189.22,188.71,188.9939,840725.0,188.9925
2025-05-07 12:30:00,1746639000000,188.97,189.025,188.38,188.4601,564306.0,188.6361
2025-05-07 12:45:00,1746639900000,188.455,189.0,187.91,188.305,884951.0,188.436
2025-05-07 13:00:00,1746640800000,188.43,188.88,186.55,186.88,1236146.0,187.3832
2025-05-07 13:15:00,1746641700000,186.865,187.98,186.58,187.74,1064362.0,187.4246
2025-05-07 13:30:00,1746642600000,187.7399,188.7,187.44,188.33,1439019.0,188.1158
2025-05-07 13:45:00,1746643500000,188.2902,189.02,187.28,188.7401,1385168.0,187.9289
2025-05-07 14:00:00,1746644400000,188.7668,188.88,188.12,188.5356,707247.0,188.5707
2025-05-07 14:15:00,1746645300000,188.5321,188.69,187.52,187.62,776610.0,188.175
2025-05-07 14:30:00,1746646200000,187.6,190.1,187.52,189.285,2150177.0,188.5545
2025-05-07 14:45:00,1746647100000,189.28,189.62,187.98,188.77,3228982.0,188.8847
2025-05-07 15:00:00,1746648000000,188.71,189.2,187.934,188.9,369000.0,188.6536
2025-05-07 15:15:00,1746648900000,188.98,189.09,188.6032,188.8,39796.0,188.9463
2025-05-07 15:30:00,1746649800000,188.6036,188.87,188.6,188.7888,11698.0,188.7246
2025-05-07 15:45:00,1746650700000,188.77,188.99,188.7176,188.98,18679.0,189.3698
2025-05-07 16:00:00,1746651600000,188.8726,189.08,188.71,189.0,19652.0,189.5238
2025-05-07 16:15:00,1746652500000,189.0,189.38,189.0,189.26,36280.0,189.2582
2025-05-07 16:30:00,1746653400000,189.4,189.4,189.06,189.34,4936.0,189.2449
2025-05-07 16:45:00,1746654300000,189.2515,189.37,189.1647,189.37,10466.0,189.2509
2025-05-07 17:00:00,1746655200000,189.17,189.17,188.9,188.91,13478.0,189.1088
2025-05-07 17:15:00,1746656100000,189.1791,189.38,189.08,189.15,5151.0,189.2119
2025-05-07 17:30:00,1746657000000,189.15,189.3775,189.01,189.1838,4831.0,189.2057
2025-05-07 17:45:00,1746657900000,189.11,189.13,189.0,189.02,4873.0,189.0857
2025-05-07 18:00:00,1746658800000,189.06,189.34,189.06,189.25,5701.0,189.1977
2025-05-07 18:15:00,1746659700000,189.25,189.3,189.1494,189.3,7474.0,189.2618
2025-05-07 18:30:00,1746660600000,189.34,189.5,189.0289,189.0999,9787.0,189.2751
2025-05-07 18:45:00,1746661500000,189.1,189.5,189.1,189.39,11813.0,189.2269
2025-05-08 03:00:00,1746691200000,191.25,191.41,191.03,191.4,31815.0,191.2096
2025-05-08 03:15:00,1746692100000,191.44,191.81,191.44,191.74,6308.0,191.696
2025-05-08 03:30:00,1746693000000,191.78,191.99,191.78,191.92,13491.0,191.8385
2025-05-08 03:45:00,1746693900000,191.96,191.96,191.89,191.89,1409.0,191.9469
2025-05-08 04:00:00,1746694800000,191.97,192.11,191.88,191.9,16520.0,191.9961
2025-05-08 04:15:00,1746695700000,191.8,192.18,191.8,192.04,13604.0,191.9687
2025-05-08 04:30:00,1746696600000,192.08,192.48,192.08,192.46,5413.0,192.3173
2025-05-08 04:45:00,1746697500000,192.42,192.44,192.0,192.28,13758.0,192.2376
2025-05-08 05:00:00,1746698400000,192.29,192.32,192.15,192.2,5583.0,192.2431
2025-05-08 05:15:00,1746699300000,192.26,192.3,192.24,192.3,2422.0,192.2773
2025-05-08 05:30:00,1746700200000,192.22,192.4,192.14,192.32,18411.0,192.2653
2025-05-08 05:45:00,1746701100000,192.49,192.79,192.46,192.76,25779.0,192.5877
2025-05-08 06:00:00,1746702000000,192.75,192.76,191.61,191.97,84756.0,192.1547
2025-05-08 06:15:00,1746702900000,191.92,191.92,191.64,191.75,13064.0,191.8194
2025-05-08 06:30:00,1746703800000,191.84,192.1,191.73,191.91,34106.0,191.9164
2025-05-08 06:45:00,1746704700000,191.85,192.0,191.61,191.61,17343.0,191.8286
2025-05-08 07:00:00,1746705600000,191.77,192.68,191.0,191.9399,180597.0,191.7708
2025-05-08 07:15:00,1746706500000,191.79,192.0,191.73,191.8,29162.0,191.8731
2025-05-08 07:30:00,1746707400000,191.79,192.1465,191.31,191.41,147591.0,191.6561
2025-05-08 07:45:00,1746708300000,191.48,191.96,191.48,191.6,61779.0,191.6927
2025-05-08 08:00:00,1746709200000,191.53,191.89,191.53,191.8,57364.0,191.7195
2025-05-08 08:15:00,1746710100000,191.79,192.14,191.31,191.5199,120635.0,191.7244
2025-05-08 08:30:00,1746711000000,191.43,191.75,190.06,190.08,2489775.0,190.9635
2025-05-08 08:45:00,1746711900000,190.06,190.53,189.68,190.16,1569820.0,190.0626
2025-05-08 09:00:00,1746712800000,190.175,190.6602,189.1075,189.36,1263264.0,189.9802
2025-05-08 09:15:00,1746713700000,189.34,190.34,189.3,190.27,976788.0,189.8588
2025-05-08 09:30:00,1746714600000,190.27,190.5,189.55,189.855,1027893.0,190.036
2025-05-08 09:45:00,1746715500000,189.87,190.0899,188.82,189.165,1117200.0,189.4674
2025-05-08 10:00:00,1746716400000,189.125,190.71,188.97,190.635,926718.0,189.7825
2025-05-08 10:15:00,1746717300000,190.62,191.99,190.41,191.66,1673677.0,191.1492
2025-05-08 10:30:00,1746718200000,191.65,192.78,191.25,192.67,1669648.0,192.0885
2025-05-08 10:45:00,1746719100000,192.68,193.06,192.21,192.34,1529243.0,192.7371
2025-05-08 11:00:00,1746720000000,192.33,193.14,192.1202,193.1381,1069838.0,192.5697
2025-05-08 11:15:00,1746720900000,193.125,193.2906,192.71,192.9984,1097359.0,193.0361
2025-05-08 11:30:00,1746721800000,193.0,193.53,192.8901,193.49,773049.0,193.1868
2025-05-08 11:45:00,1746722700000,193.5,194.315,193.28,194.25,1546825.0,193.9042
2025-05-08 12:00:00,1746723600000,194.25,194.33,193.44,193.55,1084669.0,193.8834
2025-05-08 12:15:00,1746724500000,193.555,193.92,193.38,193.765,695659.0,193.6398
2025-05-08 12:30:00,1746725400000,193.78,193.92,193.15,193.315,844935.0,193.5113
2025-05-08 12:45:00,1746726300000,193.3147,193.68,192.93,192.9342,755545.0,193.336
2025-05-08 13:00:00,1746727200000,192.93,193.31,192.782,193.1086,631617.0,193.0791
2025-05-08 13:15:00,1746728100000,193.1,193.44,193.06,193.073,639634.0,193.2801
2025-05-08 13:30:00,1746729000000,193.085,193.9,193.05,193.75,719966.0,193.5927
2025-05-08 13:45:00,1746729900000,193.73,193.77,193.27,193.43,601964.0,193.5327
2025-05-08 14:00:00,1746730800000,193.425,193.5,193.03,193.34,1072736.0,193.3272
2025-05-08 14:15:00,1746731700000,193.34,194.23,193.29,193.92,1431939.0,193.905
2025-05-08 14:30:00,1746732600000,193.92,194.1972,192.97,193.025,1479913.0,193.6072
2025-05-08 14:45:00,1746733500000,193.025,193.04,191.86,192.135,3509591.0,192.253
2025-05-08 15:00:00,1746734400000,192.08,192.27,191.01,191.74,727247.0,192.069
2025-05-08 15:15:00,1746735300000,191.61,192.08,191.61,191.9799,29807.0,191.8567
2025-05-08 15:30:00,1746736200000,191.84,192.08,191.7,192.0,29383.0,191.9314
2025-05-08 15:45:00,1746737100000,192.0,192.08,191.8,191.8,22600.0,192.1195
2025-05-08 16:00:00,1746738000000,191.9,192.03,191.8101,192.0,26991.0,192.1069
2025-05-08 16:15:00,1746738900000,191.96,192.14,191.96,192.14,10199.0,192.0354
2025-05-08 16:30:00,1746739800000,192.1399,192.14,192.0,192.0,10154.0,192.0428
2025-05-08 16:45:00,1746740700000,191.9804,192.02,191.9,191.97,8023.0,191.9816
2025-05-08 17:00:00,1746741600000,191.95,191.97,191.87,191.9062,5944.0,191.9063
2025-05-08 17:15:00,1746742500000,191.97,191.97,191.9,191.97,3220.0,191.9556
2025-05-08 17:30:00,1746743400000,191.91,192.08,191.81,192.08,7532.0,191.9141
2025-05-08 17:45:00,1746744300000,192.1268,192.1268,191.9578,192.0,6353.0,192.0371
2025-05-08 18:00:00,1746745200000,192.04,192.13,192.0,192.0,5888.0,192.0261
2025-05-08 18:15:00,1746746100000,192.01,192.01,191.86,191.87,3893.0,191.9595
2025-05-08 18:30:00,1746747000000,191.9,192.0,191.86,192.0,10136.0,191.9507
2025-05-08 18:45:00,1746747900000,191.869,192.05,191.869,192.0,14624.0,191.9759
2025-05-09 03:00:00,1746777600000,192.79,192.81,192.47,192.6,35037.0,192.6163
2025-05-09 03:15:00,1746778500000,192.53,193.0,192.4,193.0,15075.0,192.6337
2025-05-09 03:30:00,1746779400000,192.85,192.95,192.72,192.72,8719.0,192.8817
2025-05-09 03:45:00,1746780300000,192.68,192.7,192.59,192.7,3731.0,192.6459
2025-05-09 04:00:00,1746781200000,192.7,192.73,192.7,192.71,1259.0,192.7358
2025-05-09 04:15:00,1746782100000,192.91,192.91,192.91,192.91,157.0,192.9085
2025-05-09 04:30:00,1746783000000,192.8,192.9,192.8,192.83,2510.0,192.8502
2025-05-09 04:45:00,1746783900000,192.91,192.93,192.88,192.89,5654.0,192.909
2025-05-09 05:00:00,1746784800000,192.88,192.99,192.88,192.99,6061.0,192.9362
2025-05-09 05:15:00,1746785700000,192.97,193.12,192.97,193.09,6731.0,193.0314
2025-05-09 05:30:00,1746786600000,193.12,193.12,193.12,193.12,1178.0,193.128
2025-05-09 05:45:00,1746787500000,193.12,193.37,193.12,193.3,8587.0,193.2831
2025-05-09 06:00:00,1746788400000,193.3,193.43,193.1,193.41,16789.0,193.264
2025-05-09 06:15:00,1746789300000,193.46,193.98,192.13,192.51,73268.0,192.9514
2025-05-09 06:30:00,1746790200000,192.43,192.6,191.57,192.38,62328.0,192.0638
2025-05-09 06:45:00,1746791100000,192.49,192.74,192.37,192.61,27404.0,192.5648
2025-05-09 07:00:00,1746792000000,193.32,193.98,191.57,192.4398,455103.0,192.2403
2025-05-09 07:15:00,1746792900000,192.44,192.8,192.44,192.55,20766.0,192.6661
2025-05-09 07:30:00,1746793800000,192.57,192.9968,192.57,192.88,25646.0,192.8153
2025-05-09 07:45:00,1746794700000,192.88,192.91,192.66,192.8,35733.0,192.8027
2025-05-09 08:00:00,1746795600000,192.88,193.38,192.8122,193.3,43437.0,193.1338
2025-05-09 08:15:00,1746796500000,193.3,193.4584,193.0,193.43,81084.0,193.178
2025-05-09 08:30:00,1746797400000,193.375,194.69,193.07,193.95,2879412.0,193.9065
2025-05-09 08:45:00,1746798300000,193.94,194.0328,192.98,193.68,1436112.0,193.4471
2025-05-09 09:00:00,1746799200000,193.655,193.8,192.98,193.28,1145270.0,193.393
2025-05-09 09:15:00,1746800100000,193.28,193.2997,191.96,192.25,1321237.0,192.6657
2025-05-09 09:30:00,1746801000000,192.26,192.3873,191.16,191.46,1642471.0,191.6788
2025-05-09 09:45:00,1746801900000,191.48,192.33,191.345,192.13,1999122.0,191.725
2025-05-09 10:00:00,1746802800000,192.125,192.56,191.93,192.51,773579.0,192.3371
2025-05-09 10:15:00,1746803700000,192.49,192.56,191.695,192.21,698596.0,192.1121
2025-05-09 10:30:00,1746804600000,192.19,192.39,191.81,192.07,753053.0,192.0127
2025-05-09 10:45:00,1746805500000,192.05,193.05,192.02,193.0399,834086.0,192.6024
2025-05-09 11:00:00,1746806400000,193.0303,193.15,191.82,192.21,719551.0,192.4205
2025-05-09 11:15:00,1746807300000,192.2054,192.55,192.11,192.43,553697.0,192.3582
2025-05-09 11:30:00,1746808200000,192.43,192.6127,192.03,192.07,473957.0,192.3507
2025-05-09 11:45:00,1746809100000,192.06,192.39,191.76,192.0799,440685.0,192.06
2025-05-09 12:00:00,1746810000000,192.09,192.34,191.75,191.95,363625.0,192.0726
2025-05-09 12:15:00,1746810900000,191.965,192.4,191.65,192.15,520257.0,192.1061
2025-05-09 12:30:00,1746811800000,192.155,192.7399,191.97,192.64,461692.0,192.3037
2025-05-09 12:45:00,1746812700000,192.64,192.89,192.51,192.8,542303.0,192.7128
2025-05-09 13:00:00,1746813600000,192.7998,192.86,192.26,192.34,429572.0,192.4836
2025-05-09 13:15:00,1746814500000,192.34,192.46,192.0,192.34,369997.0,192.2558
2025-05-09 13:30:00,1746815400000,192.34,192.59,192.19,192.2558,1460074.0,192.4801
2025-05-09 13:45:00,1746816300000,192.26,192.67,192.2436,192.55,455901.0,192.5205
2025-05-09 14:00:00,1746817200000,192.57,193.3199,192.53,193.15,695865.0,192.9949
2025-05-09 14:15:00,1746818100000,193.14,193.24,192.83,193.09,638981.0,193.0602
2025-05-09 14:30:00,1746819000000,193.1,193.53,192.7,193.47,993077.0,193.2313
2025-05-09 14:45:00,1746819900000,193.48,193.7198,193.03,193.08,1943446.0,193.3059
2025-05-09 15:00:00,1746820800000,193.06,193.29,193.0,193.06,508098.0,193.0674
2025-05-09 15:15:00,1746821700000,193.06,193.16,193.06,193.1,45114.0,193.0736
2025-05-09 15:30:00,1746822600000,193.15,193.15,193.06,193.06,5687.0,193.1033
2025-05-09 15:45:00,1746823500000,193.06,193.24,193.06,193.24,13048.0,193.5644
2025-05-09 16:00:00,1746824400000,193.2,193.24,193.06,193.0924,11772.0,193.1221
2025-05-09 16:15:00,1746825300000,193.11,193.14,193.01,193.1,11189.0,193.0746
2025-05-09 16:30:00,1746826200000,193.1575,193.1581,193.016,193.05,3452.0,193.1081
2025-05-09 16:45:00,1746827100000,193.1,193.15,193.06,193.15,4637.0,193.1256
2025-05-09 17:00:00,1746828000000,193.15,193.16,193.0927,193.0927,3510.0,193.1478
2025-05-09 17:15:00,1746828900000,193.17,193.17,193.13,193.1317,1968.0,193.148
2025-05-09 17:30:00,1746829800000,193.15,193.2,193.14,193.19,5652.0,193.161
2025-05-09 17:45:00,1746830700000,193.17,193.19,193.1,193.15,3829.0,193.1695
2025-05-09 18:00:00,1746831600000,193.1008,193.1008,193.08,193.08,2654.0,193.0939
2025-05-09 18:15:00,1746832500000,193.06,193.1841,193.06,193.1841,4343.0,193.1035
2025-05-09 18:30:00,1746833400000,193.0778,193.24,193.0778,193.24,6430.0,193.1789
2025-05-09 18:45:00,1746834300000,193.2399,193.2399,193.06,193.2,16213.0,193.1367
2025-05-12 03:00:00,1747036800000,201.81,205.29,198.47,205.07,200607.0,203.7385
2025-05-12 03:15:00,1747037700000,205.2,206.29,205.17,205.75,173041.0,205.7768
2025-05-12 03:30:00,1747038600000,205.79,206.2,205.49,206.1,81265.0,205.8154
2025-05-12 03:45:00,1747039500000,206.1,208.11,206.0,208.03,227427.0,207.4566
2025-05-12 04:00:00,1747040400000,208.04,208.81,207.93,208.36,133126.0,208.428
2025-05-12 04:15:00,1747041300000,208.37,208.48,207.63,208.07,178801.0,208.1244
2025-05-12 04:30:00,1747042200000,208.03,208.55,207.84,208.0,50193.0,208.1911
2025-05-12 04:45:00,1747043100000,208.0,208.5,207.79,208.03,85230.0,208.0157
2025-05-12 05:00:00,1747044000000,208.02,209.25,207.66,208.85,121331.0,208.545
2025-05-12 05:15:00,1747044900000,208.56,208.56,207.54,208.06,92635.0,207.986
2025-05-12 05:30:00,1747045800000,208.04,208.35,207.54,207.67,63180.0,208.0332
2025-05-12 05:45:00,1747046700000,207.62,209.0,207.6,208.8,152710.0,208.65
2025-05-12 06:00:00,1747047600000,208.75,209.0,207.89,208.72,385696.0,208.6288
2025-05-12 06:15:00,1747048500000,208.65,208.77,208.02,208.16,104355.0,208.2988
2025-05-12 06:30:00,1747049400000,208.13,208.22,207.54,207.58,141132.0,207.7227
2025-05-12 06:45:00,1747050300000,207.58,208.2,207.54,208.2,168021.0,207.8395
2025-05-12 07:00:00,1747051200000,208.01,209.15,199.9,209.02,1077953.0,207.3159
2025-05-12 07:15:00,1747052100000,209.0,209.74,208.93,209.72,419893.0,209.45
2025-05-12 07:30:00,1747053000000,209.74,209.77,209.0,209.25,282151.0,209.3754
2025-05-12 07:45:00,1747053900000,209.19,210.55,209.02,210.04,528390.0,209.9713
2025-05-12 08:00:00,1747054800000,210.04,210.3,208.86,208.95,365675.0,209.4782
2025-05-12 08:15:00,1747055700000,208.88,211.1,208.6,210.7,776913.0,209.7371
2025-05-12 08:30:00,1747056600000,210.71,211.66,205.75,206.82,14399057.0,208.8788
2025-05-12 08:45:00,1747057500000,206.805,207.96,206.0635,207.88,4583569.0,207.0744
2025-05-12 09:00:00,1747058400000,207.9,208.86,207.51,208.12,4421403.0,208.2646
2025-05-12 09:15:00,1747059300000,208.11,208.31,206.72,206.955,3487948.0,207.7217
2025-05-12 09:30:00,1747060200000,206.98,208.14,206.52,208.075,2630681.0,207.1467
2025-05-12 09:45:00,1747061100000,208.065,208.08,207.1601,207.22,1816880.0,207.7357
2025-05-12 10:00:00,1747062000000,207.23,207.9,206.685,207.015,2057686.0,207.3027
2025-05-12 10:15:00,1747062900000,207.0,207.22,206.44,206.865,1767318.0,206.9217
2025-05-12 10:30:00,1747063800000,206.865,207.8,206.865,207.29,1671935.0,207.3372
2025-05-12 10:45:00,1747064700000,207.3074,207.64,206.46,206.52,1231570.0,207.1112
2025-05-12 11:00:00,1747065600000,206.53,207.4599,206.32,207.4168,1534186.0,207.0266
2025-05-12 11:15:00,1747066500000,207.41,207.5,206.98,207.2801,1171499.0,207.2967
2025-05-12 11:30:00,1747067400000,207.29,207.6985,207.11,207.64,1038652.0,207.3946
2025-05-12 11:45:00,1747068300000,207.6432,208.08,207.485,207.96,1683628.0,207.8629
2025-05-12 12:00:00,1747069200000,207.97,208.87,207.97,208.455,1709297.0,208.4434
2025-05-12 12:15:00,1747070100000,208.4875,208.83,208.23,208.24,1031896.0,208.51
2025-05-12 12:30:00,1747071000000,208.23,208.6,207.9101,208.35,1081817.0,208.2719
2025-05-12 12:45:00,1747071900000,208.34,208.76,208.3399,208.4,991184.0,208.5709
2025-05-12 13:00:00,1747072800000,208.41,208.54,207.95,208.28,1127230.0,208.3062
2025-05-12 13:15:00,1747073700000,208.28,208.73,208.1375,208.52,1010557.0,208.4975
2025-05-12 13:30:00,1747074600000,208.52,209.17,208.49,208.91,1293690.0,208.8433
2025-05-12 13:45:00,1747075500000,208.91,208.9191,208.42,208.46,979991.0,208.6736
2025-05-12 14:00:00,1747076400000,208.46,208.46,207.69,207.8598,1342880.0,208.1645
2025-05-12 14:15:00,1747077300000,207.84,208.36,207.671,207.98,1377578.0,208.077
2025-05-12 14:30:00,1747078200000,207.97,208.18,207.72,208.1,1681583.0,207.9717
2025-05-12 14:45:00,1747079100000,208.1,208.85,207.985,208.72,4407556.0,208.5378
2025-05-12 15:00:00,1747080000000,208.64,209.2,208.47,208.61,306324.0,208.675
2025-05-12 15:15:00,1747080900000,208.61,208.7,208.53,208.6401,32175.0,208.6116
2025-05-12 15:30:00,1747081800000,208.69,208.8,208.65,208.65,32555.0,208.7236
2025-05-12 15:45:00,1747082700000,208.5678,208.65,208.5,208.59,48475.0,208.6295
2025-05-12 16:00:00,1747083600000,208.6,208.6,208.3016,208.49,12457.0,208.011
2025-05-12 16:15:00,1747084500000,208.4898,208.6996,208.4314,208.65,21592.0,208.4097
2025-05-12 16:30:00,1747085400000,208.64,208.73,208.6003,208.73,7800.0,208.6765
2025-05-12 16:45:00,1747086300000,208.7294,208.8468,208.69,208.8,12076.0,208.7483
2025-05-12 17:00:00,1747087200000,208.8,208.86,208.56,208.5627,16589.0,208.6774
2025-05-12 17:15:00,1747088100000,208.5633,208.6199,208.5,208.55,11405.0,208.5636
2025-05-12 17:30:00,1747089000000,208.52,208.6,208.4005,208.54,5600.0,208.5297
2025-05-12 17:45:00,1747089900000,208.53,208.53,208.45,208.53,7101.0,208.4932
2025-05-12 18:00:00,1747090800000,208.58,208.64,208.5,208.6,9340.0,208.5706
2025-05-12 18:15:00,1747091700000,208.6,208.8,208.6,208.75,16440.0,208.7523
2025-05-12 18:30:00,1747092600000,208.75,208.75,208.51,208.6401,16113.0,208.647
2025-05-12 18:45:00,1747093500000,208.6,208.63,208.5,208.59,31992.0,208.5824
2025-05-13 03:00:00,1747123200000,207.61,208.1,206.76,207.2,33977.0,207.4816
2025-05-13 03:15:00,1747124100000,207.42,207.54,207.31,207.32,6507.0,207.4438
2025-05-13 03:30:00,1747125000000,207.43,207.5,207.0,207.0,10462.0,207.2528
2025-05-13 03:45:00,1747125900000,207.0,207.11,206.82,207.11,8070.0,206.944
2025-05-13 04:00:00,1747126800000,207.1,207.26,207.1,207.1,6808.0,207.1506
2025-05-13 04:15:00,1747127700000,207.12,207.25,207.02,207.25,11280.0,207.1827
2025-05-13 04:30:00,1747128600000,207.25,207.49,207.25,207.42,8466.0,207.4032
2025-05-13 04:45:00,1747129500000,207.45,207.85,207.45,207.85,6411.0,207.5948
2025-05-13 05:00:00,1747130400000,207.97,208.07,207.62,208.01,12752.0,207.9162
2025-05-13 05:15:00,1747131300000,207.95,207.95,207.6,207.7,9182.0,207.7608
2025-05-13 05:30:00,1747132200000,207.79,208.06,207.79,208.02,12041.0,207.9281
2025-05-13 05:45:00,1747133100000,208.01,208.01,207.89,207.89,6564.0,207.9237
2025-05-13 06:00:00,1747134000000,207.95,208.65,207.9,208.62,25873.0,208.255
2025-05-13 06:15:00,1747134900000,208.65,209.4,208.65,208.68,35057.0,208.8829
2025-05-13 06:30:00,1747135800000,208.66,209.24,208.66,209.24,12976.0,209.0208
2025-05-13 06:45:00,1747136700000,209.24,209.59,209.08,209.56,38089.0,209.2323
2025-05-13 07:00:00,1747137600000,208.44,210.8,207.19,210.8,425144.0,209.2325
2025-05-13 07:15:00,1747138500000,210.84,211.373,210.31,210.7,154538.0,210.879
2025-05-13 07:30:00,1747139400000,210.7,212.16,210.3,211.45,358168.0,211.648
2025-05-13 07:45:00,1747140300000,211.48,211.7,211.16,211.4,114447.0,211.456
2025-05-13 08:00:00,1747141200000,211.41,211.59,210.98,211.4199,106013.0,211.2891
2025-05-13 08:15:00,1747142100000,211.32,211.57,210.7,210.8612,119674.0,211.2899
2025-05-13 08:30:00,1747143000000,211.08,213.72,210.1,213.53,6521677.0,212.1378
2025-05-13 08:45:00,1747143900000,213.52,214.6,213.17,213.73,3665012.0,214.0643
2025-05-13 09:00:00,1747144800000,213.75,214.37,213.32,214.25,2815512.0,213.8047
2025-05-13 09:15:00,1747145700000,214.255,214.84,214.02,214.47,2563357.0,214.4937
2025-05-13 09:30:00,1747146600000,214.48,214.58,213.3601,213.37,2127609.0,214.075
2025-05-13 09:45:00,1747147500000,213.39,214.07,213.25,213.3604,1600260.0,213.6218
2025-05-13 10:00:00,1747148400000,213.38,213.55,212.92,213.14,1705773.0,213.1728
2025-05-13 10:15:00,1747149300000,213.16,213.72,213.16,213.32,1256745.0,213.429
2025-05-13 10:30:00,1747150200000,213.315,214.44,213.2,214.44,1589037.0,213.7853
2025-05-13 10:45:00,1747151100000,214.44,214.455,213.9,214.2,1156502.0,214.1939
2025-05-13 11:00:00,1747152000000,214.2,214.33,213.53,213.74,1609163.0,213.757
2025-05-13 11:15:00,1747152900000,213.71,214.19,213.57,213.945,1028071.0,213.8751
2025-05-13 11:30:00,1747153800000,213.96,214.01,213.45,213.51,1411320.0,213.7979
2025-05-13 11:45:00,1747154700000,213.52,213.6415,213.12,213.2,1190228.0,213.3915
2025-05-13 12:00:00,1747155600000,213.19,213.28,212.6382,212.67,1062706.0,213.0014
2025-05-13 12:15:00,1747156500000,212.68,212.75,212.15,212.4,1474238.0,212.4249
2025-05-13 12:30:00,1747157400000,212.41,212.78,212.33,212.72,1138344.0,212.5876
2025-05-13 12:45:00,1747158300000,212.7,212.75,212.03,212.07,938591.0,212.4454
2025-05-13 13:00:00,1747159200000,212.08,212.45,211.8654,212.245,1096824.0,212.2123
2025-05-13 13:15:00,1747160100000,212.26,212.328,212.0,212.06,780498.0,212.1539
2025-05-13 13:30:00,1747161000000,212.06,212.42,211.9992,212.245,828354.0,212.1635
2025-05-13 13:45:00,1747161900000,212.25,212.43,211.98,212.4182,1338933.0,212.1516
2025-05-13 14:00:00,1747162800000,212.41,212.6,212.15,212.4206,999900.0,212.3938
2025-05-13 14:15:00,1747163700000,212.43,212.5,211.5542,211.6298,1070330.0,212.1229
2025-05-13 14:30:00,1747164600000,211.61,212.165,211.5601,211.74,1235102.0,211.8394
2025-05-13 14:45:00,1747165500000,211.74,211.95,210.91,211.19,3866770.0,211.4062
2025-05-13 15:00:00,1747166400000,211.15,211.489,211.01,211.2,1503312.0,211.4885
2025-05-13 15:15:00,1747167300000,211.1999,211.2,210.71,210.71,58226.0,210.9446
2025-05-13 15:30:00,1747168200000,210.8,210.8,210.64,210.65,50466.0,210.7015
2025-05-13 15:45:00,1747169100000,210.649,210.65,210.51,210.5984,20500.0,210.2706
2025-05-13 16:00:00,1747170000000,210.6,210.6,210.35,210.38,36806.0,210.4334
2025-05-13 16:15:00,1747170900000,211.37,211.37,210.25,210.2993,39292.0,210.5453
2025-05-13 16:30:00,1747171800000,210.2985,210.2985,210.01,210.25,58407.0,210.2308
2025-05-13 16:45:00,1747172700000,210.25,210.25,210.14,210.25,36847.0,210.2295
2025-05-13 17:00:00,1747173600000,210.22,210.25,210.15,210.24,40968.0,210.2377
2025-05-13 17:15:00,1747174500000,210.25,210.26,210.17,210.23,21628.0,210.2332
2025-05-13 17:30:00,1747175400000,210.24,210.24,210.11,210.19,12552.0,210.1875
2025-05-13 17:45:00,1747176300000,210.19,210.2,210.18,210.19,30868.0,210.1978
2025-05-13 18:00:00,1747177200000,210.19,210.522,210.1502,210.522,19911.0,210.2667
2025-05-13 18:15:00,1747178100000,210.52,210.6783,210.38,210.4,14837.0,210.5427
2025-05-13 18:30:00,1747179000000,210.48,211.02,210.48,210.99,23455.0,210.774
2025-05-13 18:45:00,1747179900000,210.99,211.24,210.85,211.11,32202.0,211.0985
2025-05-14 03:00:00,1747209600000,211.44,211.44,210.46,210.6,17009.0,210.7748
2025-05-14 03:15:00,1747210500000,210.65,210.87,210.62,210.81,6577.0,210.7248
2025-05-14 03:30:00,1747211400000,210.7,210.89,210.61,210.85,12475.0,210.7717
2025-05-14 03:45:00,1747212300000,210.93,211.08,210.75,210.78,7319.0,210.8718
2025-05-14 04:00:00,1747213200000,210.68,210.68,210.21,210.28,15177.0,210.4026
2025-05-14 04:15:00,1747214100000,210.26,210.61,210.26,210.61,9912.0,210.4991
2025-05-14 04:30:00,1747215000000,210.72,210.72,210.5,210.56,12295.0,210.5856
2025-05-14 04:45:00,1747215900000,210.63,210.63,210.35,210.35,7293.0,210.4413
2025-05-14 05:00:00,1747216800000,210.4,210.56,210.4,210.56,3121.0,210.4505
2025-05-14 05:15:00,1747217700000,210.6,210.9,210.6,210.9,8131.0,210.7589
2025-05-14 05:30:00,1747218600000,211.0,211.45,211.0,211.18,19638.0,211.2602
2025-05-14 05:45:00,1747219500000,211.26,211.3,211.0,211.13,13740.0,211.1642
2025-05-14 06:00:00,1747220400000,211.16,211.98,211.16,211.56,41074.0,211.5615
2025-05-14 06:15:00,1747221300000,211.5,212.1,211.46,211.94,34555.0,211.8464
2025-05-14 06:30:00,1747222200000,211.97,212.11,211.64,211.68,33131.0,211.908
2025-05-14 06:45:00,1747223100000,211.66,211.71,211.37,211.42,28253.0,211.5367
2025-05-14 07:00:00,1747224000000,211.01,212.11,210.4973,211.58,261910.0,211.405
2025-05-14 07:15:00,1747224900000,211.5482,211.64,211.37,211.6,46649.0,211.4972
2025-05-14 07:30:00,1747225800000,211.4339,211.8,211.23,211.293,55739.0,211.5328
2025-05-14 07:45:00,1747226700000,211.37,211.55,211.2804,211.54,33449.0,211.4337
2025-05-14 08:00:00,1747227600000,211.46,211.7,211.29,211.65,54265.0,211.4696
2025-05-14 08:15:00,1747228500000,211.7,211.7,211.16,211.47,91747.0,211.5401
2025-05-14 08:30:00,1747229400000,211.45,211.93,210.39,211.1008,3485215.0,211.2707
2025-05-14 08:45:00,1747230300000,211.13,211.1528,209.785,210.525,1996199.0,210.3443
2025-05-14 09:00:00,1747231200000,210.54,210.94,210.09,210.92,1463942.0,210.551
2025-05-14 09:15:00,1747232100000,210.9286,211.33,210.57,211.02,1212575.0,210.9803
2025-05-14 09:30:00,1747233000000,210.98,211.09,210.59,210.66,839658.0,210.8161
2025-05-14 09:45:00,1747233900000,210.67,211.27,210.5312,211.24,852840.0,210.9722
2025-05-14 10:00:00,1747234800000,211.27,211.28,210.48,210.75,1212629.0,210.8739
2025-05-14 10:15:00,1747235700000,210.73,211.82,210.69,211.75,1108332.0,211.3366
2025-05-14 10:30:00,1747236600000,211.755,211.755,210.67,210.85,1211200.0,211.1913
2025-05-14 10:45:00,1747237500000,210.85,211.0,210.66,210.9,672867.0,210.8343
2025-05-14 11:00:00,1747238400000,210.885,211.18,210.831,211.03,883666.0,211.0323
2025-05-14 11:15:00,1747239300000,211.04,211.07,210.58,210.85,782121.0,210.7959
2025-05-14 11:30:00,1747240200000,210.85,211.1686,210.31,210.49,728579.0,210.756
2025-05-14 11:45:00,1747241100000,210.49,210.65,210.24,210.295,723023.0,210.3857
2025-05-14 12:00:00,1747242000000,210.31,210.36,209.9,210.04,1403664.0,210.1802
2025-05-14 12:15:00,1747242900000,210.06,210.1399,209.22,209.79,1349264.0,209.7334
2025-05-14 12:30:00,1747243800000,209.805,210.2301,209.67,210.0101,634411.0,209.9337
2025-05-14 12:45:00,1747244700000,210.015,210.3,209.79,210.2104,692126.0,210.0539
2025-05-14 13:00:00,1747245600000,210.22,210.28,209.81,210.015,590750.0,209.9917
2025-05-14 13:15:00,1747246500000,210.02,210.48,209.92,209.979,835379.0,210.1828
2025-05-14 13:30:00,1747247400000,209.96,210.5431,209.9,210.29,958981.0,210.1941
2025-05-14 13:45:00,1747248300000,210.29,210.36,209.96,210.04,692465.0,210.1169
2025-05-14 14:00:00,1747249200000,210.04,210.05,209.61,209.905,721468.0,209.8541
2025-05-14 14:15:00,1747250100000,209.91,209.96,209.515,209.62,671337.0,209.7892
2025-05-14 14:30:00,1747251000000,209.62,209.74,209.28,209.5,1154353.0,209.4862
2025-05-14 14:45:00,1747251900000,209.5,210.55,208.85,210.24,4661482.0,210.0717
2025-05-14 15:00:00,1747252800000,210.25,210.25,209.53,209.9001,532590.0,210.145
2025-05-14 15:15:00,1747253700000,209.95,210.1,209.811,209.811,29026.0,209.9669
2025-05-14 15:30:00,1747254600000,210.06,210.1,209.83,210.0,19994.0,209.933
2025-05-14 15:45:00,1747255500000,210.03,210.25,209.8139,209.8139,15129.0,209.5707
2025-05-14 16:00:00,1747256400000,209.839,209.8492,209.72,209.82,7379.0,207.5815
2025-05-14 16:15:00,1747257300000,209.76,209.8,209.76,209.7619,6916.0,209.7725
2025-05-14 16:30:00,1747258200000,209.7995,209.8,209.6537,209.75,5644.0,209.7608
2025-05-14 16:45:00,1747259100000,209.8,209.8,209.7,209.7012,4456.0,209.7327
2025-05-14 17:00:00,1747260000000,209.8,209.912,209.7,209.8,6673.0,209.7521
2025-05-14 17:15:00,1747260900000,209.84,209.85,209.6717,209.7501,5580.0,209.7556
2025-05-14 17:30:00,1747261800000,209.79,209.98,209.79,209.92,8137.0,209.9054
2025-05-14 17:45:00,1747262700000,209.92,209.99,209.803,209.9001,10988.0,209.8872
2025-05-14 18:00:00,1747263600000,209.9,209.94,209.4,209.4064,21239.0,209.6703
2025-05-14 18:15:00,1747264500000,209.5,209.5,209.1,209.2,45657.0,209.3761
2025-05-14 18:30:00,1747265400000,209.25,209.38,209.0,209.1999,24491.0,209.1385
2025-05-14 18:45:00,1747266300000,209.18,209.2,208.92,208.95,37749.0,209.0076
2025-05-15 03:00:00,1747296000000,209.46,209.46,207.61,207.81,23285.0,208.0171
2025-05-15 03:15:00,1747296900000,207.89,208.0,207.87,208.0,25353.0,207.9719
2025-05-15 03:30:00,1747297800000,207.73,207.73,207.25,207.32,12324.0,207.4634
2025-05-15 03:45:00,1747298700000,207.45,207.49,207.1,207.31,17729.0,207.2962
2025-05-15 04:00:00,1747299600000,207.35,207.35,206.99,207.05,16008.0,207.1364
2025-05-15 04:15:00,1747300500000,207.18,207.72,207.02,207.72,9401.0,207.3312
2025-05-15 04:30:00,1747301400000,207.6,207.69,207.37,207.57,9345.0,207.5663
2025-05-15 04:45:00,1747302300000,207.54,207.83,207.52,207.77,6229.0,207.7084
2025-05-15 05:00:00,1747303200000,207.57,207.64,207.41,207.56,4975.0,207.5471
2025-05-15 05:15:00,1747304100000,207.49,207.52,207.19,207.39,19871.0,207.3485
2025-05-15 05:30:00,1747305000000,207.46,207.5,207.3,207.41,10137.0,207.4099
2025-05-15 05:45:00,1747305900000,207.49,207.76,207.46,207.76,3308.0,207.5876
2025-05-15 06:00:00,1747306800000,207.74,208.64,207.74,208.63,40841.0,208.2677
2025-05-15 06:15:00,1747307700000,208.66,208.7,208.36,208.5,17975.0,208.513
2025-05-15 06:30:00,1747308600000,208.56,208.65,208.25,208.29,18470.0,208.3954
2025-05-15 06:45:00,1747309500000,208.19,208.29,208.13,208.21,11446.0,208.21
2025-05-15 07:00:00,1747310400000,207.8999,209.48,207.22,207.9985,128765.0,208.4299
2025-05-15 07:15:00,1747311300000,207.9,207.98,207.52,207.6,53480.0,207.7037
2025-05-15 07:30:00,1747312200000,207.68,208.59,207.68,208.28,70560.0,208.2043
2025-05-15 07:45:00,1747313100000,208.2,208.328,207.6311,207.82,43263.0,207.9393
2025-05-15 08:00:00,1747314000000,207.95,208.21,207.39,207.39,73708.0,207.8911
2025-05-15 08:15:00,1747314900000,207.44,207.5,205.98,206.43,223554.0,206.736
2025-05-15 08:30:00,1747315800000,206.45,206.88,203.5,205.065,7092192.0,205.2229
2025-05-15 08:45:00,1747316700000,205.08,205.78,204.57,205.2319,2667093.0,204.9805
2025-05-15 09:00:00,1747317600000,205.24,206.01,204.43,204.75,2935974.0,205.1315
2025-05-15 09:15:00,1747318500000,204.79,205.62,204.13,204.21,2649778.0,204.8556
2025-05-15 09:30:00,1747319400000,204.22,204.28,203.49,203.885,2710122.0,203.9736
2025-05-15 09:45:00,1747320300000,203.885,204.0996,203.22,204.0,2931536.0,203.666
2025-05-15 10:00:00,1747321200000,203.9995,205.0,203.8,204.565,2082841.0,204.578
2025-05-15 10:15:00,1747322100000,204.55,205.2,202.75,204.4707,5714630.0,203.9517
2025-05-15 10:30:00,1747323000000,204.5,205.6,202.673,205.37,4354551.0,203.8441
2025-05-15 10:45:00,1747323900000,205.395,205.9399,203.25,205.215,2231512.0,205.2746
2025-05-15 11:00:00,1747324800000,205.21,205.89,204.29,204.9,2594348.0,205.1001
2025-05-15 11:15:00,1747325700000,204.93,205.32,203.9,204.9386,1608244.0,204.6551
2025-05-15 11:30:00,1747326600000,204.93,205.38,203.9,205.38,995335.0,204.9881
2025-05-15 11:45:00,1747327500000,205.37,205.5299,204.92,205.185,966648.0,205.2213
2025-05-15 12:00:00,1747328400000,205.1898,205.6765,205.13,205.42,1127079.0,205.4797
2025-05-15 12:15:00,1747329300000,205.44,205.66,205.28,205.52,590205.0,205.455
2025-05-15 12:30:00,1747330200000,205.51,205.53,204.92,205.395,976417.0,205.2452
2025-05-15 12:45:00,1747331100000,205.4,205.51,205.08,205.2316,679489.0,205.2911
2025-05-15 13:00:00,1747332000000,205.21,205.3043,204.8237,204.885,936693.0,205.0759
2025-05-15 13:15:00,1747332900000,204.87,205.1,204.53,204.86,995239.0,204.8214
2025-05-15 13:30:00,1747333800000,204.835,205.2923,204.81,205.125,758776.0,205.1135
2025-05-15 13:45:00,1747334700000,205.1308,205.46,204.0,205.26,888423.0,205.1367
2025-05-15 14:00:00,1747335600000,205.27,205.53,204.25,204.86,1282367.0,205.0269
2025-05-15 14:15:00,1747336500000,204.85,205.13,203.94,204.29,1388007.0,204.4783
2025-05-15 14:30:00,1747337400000,204.28,204.77,204.28,204.71,1386247.0,204.5767
2025-05-15 14:45:00,1747338300000,204.7,205.4,204.37,205.16,4183281.0,204.8831
2025-05-15 15:00:00,1747339200000,205.17,205.17,204.37,204.85,1206304.0,205.1467
2025-05-15 15:15:00,1747340100000,205.0,205.17,204.85,204.89,20865.0,204.9811
2025-05-15 15:30:00,1747341000000,204.93,205.03,204.85,204.9999,10145.0,204.9636
2025-05-15 15:45:00,1747341900000,205.03,205.17,204.9,204.9,118396.0,205.2026
2025-05-15 16:00:00,1747342800000,204.91,205.17,204.75,204.75,59737.0,205.1557
2025-05-15 16:15:00,1747343700000,204.88,205.0,204.88,204.99,6981.0,204.9573
2025-05-15 16:30:00,1747344600000,204.9,204.99,204.8,204.96,12341.0,204.886
2025-05-15 16:45:00,1747345500000,204.95,204.99,204.801,204.85,7919.0,204.9042
2025-05-15 17:00:00,1747346400000,204.85,204.98,204.78,204.7999,7259.0,204.3762
2025-05-15 17:15:00,1747347300000,204.77,204.8994,204.55,204.7576,14191.0,204.6948
2025-05-15 17:30:00,1747348200000,204.8995,204.8995,204.6835,204.7197,2234.0,204.7851
2025-05-15 17:45:00,1747349100000,204.81,204.85,204.75,204.8,3705.0,204.8134
2025-05-15 18:00:00,1747350000000,204.7716,204.83,204.7715,204.7715,2509.0,204.8055
2025-05-15 18:15:00,1747350900000,204.81,204.89,204.75,204.84,6485.0,204.8434
2025-05-15 18:30:00,1747351800000,204.899,205.0489,204.8,204.9,11065.0,204.9411
2025-05-15 18:45:00,1747352700000,205.0,205.04,204.8683,205.01,12470.0,204.9755
2025-05-16 03:00:00,1747382400000,205.76,205.84,205.58,205.84,18625.0,205.696
2025-05-16 03:15:00,1747383300000,205.9,205.9,205.63,205.69,5663.0,205.744
2025-05-16 03:30:00,1747384200000,205.8,206.15,205.71,206.1,11707.0,205.9029
2025-05-16 03:45:00,1747385100000,205.91,206.41,205.88,206.2,17635.0,206.1092
2025-05-16 04:00:00,1747386000000,206.2,206.2,205.53,205.78,25188.0,205.8353
2025-05-16 04:15:00,1747386900000,205.81,206.09,205.75,206.09,4797.0,205.8185
2025-05-16 04:30:00,1747387800000,206.03,206.03,205.94,205.97,5086.0,205.9958
2025-05-16 04:45:00,1747388700000,205.98,205.98,205.54,205.7,6802.0,205.6779
2025-05-16 05:00:00,1747389600000,205.67,205.8,205.61,205.79,2938.0,205.6901
2025-05-16 05:15:00,1747390500000,205.77,205.87,205.58,205.79,6337.0,205.7676
2025-05-16 05:30:00,1747391400000,205.8,206.06,205.8,206.06,11181.0,205.9671
2025-05-16 05:45:00,1747392300000,206.06,206.06,205.86,205.86,3192.0,205.9939
2025-05-16 06:00:00,1747393200000,205.94,206.02,205.45,205.45,26441.0,205.7549
2025-05-16 06:15:00,1747394100000,205.43,205.91,205.35,205.8,19347.0,205.6695
2025-05-16 06:30:00,1747395000000,205.8,205.85,205.6,205.8,12800.0,205.7497
2025-05-16 06:45:00,1747395900000,205.75,206.0,205.75,205.93,15248.0,205.8703
2025-05-16 07:00:00,1747396800000,206.0,206.1,204.93,206.0899,121347.0,205.7457
2025-05-16 07:15:00,1747397700000,206.0996,206.6,206.0996,206.5,73559.0,206.3856
2025-05-16 07:30:00,1747398600000,206.3505,206.53,206.03,206.12,39964.0,206.2129
2025-05-16 07:45:00,1747399500000,206.2,206.2,205.8,205.86,62340.0,205.9569
2025-05-16 08:00:00,1747400400000,205.82,206.35,205.76,206.15,43705.0,206.0779
2025-05-16 08:15:00,1747401300000,206.15,207.0,205.53,206.71,336919.0,206.5066
2025-05-16 08:30:00,1747402200000,206.85,206.85,204.67,204.785,5297759.0,205.9691
2025-05-16 08:45:00,1747403100000,204.785,205.87,204.45,205.755,1811242.0,205.0503
2025-05-16 09:00:00,1747404000000,205.79,205.79,204.76,205.4594,1166779.0,205.149
2025-05-16 09:15:00,1747404900000,205.49,206.05,205.29,205.5297,1655602.0,205.7441
2025-05-16 09:30:00,1747405800000,205.53,205.5695,204.63,204.73,1228878.0,205.122
2025-05-16 09:45:00,1747406700000,204.7,205.4753,204.62,205.27,1363090.0,205.0387
2025-05-16 10:00:00,1747407600000,205.28,205.39,204.77,204.81,836460.0,205.0436
2025-05-16 10:15:00,1747408500000,204.815,205.0,204.63,204.9,1307422.0,204.8432
2025-05-16 10:30:00,1747409400000,204.91,205.31,204.9,205.1,1080676.0,205.1384
2025-05-16 10:45:00,1747410300000,205.1,205.21,204.91,204.98,752456.0,205.0499
2025-05-16 11:00:00,1747411200000,204.96,205.32,204.91,205.29,752224.0,205.1055
2025-05-16 11:15:00,1747412100000,205.29,205.68,205.285,205.33,933654.0,205.515
2025-05-16 11:30:00,1747413000000,205.33,205.4999,205.06,205.149,602652.0,205.2681
2025-05-16 11:45:00,1747413900000,205.15,205.37,205.03,205.17,555394.0,205.2323
2025-05-16 12:00:00,1747414800000,205.16,205.27,204.95,205.1,553581.0,205.0858
2025-05-16 12:15:00,1747415700000,205.0979,205.12,204.63,204.8597,1419706.0,204.8835
2025-05-16 12:30:00,1747416600000,204.86,205.01,204.49,204.75,914419.0,204.722
2025-05-16 12:45:00,1747417500000,204.74,204.77,204.374,204.595,877096.0,204.5919
2025-05-16 13:00:00,1747418400000,204.57,204.96,204.53,204.91,755047.0,204.8092
2025-05-16 13:15:00,1747419300000,204.9,205.17,204.875,204.98,839472.0,204.9993
2025-05-16 13:30:00,1747420200000,204.98,205.04,204.67,204.9699,755642.0,204.8663
2025-05-16 13:45:00,1747421100000,204.965,205.28,204.96,205.01,1772916.0,205.0992
2025-05-16 14:00:00,1747422000000,205.0,205.37,204.9336,205.3499,717578.0,205.1913
2025-05-16 14:15:00,1747422900000,205.345,205.425,205.135,205.24,820381.0,205.2591
2025-05-16 14:30:00,1747423800000,205.23,205.45,205.15,205.22,1617751.0,205.279
2025-05-16 14:45:00,1747424700000,205.22,205.71,205.13,205.56,3158043.0,205.487
2025-05-16 15:00:00,1747425600000,205.59,205.63,205.0,205.3,869987.0,205.5669
2025-05-16 15:15:00,1747426500000,205.3,205.3,204.96,204.96,84190.0,205.1804
2025-05-16 15:30:00,1747427400000,204.99,205.09,204.9,205.09,15453.0,204.9962
2025-05-16 15:45:00,1747428300000,205.0,205.0,204.52,204.89,85782.0,204.8347
2025-05-16 16:00:00,1747429200000,204.77,205.59,204.72,204.85,44243.0,204.8779
2025-05-16 16:15:00,1747430100000,204.85,204.99,204.7,204.9,62259.0,204.2234
2025-05-16 16:30:00,1747431000000,204.7899,204.79,204.1,204.11,34180.0,203.9579
2025-05-16 16:45:00,1747431900000,204.11,204.2963,203.54,203.54,35598.0,203.976
2025-05-16 17:00:00,1747432800000,203.52,203.73,203.01,203.3,40677.0,203.3493
2025-05-16 17:15:00,1747433700000,203.41,203.47,203.11,203.1501,32777.0,203.2581
2025-05-16 17:30:00,1747434600000,203.1799,203.18,202.55,202.55,50540.0,202.9367
2025-05-16 17:45:00,1747435500000,202.54,202.6,202.0601,202.55,43112.0,202.342
2025-05-16 18:00:00,1747436400000,202.5,203.2,202.35,202.99,41617.0,202.7003
2025-05-16 18:15:00,1747437300000,202.7125,202.75,202.37,202.42,18607.0,202.516
2025-05-16 18:30:00,1747438200000,202.45,202.4908,202.16,202.17,19605.0,202.2908
2025-05-16 18:45:00,1747439100000,202.1988,202.2,202.0,202.05,36733.0,202.076
2025-05-19 03:00:00,1747641600000,202.0,202.24,201.64,201.64,43750.0,201.9396
2025-05-19 03:15:00,1747642500000,201.69,201.7,201.43,201.43,24397.0,201.5608
2025-05-19 03:30:00,1747643400000,201.3,201.35,201.0,201.16,29387.0,201.1731
2025-05-19 03:45:00,1747644300000,201.2,201.34,200.85,200.94,24858.0,201.023
2025-05-19 04:00:00,1747645200000,200.91,200.93,200.78,200.91,8830.0,200.8826
2025-05-19 04:15:00,1747646100000,201.0,201.32,201.0,201.32,22048.0,201.0677
2025-05-19 04:30:00,1747647000000,201.39,201.65,201.35,201.6,12053.0,201.4793
2025-05-19 04:45:00,1747647900000,201.5,201.6,201.31,201.6,5316.0,201.4826
2025-05-19 05:00:00,1747648800000,201.55,201.55,201.21,201.24,12886.0,201.335
2025-05-19 05:15:00,1747649700000,201.36,201.54,201.33,201.41,6399.0,201.4388
2025-05-19 05:30:00,1747650600000,201.48,201.7,201.48,201.7,7819.0,201.6511
2025-05-19 05:45:00,1747651500000,201.66,201.79,201.52,201.55,12805.0,201.6634
2025-05-19 06:00:00,1747652400000,201.67,201.93,201.51,201.69,31146.0,201.7612
2025-05-19 06:15:00,1747653300000,201.62,201.8,201.45,201.71,38105.0,201.5297
2025-05-19 06:30:00,1747654200000,201.64,201.65,201.25,201.26,17133.0,201.3615
2025-05-19 06:45:00,1747655100000,201.26,201.76,201.21,201.72,25937.0,201.4605
2025-05-19 07:00:00,1747656000000,201.93,202.39,201.04,201.75,183359.0,201.6053
2025-05-19 07:15:00,1747656900000,201.59,201.6792,201.3,201.39,22407.0,201.452
2025-05-19 07:30:00,1747657800000,201.42,201.7,201.34,201.5401,19647.0,201.5265
2025-05-19 07:45:00,1747658700000,201.54,201.84,201.45,201.82,23593.0,201.6668
2025-05-19 08:00:00,1747659600000,201.8017,201.84,201.21,201.5025,47640.0,201.608
2025-05-19 08:15:00,1747660500000,201.21,201.97,200.77,201.65,134987.0,201.2563
2025-05-19 08:30:00,1747661400000,201.645,204.99,201.26,204.9,3926797.0,202.7201
2025-05-19 08:45:00,1747662300000,204.885,205.75,204.72,205.125,1798825.0,205.2569
2025-05-19 09:00:00,1747663200000,205.11,206.62,205.03,206.03,1894138.0,206.025
2025-05-19 09:15:00,1747664100000,206.03,206.47,205.05,205.27,1175406.0,205.8025
2025-05-19 09:30:00,1747665000000,205.28,205.515,204.845,204.965,1122150.0,205.2369
2025-05-19 09:45:00,1747665900000,204.9864,205.21,204.51,205.05,987092.0,204.8905
2025-05-19 10:00:00,1747666800000,205.06,205.35,204.79,205.215,1016314.0,205.0702
2025-05-19 10:15:00,1747667700000,205.215,205.54,205.12,205.3106,762851.0,205.3061
2025-05-19 10:30:00,1747668600000,205.31,205.9,205.22,205.3237,748790.0,205.5338
2025-05-19 10:45:00,1747669500000,205.36,205.56,205.05,205.42,570317.0,205.3193
2025-05-19 11:00:00,1747670400000,205.43,205.625,205.21,205.51,411427.0,205.3879
2025-05-19 11:15:00,1747671300000,205.52,206.165,205.4801,206.0,702981.0,205.7746
2025-05-19 11:30:00,1747672200000,206.0,206.11,205.8227,206.04,615909.0,205.9893
2025-05-19 11:45:00,1747673100000,206.05,206.3,205.91,206.22,670416.0,206.1101
2025-05-19 12:00:00,1747674000000,206.21,206.57,206.15,206.4,649099.0,206.3675
2025-05-19 12:15:00,1747674900000,206.4,206.45,206.03,206.265,534493.0,206.2838
2025-05-19 12:30:00,1747675800000,206.265,206.59,206.07,206.085,736438.0,206.337
2025-05-19 12:45:00,1747676700000,206.09,206.2299,205.71,205.76,610200.0,205.9656
2025-05-19 13:00:00,1747677600000,205.76,205.87,205.51,205.6132,786931.0,205.7107
2025-05-19 13:15:00,1747678500000,205.605,205.9104,205.23,205.57,726529.0,205.5694
2025-05-19 13:30:00,1747679400000,205.56,206.23,205.54,206.11,597838.0,205.9834
2025-05-19 13:45:00,1747680300000,206.115,206.23,205.9501,206.045,524427.0,206.0655
2025-05-19 14:00:00,1747681200000,206.06,206.15,205.6612,205.78,508154.0,205.9515
2025-05-19 14:15:00,1747682100000,205.7602,205.8399,205.3672,205.56,635245.0,205.6516
2025-05-19 14:30:00,1747683000000,205.55,205.75,205.41,205.47,642650.0,205.5622
2025-05-19 14:45:00,1747683900000,205.44,206.27,205.44,206.14,2268839.0,205.9962
2025-05-19 15:00:00,1747684800000,206.16,206.16,205.71,206.0,3212584.0,206.158
2025-05-19 15:15:00,1747685700000,205.8,206.16,205.8,205.87,6658.0,205.9473
2025-05-19 15:30:00,1747686600000,205.9,205.98,205.8068,205.97,5480.0,205.8969
2025-05-19 15:45:00,1747687500000,205.8533,206.0,205.8533,206.0,12286.0,208.142
2025-05-19 16:00:00,1747688400000,206.0,206.08,205.99,206.01,6800.0,205.7912
2025-05-19 16:15:00,1747689300000,206.001,206.1007,206.0,206.1,6934.0,206.0281
2025-05-19 16:30:00,1747690200000,206.12,206.12,206.0001,206.0978,3717.0,206.0653
2025-05-19 16:45:00,1747691100000,206.05,206.0704,206.01,206.01,2760.0,206.0474
2025-05-19 17:00:00,1747692000000,206.08,206.08,206.0,206.0,2698.0,206.0395
2025-05-19 17:15:00,1747692900000,206.05,206.1,206.0194,206.0194,1818.0,206.0667
2025-05-19 17:30:00,1747693800000,206.0975,206.1,206.0,206.0021,3537.0,206.0393
2025-05-19 17:45:00,1747694700000,206.08,206.0882,205.7524,205.7524,9007.0,205.9155
2025-05-19 18:00:00,1747695600000,205.99,206.13,205.98,206.13,3957.0,206.026
2025-05-19 18:15:00,1747696500000,206.1,206.2199,206.0569,206.2199,13239.0,206.1614
2025-05-19 18:30:00,1747697400000,206.1526,206.5201,206.1526,206.5201,16782.0,206.4261
2025-05-19 18:45:00,1747698300000,206.5494,206.6,206.21,206.3499,19318.0,206.4693
2025-05-20 03:00:00,1747728000000,205.55,205.55,204.88,205.01,16228.0,205.2644
2025-05-20 03:15:00,1747728900000,205.0,205.2,205.0,205.2,1734.0,205.1188
2025-05-20 03:30:00,1747729800000,205.14,205.39,205.01,205.39,5681.0,205.165
2025-05-20 03:45:00,1747730700000,205.11,205.28,205.03,205.16,7595.0,205.2102
2025-05-20 04:00:00,1747731600000,205.19,205.46,205.12,205.22,2450.0,205.2851
2025-05-20 04:15:00,1747732500000,205.09,205.27,205.01,205.01,1417.0,205.1029
2025-05-20 04:30:00,1747733400000,205.16,205.16,205.16,205.16,302.0,205.1579
2025-05-20 04:45:00,1747734300000,205.25,205.25,205.11,205.11,1715.0,205.142
2025-05-20 05:00:00,1747735200000,205.14,205.14,205.06,205.1,2820.0,205.1061
2025-05-20 05:15:00,1747736100000,205.29,205.3,205.17,205.17,3018.0,205.248
2025-05-20 05:30:00,1747737000000,205.2,205.21,205.1,205.19,4217.0,205.185
2025-05-20 05:45:00,1747737900000,205.34,205.68,205.34,205.68,3376.0,205.5028
2025-05-20 06:00:00,1747738800000,205.55,205.65,205.49,205.55,7867.0,205.5544
2025-05-20 06:15:00,1747739700000,205.65,205.78,205.58,205.75,5612.0,205.6692
2025-05-20 06:30:00,1747740600000,205.65,205.66,205.53,205.53,6776.0,205.6051
2025-05-20 06:45:00,1747741500000,205.52,205.6,205.5,205.5,4212.0,205.5269
2025-05-20 07:00:00,1747742400000,205.66,205.98,204.83,205.6,51625.0,205.4322
2025-05-20 07:15:00,1747743300000,205.55,205.5975,205.1,205.12,34582.0,205.4174
2025-05-20 07:30:00,1747744200000,205.35,205.4086,204.82,204.98,39787.0,205.0954
2025-05-20 07:45:00,1747745100000,204.9,205.0,204.64,204.87,39019.0,204.844
2025-05-20 08:00:00,1747746000000,204.9,205.02,204.7532,204.98,34042.0,204.9148
2025-05-20 08:15:00,1747746900000,204.96,205.0,204.08,204.64,57643.0,204.5782
2025-05-20 08:30:00,1747747800000,204.628,205.5899,204.62,204.925,2247823.0,204.9532
2025-05-20 08:45:00,1747748700000,204.95,205.27,204.39,205.04,1175735.0,204.9218
2025-05-20 09:00:00,1747749600000,205.0,205.08,203.88,204.04,1229995.0,204.4001
2025-05-20 09:15:00,1747750500000,204.03,204.49,203.72,203.84,1176861.0,204.1123
2025-05-20 09:30:00,1747751400000,203.81,204.37,203.7662,204.26,860449.0,204.0664
2025-05-20 09:45:00,1747752300000,204.255,204.483,204.02,204.075,820482.0,204.2647
2025-05-20 10:00:00,1747753200000,204.055,204.21,203.75,203.8726,733884.0,203.9241
2025-05-20 10:15:00,1747754100000,203.86,204.1,203.68,203.9091,821156.0,203.8804
2025-05-20 10:30:00,1747755000000,203.9,203.93,203.2299,203.2899,1009001.0,203.557
2025-05-20 10:45:00,1747755900000,203.3,203.77,203.2301,203.52,722976.0,203.5172
2025-05-20 11:00:00,1747756800000,203.52,203.74,203.305,203.53,545379.0,203.5399
2025-05-20 11:15:00,1747757700000,203.535,203.95,203.52,203.8775,834981.0,203.7212
2025-05-20 11:30:00,1747758600000,203.87,204.19,203.79,204.16,640019.0,203.9906
2025-05-20 11:45:00,1747759500000,204.17,204.19,203.85,203.945,526199.0,204.0189
2025-05-20 12:00:00,1747760400000,203.95,204.22,203.83,204.0,668008.0,204.0347
2025-05-20 12:15:00,1747761300000,204.0,205.24,203.75,203.97,538971.0,203.9178
2025-05-20 12:30:00,1747762200000,203.97,205.3597,203.65,203.92,656520.0,203.9114
2025-05-20 12:45:00,1747763100000,203.92,205.45,203.74,203.875,418603.0,203.9353
2025-05-20 13:00:00,1747764000000,203.86,204.14,203.8038,203.9966,512662.0,204.0002
2025-05-20 13:15:00,1747764900000,203.99,204.05,203.23,203.31,767032.0,203.6194
2025-05-20 13:30:00,1747765800000,203.3,203.72,203.24,203.52,701722.0,203.4478
2025-05-20 13:45:00,1747766700000,203.51,203.57,203.21,203.23,691055.0,203.3665
2025-05-20 14:00:00,1747767600000,203.23,203.34,202.65,203.305,1232762.0,202.9732
2025-05-20 14:15:00,1747768500000,203.3108,203.73,203.205,203.52,739523.0,203.5191
2025-05-20 14:30:00,1747769400000,203.52,203.95,203.51,203.71,827455.0,203.775
2025-05-20 14:45:00,1747770300000,203.73,204.195,203.54,204.13,2674000.0,203.9709
2025-05-20 15:00:00,1747771200000,204.07,204.0711,203.6207,203.6207,547891.0,204.0591
2025-05-20 15:15:00,1747772100000,203.72,204.05,203.6516,204.05,10799.0,203.9116
2025-05-20 15:30:00,1747773000000,203.95,204.1,203.81,203.8167,9247.0,203.9678
2025-05-20 15:45:00,1747773900000,203.86,203.99,203.65,203.8,26846.0,203.7992
2025-05-20 16:00:00,1747774800000,203.8,203.8,203.75,203.7601,8925.0,203.7895
2025-05-20 16:15:00,1747775700000,203.7992,203.8,203.75,203.76,5510.0,203.9734
2025-05-20 16:30:00,1747776600000,203.7501,203.78,203.75,203.78,2815.0,203.1791
2025-05-20 16:45:00,1747777500000,203.76,203.77,203.71,203.7481,5417.0,203.7416
2025-05-20 17:00:00,1747778400000,203.74,203.8,203.0278,203.23,15206.0,203.5024
2025-05-20 17:15:00,1747779300000,203.02,203.35,203.02,203.35,4906.0,203.2435
2025-05-20 17:30:00,1747780200000,203.3496,204.07,203.3496,203.6,14779.0,203.9125
2025-05-20 17:45:00,1747781100000,203.5,203.64,203.5,203.64,3766.0,203.5301
2025-05-20 18:00:00,1747782000000,203.68,203.78,203.52,203.75,4550.0,203.6792
2025-05-20 18:15:00,1747782900000,203.75,203.8,203.5752,203.67,6331.0,203.7251
2025-05-20 18:30:00,1747783800000,203.7017,203.76,203.64,203.64,3304.0,203.6963
2025-05-20 18:45:00,1747784700000,203.6885,203.8,203.68,203.8,13360.0,203.7741
2025-05-21 03:00:00,1747814400000,203.1,203.1,202.8,202.8,3807.0,202.9679
2025-05-21 03:15:00,1747815300000,202.66,202.83,202.63,202.83,2810.0,202.6898
2025-05-21 03:30:00,1747816200000,202.77,202.77,202.58,202.65,2770.0,202.7042
2025-05-21 03:45:00,1747817100000,202.63,202.74,202.63,202.74,739.0,202.6847
2025-05-21 04:00:00,1747818000000,202.8,202.8,202.8,202.8,208.0,202.7878
2025-05-21 04:15:00,1747818900000,202.81,202.83,202.65,202.65,3390.0,202.7438
2025-05-21 04:30:00,1747819800000,202.65,202.65,202.38,202.38,4217.0,202.5124
2025-05-21 04:45:00,1747820700000,202.41,202.41,202.25,202.25,2353.0,202.2875
2025-05-21 05:00:00,1747821600000,202.25,202.25,201.85,201.88,26101.0,202.0081
2025-05-21 05:15:00,1747822500000,202.03,202.03,201.5,201.56,10152.0,201.6601
2025-05-21 05:30:00,1747823400000,201.55,202.1,201.55,202.07,22920.0,201.7477
2025-05-21 05:45:00,1747824300000,202.07,202.49,202.07,202.49,11011.0,202.2234
2025-05-21 06:00:00,1747825200000,202.26,202.44,202.0,202.17,27466.0,202.1583
2025-05-21 06:15:00,1747826100000,202.17,202.3,202.1,202.3,19031.0,202.2233
2025-05-21 06:30:00,1747827000000,202.16,202.4,202.16,202.4,8951.0,202.2742
2025-05-21 06:45:00,1747827900000,202.39,202.49,202.21,202.49,6620.0,202.3657
2025-05-21 07:00:00,1747828800000,202.11,203.32,201.922,202.18,109507.0,202.384
2025-05-21 07:15:00,1747829700000,202.22,202.4545,202.1504,202.2487,16536.0,202.2713
2025-05-21 07:30:00,1747830600000,202.2394,202.2394,201.75,201.95,29339.0,201.9863
2025-05-21 07:45:00,1747831500000,202.0,202.0,201.8,201.9,16088.0,201.8827
2025-05-21 08:00:00,1747832400000,201.95,202.0,201.68,201.69,36840.0,201.8352
2025-05-21 08:15:00,1747833300000,201.77,201.9,201.48,201.6992,79441.0,201.6323
2025-05-21 08:30:00,1747834200000,201.61,201.6644,200.06,200.815,3925865.0,200.8164
2025-05-21 08:45:00,1747835100000,200.815,201.52,200.41,200.44,2289825.0,200.8933
2025-05-21 09:00:00,1747836000000,200.44,201.29,200.25,200.64,2509802.0,200.6719
2025-05-21 09:15:00,1747836900000,200.63,201.85,200.51,201.6786,2207878.0,201.2299
2025-05-21 09:30:00,1747837800000,201.6616,202.001,201.18,201.235,1378404.0,201.6165
2025-05-21 09:45:00,1747838700000,201.23,202.36,201.18,202.35,1333098.0,201.7399
2025-05-21 10:00:00,1747839600000,202.335,203.02,202.1301,202.82,1546430.0,202.7207
2025-05-21 10:15:00,1747840500000,202.82,203.3,202.63,202.925,992766.0,203.0204
2025-05-21 10:30:00,1747841400000,202.94,203.2,202.32,202.69,1392261.0,202.7482
2025-05-21 10:45:00,1747842300000,202.7,202.96,202.41,202.48,952788.0,202.7142
2025-05-21 11:00:00,1747843200000,202.47,203.151,202.38,202.99,999518.0,202.7588
2025-05-21 11:15:00,1747844100000,202.99,203.1098,202.74,203.07,802332.0,202.9403
2025-05-21 11:30:00,1747845000000,203.075,203.32,203.025,203.19,687256.0,203.2015
2025-05-21 11:45:00,1747845900000,203.18,203.455,203.07,203.245,906804.0,203.2618
2025-05-21 12:00:00,1747846800000,203.24,203.37,202.5729,202.615,901419.0,203.0239
2025-05-21 12:15:00,1747847700000,202.63,202.63,200.72,200.8299,1721054.0,201.4275
2025-05-21 12:30:00,1747848600000,200.79,202.11,200.42,201.67,1305155.0,201.3213
2025-05-21 12:45:00,1747849500000,201.65,202.06,201.365,201.77,703649.0,201.699
2025-05-21 13:00:00,1747850400000,201.77,201.86,200.95,201.21,1035043.0,201.3628
2025-05-21 13:15:00,1747851300000,201.2,201.7199,200.96,201.52,685867.0,201.3388
2025-05-21 13:30:00,1747852200000,201.51,202.0,201.45,201.755,614449.0,201.7314
2025-05-21 13:45:00,1747853100000,201.76,201.9,200.9136,200.9962,752108.0,201.314
2025-05-21 14:00:00,1747854000000,201.01,201.29,200.35,200.83,1685048.0,200.8728
2025-05-21 14:15:00,1747854900000,200.81,200.86,200.33,200.6246,1050951.0,200.5653
2025-05-21 14:30:00,1747855800000,200.62,201.49,200.56,201.4,1090871.0,201.0693
2025-05-21 14:45:00,1747856700000,201.39,201.6,201.06,201.116,2260341.0,201.3086
2025-05-21 15:00:00,1747857600000,201.12,201.22,200.4,200.5,905990.0,201.1095
2025-05-21 15:15:00,1747858500000,200.5,201.12,200.42,200.8495,34783.0,200.8961
2025-05-21 15:30:00,1747859400000,200.85,200.97,200.7,200.9,11650.0,200.901
2025-05-21 15:45:00,1747860300000,200.96,201.12,200.7847,201.0799,40088.0,200.9627
2025-05-21 16:00:00,1747861200000,201.0,201.08,200.9,200.9001,5475.0,201.0018
2025-05-21 16:15:00,1747862100000,200.93,201.1,200.9005,201.1,17044.0,201.0303
2025-05-21 16:30:00,1747863000000,201.1196,201.1199,201.0,201.05,9244.0,201.3977
2025-05-21 16:45:00,1747863900000,201.05,201.11,201.0,201.01,4687.0,200.992
2025-05-21 17:00:00,1747864800000,201.0,201.26,200.8,200.8001,25731.0,200.9813
2025-05-21 17:15:00,1747865700000,200.86,201.1456,200.8,201.09,11264.0,200.9262
2025-05-21 17:30:00,1747866600000,201.08,201.1,200.91,200.91,5433.0,201.0192
2025-05-21 17:45:00,1747867500000,200.92,200.95,200.85,200.9,10853.0,200.903
2025-05-21 18:00:00,1747868400000,200.86,201.12,200.8,200.9,3015.0,200.8968
2025-05-21 18:15:00,1747869300000,201.0,201.29,201.0,201.02,8256.0,201.1176
2025-05-21 18:30:00,1747870200000,201.05,201.0874,200.85,200.9,9937.0,200.9602
2025-05-21 18:45:00,1747871100000,200.95,201.0,200.9,200.9,10015.0,200.9372
2025-05-22 03:00:00,1747900800000,201.43,202.15,201.43,201.72,20511.0,201.9299
2025-05-22 03:15:00,1747901700000,201.74,202.25,201.74,202.25,4329.0,202.0291
2025-05-22 03:30:00,1747902600000,202.11,202.22,201.94,202.19,8915.0,202.0533
2025-05-22 03:45:00,1747903500000,202.1,202.1,201.94,201.98,2374.0,202.0327
2025-05-22 04:00:00,1747904400000,201.93,201.96,201.69,201.96,4171.0,201.8348
2025-05-22 04:15:00,1747905300000,201.99,201.99,201.99,201.99,338.0,201.9633
2025-05-22 04:30:00,1747906200000,201.91,201.95,201.82,201.82,2246.0,201.9043
2025-05-22 04:45:00,1747907100000,201.85,201.88,201.8,201.88,7360.0,201.8292
2025-05-22 05:00:00,1747908000000,201.99,202.0,201.76,201.92,4862.0,201.9158
2025-05-22 05:15:00,1747908900000,201.88,201.88,201.79,201.79,807.0,201.8419
2025-05-22 05:30:00,1747909800000,201.83,201.9,201.8,201.88,3305.0,201.8556
2025-05-22 05:45:00,1747910700000,201.81,201.81,201.72,201.72,3442.0,201.7866
2025-05-22 06:00:00,1747911600000,201.68,202.75,201.67,202.35,31916.0,202.3241
2025-05-22 06:15:00,1747912500000,202.3,202.65,202.25,202.28,13239.0,202.4146
2025-05-22 06:30:00,1747913400000,202.25,202.42,202.25,202.25,19556.0,202.2719
2025-05-22 06:45:00,1747914300000,202.15,202.15,201.12,201.2,29927.0,201.6444
2025-05-22 07:00:00,1747915200000,202.57,202.77,200.96,201.07,127588.0,201.7661
2025-05-22 07:15:00,1747916100000,201.01,201.01,200.42,200.53,53317.0,200.6263
2025-05-22 07:30:00,1747917000000,200.6896,201.55,200.47,201.44,44386.0,201.0948
2025-05-22 07:45:00,1747917900000,201.51,202.08,201.31,202.08,44890.0,201.6997
2025-05-22 08:00:00,1747918800000,202.12,202.32,201.7503,202.0,59396.0,202.1344
2025-05-22 08:15:00,1747919700000,201.9,202.15,201.05,201.33,58794.0,201.6182
2025-05-22 08:30:00,1747920600000,201.38,201.58,200.16,201.24,2642844.0,200.9944
2025-05-22 08:45:00,1747921500000,201.27,202.83,201.0299,202.73,1796776.0,201.9704
2025-05-22 09:00:00,1747922400000,202.74,203.52,202.55,202.78,1688835.0,203.071
2025-05-22 09:15:00,1747923300000,202.79,202.99,202.18,202.51,1025866.0,202.5696
2025-05-22 09:30:00,1747924200000,202.545,202.95,202.22,202.4701,851666.0,202.6135
2025-05-22 09:45:00,1747925100000,202.47,202.825,201.66,202.39,1092350.0,202.2357
2025-05-22 10:00:00,1747926000000,202.37,203.26,202.37,202.7839,801999.0,202.918
2025-05-22 10:15:00,1747926900000,202.77,203.17,202.54,202.5865,710604.0,202.8531
2025-05-22 10:30:00,1747927800000,202.58,203.31,202.49,203.23,639472.0,202.9625
2025-05-22 10:45:00,1747928700000,203.23,203.4999,203.01,203.35,646053.0,203.2722
2025-05-22 11:00:00,1747929600000,203.38,203.87,203.02,203.84,798516.0,203.524
2025-05-22 11:15:00,1747930500000,203.83,204.12,203.3601,203.415,776276.0,203.7696
2025-05-22 11:30:00,1747931400000,203.42,203.5,203.01,203.0495,536458.0,203.1854
2025-05-22 11:45:00,1747932300000,203.04,203.2627,202.86,203.02,719228.0,203.0529
2025-05-22 12:00:00,1747933200000,203.01,203.18,202.46,202.51,683281.0,202.7753
2025-05-22 12:15:00,1747934100000,202.51,203.2,202.4902,203.12,644811.0,202.9261
2025-05-22 12:30:00,1747935000000,203.09,203.22,202.86,203.21,502619.0,203.0331
2025-05-22 12:45:00,1747935900000,203.23,205.76,202.98,205.02,3821696.0,204.5838
2025-05-22 13:00:00,1747936800000,205.025,205.53,204.2006,204.31,3154021.0,204.8129
2025-05-22 13:15:00,1747937700000,204.31,204.57,203.94,204.19,1431898.0,204.2814
2025-05-22 13:30:00,1747938600000,204.19,204.37,203.9,203.95,1071938.0,204.1598
2025-05-22 13:45:00,1747939500000,203.96,204.32,203.9,204.28,706466.0,204.1172
2025-05-22 14:00:00,1747940400000,204.26,204.64,204.23,204.5,974565.0,204.4382
2025-05-22 14:15:00,1747941300000,204.51,204.57,204.17,204.43,870407.0,204.4011
2025-05-22 14:30:00,1747942200000,204.44,204.55,203.86,204.01,1188273.0,204.1509
2025-05-22 14:45:00,1747943100000,203.99,204.33,202.65,203.08,3836378.0,203.2885
2025-05-22 15:00:00,1747944000000,203.1,203.1,202.87,203.0,404279.0,203.0839
2025-05-22 15:15:00,1747944900000,202.97,203.1,202.75,202.899,26158.0,202.944
2025-05-22 15:30:00,1747945800000,202.8992,203.2977,202.85,203.1,24174.0,203.0217
2025-05-22 15:45:00,1747946700000,203.1,203.25,202.99,203.14,41469.0,203.0832
2025-05-22 16:00:00,1747947600000,203.2001,203.28,203.1001,203.16,19285.0,203.1739
2025-05-22 16:15:00,1747948500000,203.16,203.18,203.12,203.16,15372.0,203.1667
2025-05-22 16:30:00,1747949400000,203.18,203.2764,203.15,203.2764,11052.0,203.1851
2025-05-22 16:45:00,1747950300000,203.28,203.54,203.2502,203.54,9256.0,203.3556
2025-05-22 17:00:00,1747951200000,203.55,203.6,203.1,203.1,12651.0,203.2642
2025-05-22 17:15:00,1747952100000,203.12,203.25,203.07,203.1,4288.0,203.1574
2025-05-22 17:30:00,1747953000000,203.02,203.23,203.02,203.03,5537.0,203.088
2025-05-22 17:45:00,1747953900000,203.1,203.1,202.56,202.67,20142.0,202.777
2025-05-22 18:00:00,1747954800000,202.8,202.8,202.0,202.6,31058.0,202.3891
2025-05-22 18:15:00,1747955700000,202.6,202.8,202.5672,202.75,3885.0,202.6948
2025-05-22 18:30:00,1747956600000,202.72,202.9173,202.56,202.8361,6473.0,202.7286
2025-05-22 18:45:00,1747957500000,202.7938,202.9425,202.56,202.761,8011.0,202.7548
2025-05-23 03:00:00,1747987200000,203.37,203.45,203.09,203.39,9490.0,203.3376
2025-05-23 03:15:00,1747988100000,203.4,203.48,203.31,203.4,4210.0,203.3939
2025-05-23 03:30:00,1747989000000,203.56,203.56,203.1,203.1,5477.0,203.3451
2025-05-23 03:45:00,1747989900000,203.03,203.11,203.02,203.02,2484.0,203.0469
2025-05-23 04:00:00,1747990800000,203.0,203.3,202.92,203.3,9517.0,203.0496
2025-05-23 04:15:00,1747991700000,202.78,202.78,202.51,202.51,4073.0,202.6241
2025-05-23 04:30:00,1747992600000,202.61,202.7,202.51,202.7,2985.0,202.6257
2025-05-23 04:45:00,1747993500000,202.71,203.0,202.71,203.0,1276.0,202.8444
2025-05-23 05:00:00,1747994400000,202.86,202.86,202.86,202.86,656.0,202.8721
2025-05-23 05:15:00,1747995300000,202.91,202.97,202.81,202.97,1907.0,202.9107
2025-05-23 05:30:00,1747996200000,202.92,202.96,202.54,202.54,2335.0,202.7916
2025-05-23 05:45:00,1747997100000,202.86,202.86,202.66,202.74,2398.0,202.7845
2025-05-23 06:00:00,1747998000000,202.9,202.95,202.56,202.75,11090.0,202.7843
2025-05-23 06:15:00,1747998900000,202.71,202.8,201.9,202.01,34092.0,202.1601
2025-05-23 06:30:00,1747999800000,202.06,202.25,200.01,200.01,60726.0,201.0137
2025-05-23 06:45:00,1748000700000,200.33,200.4,197.73,197.8,248373.0,198.9782
2025-05-23 07:00:00,1748001600000,197.8,203.5,196.4,197.0,577141.0,198.4601
2025-05-23 07:15:00,1748002500000,196.86,197.7,196.3947,196.8001,281701.0,196.9517
2025-05-23 07:30:00,1748003400000,197.0,197.69,196.8,197.29,192913.0,197.2191
2025-05-23 07:45:00,1748004300000,197.3017,197.4896,196.37,196.69,185344.0,196.8026
2025-05-23 08:00:00,1748005200000,196.78,197.19,196.0,196.8397,243990.0,196.4902
2025-05-23 08:15:00,1748006100000,196.7102,199.0,196.7102,198.96,287105.0,197.921
2025-05-23 08:30:00,1748007000000,198.9,200.76,197.85,200.7395,4032214.0,199.5578
2025-05-23 08:45:00,1748007900000,200.76,200.88,199.75,200.19,1628626.0,200.1546
2025-05-23 09:00:00,1748008800000,200.09,201.47,199.93,201.125,1444445.0,200.7177
2025-05-23 09:15:00,1748009700000,201.07,201.5599,200.7801,201.035,956843.0,201.1158
2025-05-23 09:30:00,1748010600000,201.05,201.48,200.91,201.31,735010.0,201.2471
2025-05-23 09:45:00,1748011500000,201.31,201.38,200.13,200.325,950096.0,200.6706
2025-05-23 10:00:00,1748012400000,200.34,200.7897,200.22,200.495,908329.0,200.5094
2025-05-23 10:15:00,1748013300000,200.47,201.12,200.1,200.92,658159.0,200.7263
2025-05-23 10:30:00,1748014200000,200.91,201.85,200.86,201.79,1045087.0,201.4133
2025-05-23 10:45:00,1748015100000,201.79,201.83,200.87,200.9,788848.0,201.3435
2025-05-23 11:00:00,1748016000000,200.9,201.3,200.69,201.03,795476.0,200.9916
2025-05-23 11:15:00,1748016900000,201.02,201.55,200.92,201.24,635913.0,201.2823
2025-05-23 11:30:00,1748017800000,201.24,201.29,200.8378,201.22,526890.0,201.0914
2025-05-23 11:45:00,1748018700000,201.21,201.43,201.02,201.17,574162.0,201.2309
2025-05-23 12:00:00,1748019600000,201.17,201.68,201.06,201.52,588301.0,201.448
2025-05-23 12:15:00,1748020500000,201.51,202.06,201.47,202.009,782588.0,201.8079
2025-05-23 12:30:00,1748021400000,202.0,202.09,201.71,202.04,682399.0,201.9204
2025-05-23 12:45:00,1748022300000,202.02,202.33,201.79,202.13,555653.0,202.0886
2025-05-23 13:00:00,1748023200000,202.135,202.37,202.04,202.265,492764.0,202.2154
2025-05-23 13:15:00,1748024100000,202.25,202.3699,201.61,201.89,769003.0,201.9925
2025-05-23 13:30:00,1748025000000,201.87,202.1897,201.83,202.01,429159.0,202.0104
2025-05-23 13:45:00,1748025900000,202.03,202.091,201.66,201.7415,533311.0,201.9113
2025-05-23 14:00:00,1748026800000,201.74,202.03,201.3405,201.95,574853.0,201.6913
2025-05-23 14:15:00,1748027700000,201.95,201.95,201.1101,201.375,1476055.0,201.5599
2025-05-23 14:30:00,1748028600000,201.37,201.88,201.17,201.72,830153.0,201.5466
2025-05-23 14:45:00,1748029500000,201.7,201.74,200.79,200.99,2971782.0,201.218
2025-05-23 15:00:00,1748030400000,200.99,201.0,200.71,200.75,459814.0,200.9789
2025-05-23 15:15:00,1748031300000,200.8,200.8,200.62,200.62,12037.0,200.7397
2025-05-23 15:30:00,1748032200000,200.8,200.8,200.51,200.73,10288.0,200.6349
2025-05-23 15:45:00,1748033100000,200.64,200.75,200.4001,200.75,14829.0,200.5201
2025-05-23 16:00:00,1748034000000,200.99,200.99,200.5167,200.5195,16370.0,200.9551
2025-05-23 16:15:00,1748034900000,200.6,200.6495,200.42,200.46,16464.0,200.4801
2025-05-23 16:30:00,1748035800000,200.58,200.6388,200.47,200.6,5144.0,200.5637
2025-05-23 16:45:00,1748036700000,200.47,200.57,200.19,200.21,12778.0,200.4038
2025-05-23 17:00:00,1748037600000,200.23,200.35,200.23,200.25,1630.0,200.271
2025-05-23 17:15:00,1748038500000,200.49,200.49,200.3115,200.3115,2406.0,200.3658
2025-05-23 17:30:00,1748039400000,200.31,200.4365,200.3,200.37,7512.0,200.3831
2025-05-23 17:45:00,1748040300000,200.3301,200.36,200.14,200.3,3155.0,200.3274
2025-05-23 18:00:00,1748041200000,200.3,200.46,200.16,200.44,4460.0,200.36
2025-05-23 18:15:00,1748042100000,200.45,200.45,200.16,200.312,8160.0,200.3937
2025-05-23 18:30:00,1748043000000,200.35,200.43,200.35,200.389,3656.0,200.3867
2025-05-23 18:45:00,1748043900000,200.3887,200.45,200.31,200.36,9933.0,200.3773
2025-05-27 03:00:00,1748332800000,204.55,205.23,204.55,205.18,38184.0,204.9058
2025-05-27 03:15:00,1748333700000,205.11,205.18,204.8,204.9,7113.0,204.9674
2025-05-27 03:30:00,1748334600000,204.97,204.97,204.7,204.88,13983.0,204.8059
2025-05-27 03:45:00,1748335500000,204.88,204.88,204.58,204.73,8899.0,204.7013
2025-05-27 04:00:00,1748336400000,204.81,205.2,204.81,205.15,10656.0,204.9713
2025-05-27 04:15:00,1748337300000,205.11,205.23,204.8,204.92,6367.0,205.0136
2025-05-27 04:30:00,1748338200000,204.8,205.22,204.8,205.22,9266.0,205.1204
2025-05-27 04:45:00,1748339100000,205.21,205.33,205.16,205.16,16330.0,205.2249
2025-05-27 05:00:00,1748340000000,205.12,205.15,204.9,204.97,9209.0,205.0072
2025-05-27 05:15:00,1748340900000,205.05,205.14,205.05,205.12,10625.0,205.0779
2025-05-27 05:30:00,1748341800000,205.12,205.12,204.85,204.94,9542.0,205.0097
2025-05-27 05:45:00,1748342700000,204.9,204.9,204.8,204.8,1365.0,204.8417
2025-05-27 06:00:00,1748343600000,204.86,204.86,203.8,204.1,68004.0,204.1386
2025-05-27 06:15:00,1748344500000,204.1,204.13,203.9,204.1,11946.0,204.0204
2025-05-27 06:30:00,1748345400000,204.2,204.3,204.1,204.19,12287.0,204.1745
2025-05-27 06:45:00,1748346300000,204.2,204.25,204.2,204.2,9606.0,204.2089
2025-05-27 07:00:00,1748347200000,204.1,205.25,202.7,204.02,149286.0,204.1191
2025-05-27 07:15:00,1748348100000,204.01,204.6,203.8206,204.2999,50893.0,204.3128
2025-05-27 07:30:00,1748349000000,204.33,204.4,203.81,203.97,33145.0,204.1591
2025-05-27 07:45:00,1748349900000,203.85,204.01,203.61,203.72,29703.0,203.8372
2025-05-27 08:00:00,1748350800000,203.85,204.08,203.69,204.07,36960.0,203.9356
2025-05-27 08:15:00,1748351700000,204.0,204.26,202.41,202.99,173002.0,203.1861
2025-05-27 08:30:00,1748352600000,203.085,204.59,202.19,202.64,3207306.0,203.1626
2025-05-27 08:45:00,1748353500000,202.6556,203.49,202.5701,203.395,1590284.0,203.1283
2025-05-27 09:00:00,1748354400000,203.41,204.89,203.38,204.8,1816967.0,204.1926
2025-05-27 09:15:00,1748355300000,204.8,205.2399,204.4702,205.02,1679056.0,204.8685
2025-05-27 09:30:00,1748356200000,205.015,205.36,204.67,205.06,1221279.0,205.0304
2025-05-27 09:45:00,1748357100000,205.05,205.26,204.43,204.52,859963.0,204.8858
2025-05-27 10:00:00,1748358000000,204.53,204.97,204.47,204.85,699965.0,204.7244
2025-05-27 10:15:00,1748358900000,204.85,205.6171,204.835,205.2601,1285372.0,205.2464
2025-05-27 10:30:00,1748359800000,205.26,205.72,205.1201,205.61,928298.0,205.4555
2025-05-27 10:45:00,1748360700000,205.61,206.19,205.37,206.165,1237590.0,205.8682
2025-05-27 11:00:00,1748361600000,206.165,206.29,205.72,206.19,903534.0,206.0327
2025-05-27 11:15:00,1748362500000,206.19,206.3421,205.77,205.83,675936.0,206.1368
2025-05-27 11:30:00,1748363400000,205.8,206.69,205.78,206.48,1163307.0,206.3703
2025-05-27 11:45:00,1748364300000,206.47,206.64,206.07,206.1,680107.0,206.2972
2025-05-27 12:00:00,1748365200000,206.11,206.19,205.94,205.99,607885.0,206.0523
2025-05-27 12:15:00,1748366100000,206.0,206.45,205.95,206.045,622158.0,206.1407
2025-05-27 12:30:00,1748367000000,206.045,206.35,205.99,206.17,635734.0,206.1877
2025-05-27 12:45:00,1748367900000,206.17,206.24,205.9376,206.13,650874.0,206.1018
2025-05-27 13:00:00,1748368800000,206.13,206.33,205.9801,206.16,651656.0,206.1343
2025-05-27 13:15:00,1748369700000,206.165,206.22,205.65,205.8,634068.0,205.8715
2025-05-27 13:30:00,1748370600000,205.82,205.86,205.34,205.45,618638.0,205.6014
2025-05-27 13:45:00,1748371500000,205.445,205.66,205.21,205.26,626421.0,205.447
2025-05-27 14:00:00,1748372400000,205.25,205.52,205.13,205.23,771343.0,205.3311
2025-05-27 14:15:00,1748373300000,205.23,205.53,205.19,205.33,1397352.0,205.2994
2025-05-27 14:30:00,1748374200000,205.33,205.63,205.06,205.54,1013031.0,205.3253
2025-05-27 14:45:00,1748375100000,205.54,206.01,205.39,206.0,2847790.0,205.7224
2025-05-27 15:00:00,1748376000000,205.9915,206.02,205.5,205.89,260363.0,205.9838
2025-05-27 15:15:00,1748376900000,205.8101,206.02,205.8101,205.9442,22830.0,205.9305
2025-05-27 15:30:00,1748377800000,205.81,205.9224,205.8,205.85,3670.0,205.8648
2025-05-27 15:45:00,1748378700000,205.86,206.02,205.8,205.9489,38949.0,205.99
2025-05-27 16:00:00,1748379600000,205.93,205.99,205.86,205.9,9886.0,205.5114
2025-05-27 16:15:00,1748380500000,205.92,205.9899,205.91,205.9899,2732.0,205.9903
2025-05-27 16:30:00,1748381400000,205.9899,206.0,205.9009,205.9493,14670.0,205.9698
2025-05-27 16:45:00,1748382300000,205.94,206.0,205.93,205.93,11526.0,205.9431
2025-05-27 17:00:00,1748383200000,205.97,205.97,205.6973,205.882,3449.0,205.8635
2025-05-27 17:15:00,1748384100000,205.75,205.9,205.7122,205.8304,3506.0,205.8494
2025-05-27 17:30:00,1748385000000,205.9,205.99,205.9,205.95,3202.0,205.9359
2025-05-27 17:45:00,1748385900000,205.94,206.0,205.8,205.85,11115.0,205.8866
2025-05-27 18:00:00,1748386800000,205.95,205.97,205.92,205.95,2963.0,205.9513
2025-05-27 18:15:00,1748387700000,205.85,206.02,205.85,205.95,7270.0,205.9451
2025-05-27 18:30:00,1748388600000,205.93,206.0,205.85,205.99,6835.0,205.95
2025-05-27 18:45:00,1748389500000,206.0,206.0,205.81,205.99,10083.0,205.9239
2025-05-28 03:00:00,1748419200000,205.65,205.7,205.44,205.44,7385.0,205.5842
2025-05-28 03:15:00,1748420100000,205.35,205.35,205.35,205.35,807.0,205.3467
2025-05-28 03:30:00,1748421000000,205.44,205.46,205.44,205.46,1382.0,205.4403
2025-05-28 03:45:00,1748421900000,205.35,205.35,205.32,205.32,3017.0,205.3385
2025-05-28 04:00:00,1748422800000,205.38,205.41,205.38,205.41,812.0,205.394
2025-05-28 04:15:00,1748423700000,205.28,205.28,205.17,205.17,1531.0,205.2008
2025-05-28 04:30:00,1748424600000,205.26,205.36,205.26,205.36,1142.0,205.2808
2025-05-28 04:45:00,1748425500000,205.36,205.42,205.36,205.42,935.0,205.3766
2025-05-28 05:00:00,1748426400000,205.43,205.62,205.43,205.62,4705.0,205.4976
2025-05-28 05:15:00,1748427300000,205.68,205.75,205.68,205.75,2468.0,205.7006
2025-05-28 05:30:00,1748428200000,205.74,206.2,205.74,206.2,8701.0,206.0248
2025-05-28 05:45:00,1748429100000,206.25,206.29,206.19,206.26,6456.0,206.2129
2025-05-28 06:00:00,1748430000000,206.21,206.39,205.85,206.0,10343.0,206.1301
2025-05-28 06:15:00,1748430900000,205.9,206.0,205.9,206.0,3136.0,205.9444
2025-05-28 06:30:00,1748431800000,206.07,206.26,206.07,206.12,3104.0,206.1811
2025-05-28 06:45:00,1748432700000,206.13,206.18,206.12,206.18,2754.0,206.1243
2025-05-28 07:00:00,1748433600000,206.3,206.4394,205.32,206.19,42375.0,205.9221
2025-05-28 07:15:00,1748434500000,206.1504,206.33,206.08,206.08,21561.0,206.2089
2025-05-28 07:30:00,1748435400000,206.1,206.4,206.08,206.38,10489.0,206.2031
2025-05-28 07:45:00,1748436300000,206.3999,206.3999,206.05,206.12,27752.0,206.1868
2025-05-28 08:00:00,1748437200000,206.19,206.25,205.8502,205.95,18130.0,205.9973
2025-05-28 08:15:00,1748438100000,205.88,206.02,205.14,205.97,58954.0,205.6722
2025-05-28 08:30:00,1748439000000,205.915,207.66,205.915,207.0,3080673.0,206.8857
2025-05-28 08:45:00,1748439900000,207.0,207.03,205.72,205.885,1341627.0,206.3541
2025-05-28 09:00:00,1748440800000,205.86,206.285,205.5,205.62,2298565.0,205.7954
2025-05-28 09:15:00,1748441700000,205.6241,205.81,205.17,205.61,921512.0,205.506
2025-05-28 09:30:00,1748442600000,205.6,205.81,205.29,205.59,725366.0,205.5379
2025-05-28 09:45:00,1748443500000,205.6,205.6,205.22,205.27,622539.0,205.425
2025-05-28 10:00:00,1748444400000,205.2699,205.65,205.22,205.3614,576791.0,205.5002
2025-05-28 10:15:00,1748445300000,205.39,205.81,205.39,205.64,594480.0,205.632
2025-05-28 10:30:00,1748446200000,205.63,205.69,205.28,205.45,594643.0,205.5066
2025-05-28 10:45:00,1748447100000,205.44,205.56,205.28,205.3399,430972.0,205.4333
2025-05-28 11:00:00,1748448000000,205.33,205.65,205.33,205.525,430612.0,205.5053
2025-05-28 11:15:00,1748448900000,205.51,205.78,205.5,205.7,536989.0,205.6429
2025-05-28 11:30:00,1748449800000,205.69,205.96,205.63,205.7,505595.0,205.7943
2025-05-28 11:45:00,1748450700000,205.7,205.77,205.51,205.68,372907.0,205.6618
2025-05-28 12:00:00,1748451600000,205.69,205.81,205.55,205.57,449693.0,205.6861
2025-05-28 12:15:00,1748452500000,205.5605,205.7699,205.53,205.56,398670.0,205.6591
2025-05-28 12:30:00,1748453400000,205.55,205.595,205.2,205.295,431028.0,205.3944
2025-05-28 12:45:00,1748454300000,205.3046,205.445,205.23,205.345,410697.0,205.3517
2025-05-28 13:00:00,1748455200000,205.3392,205.785,205.29,205.775,642455.0,205.569
2025-05-28 13:15:00,1748456100000,205.775,205.95,205.53,205.89,725421.0,205.742
2025-05-28 13:30:00,1748457000000,205.88,206.08,205.82,205.8393,606786.0,205.9459
2025-05-28 13:45:00,1748457900000,205.84,205.87,205.0101,205.7,830394.0,205.5346
2025-05-28 14:00:00,1748458800000,205.69,205.98,205.43,205.61,902348.0,205.7655
2025-05-28 14:15:00,1748459700000,205.63,205.75,205.41,205.54,641258.0,205.6043
2025-05-28 14:30:00,1748460600000,205.53,205.82,205.23,205.41,919797.0,205.5284
2025-05-28 14:45:00,1748461500000,205.41,205.62,204.41,204.8,2662407.0,204.8709
2025-05-28 15:00:00,1748462400000,204.72,205.15,204.29,204.8786,408374.0,204.7281
2025-05-28 15:15:00,1748463300000,204.78,205.58,204.72,204.85,126623.0,205.2435
2025-05-28 15:30:00,1748464200000,204.81,205.5,204.72,205.4999,54155.0,205.1519
2025-05-28 15:45:00,1748465100000,205.4989,205.66,205.26,205.66,57721.0,205.4083
2025-05-28 16:00:00,1748466000000,205.58,205.7399,204.72,205.2,51071.0,205.1784
2025-05-28 16:15:00,1748466900000,205.2001,205.39,205.0,205.27,15732.0,205.1327
2025-05-28 16:30:00,1748467800000,205.02,205.3488,205.02,205.33,17504.0,205.1524
2025-05-28 16:45:00,1748468700000,205.35,205.5,205.25,205.28,15677.0,205.3894
2025-05-28 17:00:00,1748469600000,205.26,205.55,205.1,205.5,16050.0,205.3354
2025-05-28 17:15:00,1748470500000,205.3044,205.6,205.3044,205.45,3009.0,205.4621
2025-05-28 17:30:00,1748471400000,205.39,205.7,205.39,205.65,8540.0,205.5877
2025-05-28 17:45:00,1748472300000,205.65,206.14,205.63,206.06,28535.0,205.8726
2025-05-28 18:00:00,1748473200000,206.05,209.25,206.0499,209.25,188607.0,208.0087
2025-05-28 18:15:00,1748474100000,209.25,211.3,209.02,210.5,300427.0,210.3881
2025-05-28 18:30:00,1748475000000,210.5,210.99,210.0529,210.85,137387.0,210.5625
2025-05-28 18:45:00,1748475900000,210.7313,211.95,210.6,211.9,146239.0,211.0145
2025-05-29 03:00:00,1748505600000,211.4,211.75,210.92,211.05,56549.0,211.3357
2025-05-29 03:15:00,1748506500000,211.05,211.05,210.61,210.65,11598.0,210.8841
2025-05-29 03:30:00,1748507400000,210.61,210.89,210.6,210.89,16792.0,210.7333
2025-05-29 03:45:00,1748508300000,210.75,210.76,210.4,210.45,12388.0,210.6224
2025-05-29 04:00:00,1748509200000,210.46,211.15,210.45,211.15,15563.0,210.7944
2025-05-29 04:15:00,1748510100000,211.03,211.03,210.72,210.72,11461.0,210.8554
2025-05-29 04:30:00,1748511000000,210.87,210.87,210.62,210.85,4751.0,210.7964
2025-05-29 04:45:00,1748511900000,210.66,210.85,210.6,210.6,10116.0,210.693
2025-05-29 05:00:00,1748512800000,210.52,210.62,210.25,210.3,27239.0,210.417
2025-05-29 05:15:00,1748513700000,210.14,210.21,209.98,210.05,29066.0,210.0529
2025-05-29 05:30:00,1748514600000,210.0,210.65,210.0,210.1,34803.0,210.2539
2025-05-29 05:45:00,1748515500000,210.06,210.15,209.79,210.11,18952.0,210.0015
2025-05-29 06:00:00,1748516400000,210.07,210.5,209.54,209.9,64635.0,209.9179
2025-05-29 06:15:00,1748517300000,210.0,210.0,209.02,209.15,39184.0,209.5911
2025-05-29 06:30:00,1748518200000,209.16,209.2,208.52,209.0,73206.0,208.9184
2025-05-29 06:45:00,1748519100000,209.0,209.01,207.92,208.5,54010.0,208.3524
2025-05-29 07:00:00,1748520000000,210.11,211.7,207.8565,208.09,333699.0,209.4628
2025-05-29 07:15:00,1748520900000,208.0,208.376,207.9001,208.22,63065.0,208.1137
2025-05-29 07:30:00,1748521800000,208.106,208.75,207.51,208.13,102534.0,208.0483
2025-05-29 07:45:00,1748522700000,208.14,208.46,207.8,207.8,49156.0,208.1109
2025-05-29 08:00:00,1748523600000,207.91,208.3699,207.8,208.34,62135.0,208.1615
2025-05-29 08:15:00,1748524500000,208.28,208.7499,207.95,207.96,91188.0,208.4329
2025-05-29 08:30:00,1748525400000,208.025,208.81,206.9,207.08,4293071.0,207.7552
2025-05-29 08:45:00,1748526300000,207.06,207.47,206.29,207.01,2410449.0,206.8746
2025-05-29 09:00:00,1748527200000,207.02,207.26,205.77,206.42,1477641.0,206.4207
2025-05-29 09:15:00,1748528100000,206.41,207.17,205.95,207.1,1026917.0,206.5081
2025-05-29 09:30:00,1748529000000,207.08,207.23,206.56,207.19,837155.0,206.9161
2025-05-29 09:45:00,1748529900000,207.18,207.495,206.85,207.29,1011564.0,207.1992
2025-05-29 10:00:00,1748530800000,207.29,207.38,206.6809,206.8,793264.0,207.0536
2025-05-29 10:15:00,1748531700000,206.8,207.0,206.57,206.94,707546.0,206.8087
2025-05-29 10:30:00,1748532600000,206.92,206.9611,205.859,205.935,886070.0,206.1739
2025-05-29 10:45:00,1748533500000,205.93,206.0176,204.49,204.6662,1163182.0,205.4329
2025-05-29 11:00:00,1748534400000,204.64,205.73,204.23,205.6999,1024502.0,204.9566
2025-05-29 11:15:00,1748535300000,205.68,206.175,205.6604,205.98,709096.0,205.9102
2025-05-29 11:30:00,1748536200000,205.96,206.36,205.93,206.31,556514.0,206.1206
2025-05-29 11:45:00,1748537100000,206.32,206.7,206.0,206.59,657877.0,206.3114
2025-05-29 12:00:00,1748538000000,206.58,206.92,206.39,206.755,662547.0,206.6417
2025-05-29 12:15:00,1748538900000,206.76,206.9693,206.33,206.41,652498.0,206.6129
2025-05-29 12:30:00,1748539800000,206.42,206.56,205.87,205.935,566024.0,206.2263
2025-05-29 12:45:00,1748540700000,205.95,206.1129,205.3,205.3251,743689.0,205.6644
2025-05-29 13:00:00,1748541600000,205.32,205.67,205.22,205.375,746405.0,205.4473
2025-05-29 13:15:00,1748542500000,205.39,205.45,204.37,204.51,946413.0,204.7675
2025-05-29 13:30:00,1748543400000,204.5189,205.15,204.5189,204.98,791716.0,204.9149
2025-05-29 13:45:00,1748544300000,204.97,205.33,204.84,204.99,741006.0,205.1157
2025-05-29 14:00:00,1748545200000,205.01,205.2899,204.79,205.06,805744.0,205.0599
2025-05-29 14:15:00,1748546100000,205.05,205.62,204.92,205.29,680212.0,205.36
2025-05-29 14:30:00,1748547000000,205.28,205.6399,205.28,205.56,708581.0,205.4523
2025-05-29 14:45:00,1748547900000,205.53,206.22,205.12,205.7,2687382.0,205.6074
2025-05-29 15:00:00,1748548800000,205.7,205.7,205.25,205.25,321611.0,205.6652
2025-05-29 15:15:00,1748549700000,205.25,205.7,205.2,205.6704,19932.0,205.5602
2025-05-29 15:30:00,1748550600000,205.67,205.79,205.67,205.7,22946.0,205.7004
2025-05-29 15:45:00,1748551500000,205.7799,205.7799,205.56,205.6,11377.0,205.7838
2025-05-29 16:00:00,1748552400000,205.6,205.7,205.51,205.51,18335.0,205.6575
2025-05-29 16:15:00,1748553300000,205.69,205.69,205.511,205.5899,1424.0,205.601
2025-05-29 16:30:00,1748554200000,205.51,205.51,205.3,205.33,15397.0,205.4001
2025-05-29 16:45:00,1748555100000,205.31,205.31,205.0,205.28,10693.0,205.1016
2025-05-29 17:00:00,1748556000000,205.16,205.31,205.02,205.31,8865.0,205.18
2025-05-29 17:15:00,1748556900000,205.3,205.3833,204.8,204.8043,8100.0,205.0169
2025-05-29 17:30:00,1748557800000,204.92,205.1751,204.85,205.1,8813.0,204.9614
2025-05-29 17:45:00,1748558700000,204.8518,204.97,204.85,204.86,2308.0,204.8903
2025-05-29 18:00:00,1748559600000,204.85,204.97,204.85,204.9018,5282.0,204.8813
2025-05-29 18:15:00,1748560500000,204.9001,205.0978,204.9,205.0978,3381.0,204.9659
2025-05-29 18:30:00,1748561400000,205.04,205.07,204.85,204.85,6685.0,204.942
2025-05-29 18:45:00,1748562300000,204.85,204.95,204.7,204.9,11724.0,204.8072
2025-05-30 03:00:00,1748592000000,205.12,205.3,205.08,205.3,11254.0,205.2128
2025-05-30 03:15:00,1748592900000,205.24,205.27,205.2,205.25,3099.0,205.2339
2025-05-30 03:30:00,1748593800000,205.24,205.24,205.11,205.21,1031.0,205.2143
2025-05-30 03:45:00,1748594700000,205.36,205.43,205.36,205.42,1442.0,205.4001
2025-05-30 04:00:00,1748595600000,205.18,205.37,205.18,205.37,2001.0,205.3271
2025-05-30 04:15:00,1748596500000,205.42,205.5,205.4,205.5,4136.0,205.4284
2025-05-30 04:30:00,1748597400000,205.33,205.62,205.33,205.49,1631.0,205.4699
2025-05-30 04:45:00,1748598300000,205.48,205.48,205.45,205.45,2283.0,205.4524
2025-05-30 05:00:00,1748599200000,205.27,205.45,205.24,205.43,2419.0,205.2966
2025-05-30 05:15:00,1748600100000,205.37,205.47,205.37,205.47,1780.0,205.4216
2025-05-30 05:30:00,1748601000000,205.36,205.36,205.36,205.36,791.0,205.3753
2025-05-30 05:45:00,1748601900000,205.45,205.45,205.37,205.37,412.0,205.4143
2025-05-30 06:00:00,1748602800000,205.34,206.66,205.34,206.1,41630.0,206.2234
2025-05-30 06:15:00,1748603700000,206.18,206.18,205.71,205.71,14547.0,205.8916
2025-05-30 06:30:00,1748604600000,205.7,205.7,205.65,205.65,4534.0,205.684
2025-05-30 06:45:00,1748605500000,205.6,205.75,205.5,205.5,6077.0,205.5986
2025-05-30 07:00:00,1748606400000,206.74,206.7443,202.54,203.49,195776.0,204.4969
2025-05-30 07:15:00,1748607300000,203.28,204.2837,203.15,203.44,125665.0,203.5957
2025-05-30 07:30:00,1748608200000,203.7438,204.63,203.44,204.3814,89789.0,204.1874
2025-05-30 07:45:00,1748609100000,204.46,204.46,203.78,203.8736,57490.0,203.9354
2025-05-30 08:00:00,1748610000000,203.87,204.095,203.6,203.82,59318.0,203.8526
2025-05-30 08:15:00,1748610900000,203.8,204.91,203.7501,204.81,107638.0,204.3542
2025-05-30 08:30:00,1748611800000,204.84,205.25,203.94,203.95,2007038.0,204.5512
2025-05-30 08:45:00,1748612700000,203.945,204.48,203.47,203.835,1190398.0,203.9388
2025-05-30 09:00:00,1748613600000,203.835,205.22,203.79,205.06,1080506.0,204.6579
2025-05-30 09:15:00,1748614500000,205.05,205.29,204.74,205.07,800695.0,205.031
2025-05-30 09:30:00,1748615400000,205.075,205.18,204.79,204.82,679390.0,204.9599
2025-05-30 09:45:00,1748616300000,204.82,204.96,204.18,204.355,754289.0,204.5461
2025-05-30 10:00:00,1748617200000,204.36,204.76,204.32,204.52,591447.0,204.5182
2025-05-30 10:15:00,1748618100000,204.54,204.8499,204.2924,204.6829,552667.0,204.5384
2025-05-30 10:30:00,1748619000000,204.66,204.8,203.9,203.99,648197.0,204.1999
2025-05-30 10:45:00,1748619900000,203.98,204.4,203.835,204.24,707499.0,204.1014
2025-05-30 11:00:00,1748620800000,204.25,204.58,203.92,204.485,515419.0,204.2808
2025-05-30 11:15:00,1748621700000,204.475,204.5239,202.69,202.83,1163134.0,203.5226
2025-05-30 11:30:00,1748622600000,202.77,202.825,201.695,202.35,1472891.0,202.3079
2025-05-30 11:45:00,1748623500000,202.35,202.505,201.84,202.24,779968.0,202.1276
2025-05-30 12:00:00,1748624400000,202.23,202.88,202.085,202.65,817076.0,202.4705
2025-05-30 12:15:00,1748625300000,202.64,202.94,202.45,202.675,582110.0,202.7018
2025-05-30 12:30:00,1748626200000,202.67,202.91,202.52,202.68,534084.0,202.7335
2025-05-30 12:45:00,1748627100000,202.69,203.2,202.65,202.75,543968.0,202.9328
2025-05-30 13:00:00,1748628000000,202.75,203.46,202.74,203.3215,724593.0,203.1712
2025-05-30 13:15:00,1748628900000,203.33,204.025,203.29,203.875,1137473.0,203.7289
2025-05-30 13:30:00,1748629800000,203.89,204.06,203.72,203.94,1433570.0,203.8564
2025-05-30 13:45:00,1748630700000,203.93,204.43,203.91,204.35,762349.0,204.1617
2025-05-30 14:00:00,1748631600000,204.35,204.92,204.33,204.72,1155222.0,204.6516
2025-05-30 14:15:00,1748632500000,204.72,205.07,204.67,204.8935,1024482.0,204.8447
2025-05-30 14:30:00,1748633400000,204.9,205.07,204.44,204.61,916731.0,204.7172
2025-05-30 14:45:00,1748634300000,204.62,205.99,204.29,204.66,6318568.0,205.09
2025-05-30 15:00:00,1748635200000,205.01,205.2,204.57,204.85,4614845.0,205.0027
2025-05-30 15:15:00,1748636100000,204.85,205.05,204.85,204.94,169849.0,204.9968
2025-05-30 15:30:00,1748637000000,204.95,205.05,204.91,204.9601,13000.0,204.986
2025-05-30 15:45:00,1748637900000,205.01,205.15,204.9,205.08,99564.0,204.9844
2025-05-30 16:00:00,1748638800000,205.1,205.1371,205.01,205.05,5587.0,204.9222
2025-05-30 16:15:00,1748639700000,205.05,205.05,205.0,205.02,5211.0,205.0268
2025-05-30 16:30:00,1748640600000,205.018,205.018,204.96,205.0,514.0,204.9973
2025-05-30 16:45:00,1748641500000,205.0,205.05,204.9999,205.0,7287.0,205.0144
2025-05-30 17:00:00,1748642400000,205.0,205.0,205.0,205.0,477.0,204.9981
2025-05-30 17:15:00,1748643300000,204.91,204.98,204.8,204.8,4152.0,204.9088
2025-05-30 17:30:00,1748644200000,204.8,204.94,204.8,204.94,921.0,204.9015
2025-05-30 17:45:00,1748645100000,204.94,204.94,204.75,204.75,1783.0,204.8291
2025-05-30 18:00:00,1748646000000,204.7486,204.75,204.69,204.75,2828.0,204.7376
2025-05-30 18:15:00,1748646900000,204.6601,204.6601,204.55,204.55,2448.0,204.6242
2025-05-30 18:30:00,1748647800000,204.55,204.7,204.5397,204.7,1138.0,204.5961
2025-05-30 18:45:00,1748648700000,204.54,204.7,204.5147,204.58,10900.0,204.6512
2025-06-02 03:00:00,1748851200000,203.25,204.3,203.25,203.73,11454.0,203.489
2025-06-02 03:15:00,1748852100000,203.57,203.61,203.52,203.52,2993.0,203.5592
2025-06-02 03:30:00,1748853000000,203.56,203.56,203.5,203.5,1358.0,203.5228
2025-06-02 03:45:00,1748853900000,203.5,203.5,203.41,203.41,1657.0,203.461
2025-06-02 04:00:00,1748854800000,203.48,203.48,203.48,203.48,1658.0,203.4751
2025-06-02 04:30:00,1748856600000,203.52,203.54,203.52,203.54,445.0,203.5243
2025-06-02 04:45:00,1748857500000,203.36,203.38,203.34,203.34,2054.0,203.3188
2025-06-02 05:00:00,1748858400000,203.5,203.62,203.5,203.62,3926.0,203.521
2025-06-02 05:15:00,1748859300000,203.57,203.58,203.55,203.56,1036.0,203.5564
2025-06-02 05:30:00,1748860200000,203.54,203.93,203.54,203.91,6030.0,203.8316
2025-06-02 05:45:00,1748861100000,204.0,204.07,203.92,204.07,2435.0,204.0158
2025-06-02 06:00:00,1748862000000,204.1,204.61,204.0,204.56,17082.0,204.3271
2025-06-02 06:15:00,1748862900000,204.51,204.59,204.37,204.37,5886.0,204.477
2025-06-02 06:30:00,1748863800000,204.36,204.45,204.0,204.0,9842.0,204.1678
2025-06-02 06:45:00,1748864700000,204.0,204.0,203.82,203.82,10407.0,203.9603
2025-06-02 07:00:00,1748865600000,204.1482,204.69,202.8,204.0,116864.0,204.4128
2025-06-02 07:15:00,1748866500000,204.13,204.4,203.9,204.1,23736.0,204.1205
2025-06-02 07:30:00,1748867400000,203.94,204.42,203.94,204.3964,12477.0,204.2371
2025-06-02 07:45:00,1748868300000,204.32,204.42,203.9,204.33,12630.0,204.1837
2025-06-02 08:00:00,1748869200000,204.1829,204.278,203.8,204.0,33664.0,204.2057
2025-06-02 08:15:00,1748870100000,203.993,204.97,203.76,204.97,86435.0,204.3231
2025-06-02 08:30:00,1748871000000,204.98,206.22,204.27,205.2286,2875702.0,205.4125
2025-06-02 08:45:00,1748871900000,205.23,205.31,203.4,203.685,1751827.0,204.241
2025-06-02 09:00:00,1748872800000,203.685,203.685,202.68,203.33,1446578.0,203.1093
2025-06-02 09:15:00,1748873700000,203.34,204.46,203.23,204.3253,892836.0,203.9099
2025-06-02 09:30:00,1748874600000,204.31,204.89,204.0183,204.35,899783.0,204.4488
2025-06-02 09:45:00,1748875500000,204.34,205.21,204.25,205.1746,977606.0,204.6397
2025-06-02 10:00:00,1748876400000,205.1602,205.49,204.83,205.3,1067775.0,205.1811
2025-06-02 10:15:00,1748877300000,205.31,205.54,204.92,205.08,681373.0,205.2452
2025-06-02 10:30:00,1748878200000,205.09,205.14,204.78,205.01,557304.0,204.9723
2025-06-02 10:45:00,1748879100000,205.0,205.4116,204.95,205.34,647845.0,205.2152
2025-06-02 11:00:00,1748880000000,205.33,205.45,204.96,205.14,532830.0,205.184
2025-06-02 11:15:00,1748880900000,205.14,205.43,204.95,205.23,541530.0,205.1565
2025-06-02 11:30:00,1748881800000,205.23,205.47,205.17,205.275,493987.0,205.3233
2025-06-02 11:45:00,1748882700000,205.275,205.975,205.26,205.8701,640517.0,205.6774
2025-06-02 12:00:00,1748883600000,205.88,206.2,205.88,205.95,550709.0,206.0669
2025-06-02 12:15:00,1748884500000,205.96,206.0798,205.59,205.71,524720.0,205.8564
2025-06-02 12:30:00,1748885400000,205.69,205.86,205.6101,205.7,944247.0,205.7563
2025-06-02 12:45:00,1748886300000,205.71,205.73,205.455,205.6008,500744.0,205.6238
2025-06-02 13:00:00,1748887200000,205.6,205.95,205.47,205.8866,561465.0,205.6388
2025-06-02 13:15:00,1748888100000,205.89,206.42,205.87,206.1874,711202.0,206.1818
2025-06-02 13:30:00,1748889000000,206.195,206.58,206.15,206.5136,591757.0,206.3716
2025-06-02 13:45:00,1748889900000,206.51,206.68,206.32,206.44,882560.0,206.448
2025-06-02 14:00:00,1748890800000,206.41,206.63,205.2,206.525,827324.0,206.4343
2025-06-02 14:15:00,1748891700000,206.525,206.94,206.51,206.84,869864.0,206.763
2025-06-02 14:30:00,1748892600000,206.84,206.93,206.595,206.81,986533.0,206.7762
2025-06-02 14:45:00,1748893500000,206.8,207.0,206.31,206.71,2400404.0,206.643
2025-06-02 15:00:00,1748894400000,206.65,207.2,206.65,207.1,709971.0,206.6805
2025-06-02 15:15:00,1748895300000,207.1,208.0,206.65,207.5,64412.0,207.3964
2025-06-02 15:30:00,1748896200000,207.37,207.59,207.2,207.45,18756.0,207.3556
2025-06-02 15:45:00,1748897100000,207.45,207.8999,206.65,207.34,31725.0,207.526
2025-06-02 16:00:00,1748898000000,207.35,207.55,207.35,207.5,4977.0,207.464
2025-06-02 16:15:00,1748898900000,207.6,207.65,207.3498,207.6,6903.0,207.5733
2025-06-02 16:30:00,1748899800000,207.64,207.6439,207.36,207.5,3893.0,207.5345
2025-06-02 16:45:00,1748900700000,207.6191,207.65,207.402,207.403,3172.0,207.464
2025-06-02 17:00:00,1748901600000,207.41,207.55,207.2,207.2,11977.0,207.3701
2025-06-02 17:15:00,1748902500000,207.2,207.3,207.0,207.0,8966.0,207.1121
2025-06-02 17:30:00,1748903400000,207.0,207.087,206.76,206.91,7410.0,206.9339
2025-06-02 17:45:00,1748904300000,206.9,207.01,206.86,207.0,4162.0,206.949
2025-06-02 18:00:00,1748905200000,207.0,207.02,206.83,207.02,7499.0,206.9568
2025-06-02 18:15:00,1748906100000,206.83,207.23,206.51,207.23,13527.0,206.8295
2025-06-02 18:30:00,1748907000000,206.8,207.06,206.76,206.95,5576.0,206.97
2025-06-02 18:45:00,1748907900000,207.05,207.05,206.5,206.58,8553.0,206.7485
2025-06-03 03:00:00,1748937600000,206.43,206.43,205.53,205.58,12262.0,205.751
2025-06-03 03:15:00,1748938500000,205.73,205.78,205.5,205.71,10496.0,205.6536
2025-06-03 03:30:00,1748939400000,205.74,205.93,205.53,205.88,5460.0,205.7254
2025-06-03 03:45:00,1748940300000,205.86,205.98,205.86,205.98,2348.0,205.9246
2025-06-03 04:00:00,1748941200000,206.02,206.02,205.95,206.0,2076.0,205.9838
2025-06-03 04:15:00,1748942100000,205.85,205.85,205.7,205.7,670.0,205.771
2025-06-03 04:30:00,1748943000000,205.81,206.12,205.8,206.12,2792.0,205.9049
2025-06-03 04:45:00,1748943900000,205.83,205.99,205.82,205.99,1211.0,205.9404
2025-06-03 05:00:00,1748944800000,206.0,206.05,206.0,206.0,1231.0,206.0118
2025-06-03 05:15:00,1748945700000,206.0,206.0,205.79,205.88,5982.0,205.9063
2025-06-03 05:30:00,1748946600000,206.11,206.11,205.98,206.05,5065.0,206.0416
2025-06-03 05:45:00,1748947500000,206.01,206.31,205.98,206.31,7479.0,206.1013
2025-06-03 06:00:00,1748948400000,206.3,206.5,206.23,206.5,10612.0,206.3509
2025-06-03 06:15:00,1748949300000,206.35,206.64,206.2,206.41,12339.0,206.361
2025-06-03 06:30:00,1748950200000,206.3,206.49,206.2,206.41,5130.0,206.3613
2025-06-03 06:45:00,1748951100000,206.47,206.48,206.0,206.22,25303.0,206.203
2025-06-03 07:00:00,1748952000000,206.5,206.65,205.53,206.1,85541.0,206.2096
2025-06-03 07:15:00,1748952900000,206.1959,206.57,206.0003,206.5,10339.0,206.3099
2025-06-03 07:30:00,1748953800000,206.5,206.6001,206.2399,206.55,20149.0,206.4828
2025-06-03 07:45:00,1748954700000,206.51,206.8,206.43,206.7,27505.0,206.6114
2025-06-03 08:00:00,1748955600000,206.7,206.9999,206.62,206.8599,42085.0,206.8551
2025-06-03 08:15:00,1748956500000,206.85,207.25,206.58,207.1,75267.0,206.9294
2025-06-03 08:30:00,1748957400000,207.105,208.9469,206.33,206.91,3141259.0,207.4406
2025-06-03 08:45:00,1748958300000,206.91,208.02,206.86,207.52,1619891.0,207.5714
2025-06-03 09:00:00,1748959200000,207.58,208.32,207.24,207.955,1319500.0,207.8349
2025-06-03 09:15:00,1748960100000,207.94,208.1797,207.44,207.675,962850.0,207.766
2025-06-03 09:30:00,1748961000000,207.66,207.8399,206.69,206.84,1367341.0,207.1793
2025-06-03 09:45:00,1748961900000,206.84,207.24,206.53,206.83,934899.0,206.8799
2025-06-03 10:00:00,1748962800000,206.82,207.28,206.82,207.14,927084.0,207.0481
2025-06-03 10:15:00,1748963700000,207.13,207.62,206.92,207.01,1262305.0,207.2614
2025-06-03 10:30:00,1748964600000,207.0,207.1699,206.59,206.84,809843.0,206.8391
2025-06-03 10:45:00,1748965500000,206.825,206.94,206.63,206.81,523365.0,206.8044
2025-06-03 11:00:00,1748966400000,206.82,207.03,206.78,206.88,523813.0,206.8971
2025-06-03 11:15:00,1748967300000,206.8794,207.59,206.87,207.48,725649.0,207.3292
2025-06-03 11:30:00,1748968200000,207.49,207.915,207.43,207.7084,624935.0,207.6663
2025-06-03 11:45:00,1748969100000,207.7003,207.93,207.59,207.825,598473.0,207.7858
2025-06-03 12:00:00,1748970000000,207.825,207.8806,207.35,207.505,629257.0,207.5741
2025-06-03 12:15:00,1748970900000,207.505,207.8068,207.47,207.68,502292.0,207.6571
2025-06-03 12:30:00,1748971800000,207.68,207.78,207.31,207.34,487394.0,207.5747
2025-06-03 12:45:00,1748972700000,207.3541,207.38,206.9201,206.9636,499310.0,207.1026
2025-06-03 13:00:00,1748973600000,206.97,207.05,206.1,206.31,809014.0,206.5517
2025-06-03 13:15:00,1748974500000,206.31,206.385,205.9,206.3425,1013679.0,206.1459
2025-06-03 13:30:00,1748975400000,206.33,206.46,205.97,206.135,582425.0,206.1872
2025-06-03 13:45:00,1748976300000,206.14,206.1799,205.71,205.805,728237.0,205.8936
2025-06-03 14:00:00,1748977200000,205.81,205.93,205.22,205.3199,1688249.0,205.5749
2025-06-03 14:15:00,1748978100000,205.31,205.77,205.22,205.6525,1166099.0,205.5442
2025-06-03 14:30:00,1748979000000,205.65,205.88,205.345,205.38,941906.0,205.6504
2025-06-03 14:45:00,1748979900000,205.38,206.12,205.03,205.78,2916869.0,205.6633
2025-06-03 15:00:00,1748980800000,205.71,206.3938,205.43,205.8,1040434.0,206.0736
2025-06-03 15:15:00,1748981700000,205.7802,205.7997,205.5,205.62,22400.0,205.6524
2025-06-03 15:30:00,1748982600000,205.51,205.77,205.5,205.71,16091.0,205.6496
2025-06-03 15:45:00,1748983500000,205.71,205.79,205.6057,205.65,18775.0,205.7118
2025-06-03 16:00:00,1748984400000,205.65,205.71,205.45,205.5,12838.0,205.358
2025-06-03 16:15:00,1748985300000,205.59,205.7,205.5622,205.65,4826.0,205.6518
2025-06-03 16:30:00,1748986200000,205.56,205.69,205.56,205.6104,3518.0,205.6343
2025-06-03 16:45:00,1748987100000,205.6727,205.6996,205.5,205.6996,13341.0,205.545
2025-06-03 17:00:00,1748988000000,205.5672,205.77,205.5635,205.77,10820.0,205.6911
2025-06-03 17:15:00,1748988900000,205.74,205.95,205.699,205.95,6839.0,205.7754
2025-06-03 17:30:00,1748989800000,205.95,205.98,205.8,205.8,5040.0,205.9356
2025-06-03 17:45:00,1748990700000,205.94,205.98,205.82,205.9,5850.0,205.9127
2025-06-03 18:00:00,1748991600000,205.9,205.93,205.72,205.85,6797.0,205.827
2025-06-03 18:15:00,1748992500000,205.8,205.9199,205.8,205.9191,3409.0,205.8803
2025-06-03 18:30:00,1748993400000,205.86,205.87,205.8,205.87,5167.0,205.8335
2025-06-03 18:45:00,1748994300000,205.85,205.9199,205.73,205.9,10833.0,205.7996
2025-06-04 03:00:00,1749024000000,206.0,206.44,206.0,206.42,4542.0,206.2856
2025-06-04 03:15:00,1749024900000,206.35,206.37,206.25,206.25,4104.0,206.3282
2025-06-04 03:30:00,1749025800000,206.32,206.4,206.26,206.3,2254.0,206.3458
2025-06-04 03:45:00,1749026700000,206.32,206.32,206.25,206.25,2069.0,206.2672
2025-06-04 04:15:00,1749028500000,206.23,206.45,206.23,206.32,2436.0,206.3632
2025-06-04 04:30:00,1749029400000,206.3,206.5,206.3,206.5,3972.0,206.4534
2025-06-04 04:45:00,1749030300000,206.58,206.87,206.58,206.87,14251.0,206.7045
2025-06-04 05:00:00,1749031200000,206.84,206.99,206.84,206.99,6458.0,206.8837
2025-06-04 05:15:00,1749032100000,206.97,206.99,206.8,206.8,9748.0,206.8798
2025-06-04 05:30:00,1749033000000,206.64,206.64,206.44,206.61,3983.0,206.5712
2025-06-04 05:45:00,1749033900000,206.72,206.92,206.72,206.92,2204.0,206.868
2025-06-04 06:00:00,1749034800000,206.87,206.9,206.65,206.7,10176.0,206.7769
2025-06-04 06:15:00,1749035700000,206.75,206.75,206.6,206.6,2322.0,206.6826
2025-06-04 06:30:00,1749036600000,206.6,206.96,206.6,206.9,10925.0,206.8627
2025-06-04 06:45:00,1749037500000,206.95,206.95,206.85,206.9,6313.0,206.902
2025-06-04 07:00:00,1749038400000,206.81,207.18,205.75,207.17,83609.0,206.6371
2025-06-04 07:15:00,1749039300000,207.15,207.15,204.9,205.2,132107.0,205.6405
2025-06-04 07:30:00,1749040200000,205.26,205.99,205.26,205.7,44205.0,205.623
2025-06-04 07:45:00,1749041100000,205.73,205.94,205.64,205.87,18755.0,205.8062
2025-06-04 08:00:00,1749042000000,205.92,206.19,205.9,205.99,23062.0,206.0032
2025-06-04 08:15:00,1749042900000,206.05,206.77,205.65,206.6,61078.0,206.2628
2025-06-04 08:30:00,1749043800000,206.55,207.24,205.93,206.14,2230087.0,206.5593
2025-06-04 08:45:00,1749044700000,206.1399,206.68,206.04,206.55,1570984.0,206.3909
2025-06-04 09:00:00,1749045600000,206.48,206.65,205.18,205.79,1385621.0,205.7937
2025-06-04 09:15:00,1749046500000,205.78,206.35,205.67,206.19,988464.0,206.0477
2025-06-04 09:30:00,1749047400000,206.2,206.32,205.84,206.055,642453.0,206.0886
2025-06-04 09:45:00,1749048300000,206.055,206.2,205.525,206.0,1223915.0,205.9431
2025-06-04 10:00:00,1749049200000,206.009,206.06,205.79,205.92,606253.0,205.9319
2025-06-04 10:15:00,1749050100000,205.94,206.055,205.69,205.97,743061.0,205.8732
2025-06-04 10:30:00,1749051000000,205.97,206.3493,205.82,206.01,821737.0,206.0836
2025-06-04 10:45:00,1749051900000,206.02,206.51,205.98,206.48,633905.0,206.246
2025-06-04 11:00:00,1749052800000,206.47,206.6,206.1348,206.15,540828.0,206.4076
2025-06-04 11:15:00,1749053700000,206.15,206.74,206.14,206.47,855740.0,206.4626
2025-06-04 11:30:00,1749054600000,206.46,206.58,206.19,206.54,461598.0,206.4149
2025-06-04 11:45:00,1749055500000,206.54,206.7,206.45,206.6696,431396.0,206.5942
2025-06-04 12:00:00,1749056400000,206.68,207.4,206.67,207.255,974274.0,207.0798
2025-06-04 12:15:00,1749057300000,207.27,207.76,207.26,207.5654,750267.0,207.49
2025-06-04 12:30:00,1749058200000,207.56,207.86,207.48,207.6515,736879.0,207.6989
2025-06-04 12:45:00,1749059100000,207.65,207.74,207.5501,207.5699,570251.0,207.6638
2025-06-04 13:00:00,1749060000000,207.56,207.71,207.37,207.415,750525.0,207.5254
2025-06-04 13:15:00,1749060900000,207.41,207.8546,207.3601,207.84,691956.0,207.6287
2025-06-04 13:30:00,1749061800000,207.84,208.08,207.63,208.08,879528.0,207.9035
2025-06-04 13:45:00,1749062700000,208.08,208.18,207.73,207.88,745634.0,207.9529
2025-06-04 14:00:00,1749063600000,207.88,208.0,207.63,207.885,706060.0,207.8353
2025-06-04 14:15:00,1749064500000,207.885,207.93,207.68,207.745,595380.0,207.821
2025-06-04 14:30:00,1749065400000,207.74,207.89,207.33,207.41,1841805.0,207.5938
2025-06-04 14:45:00,1749066300000,207.42,207.56,206.89,207.24,2867416.0,207.2544
2025-06-04 15:00:00,1749067200000,207.23,207.46,207.02,207.35,324032.0,207.2262
2025-06-04 15:15:00,1749068100000,207.2306,207.3784,207.21,207.25,17009.0,207.2655
2025-06-04 15:30:00,1749069000000,207.2896,207.62,207.2,207.3297,10243.0,207.2964
2025-06-04 15:45:00,1749069900000,207.33,207.33,207.12,207.25,22509.0,207.3218
2025-06-04 16:00:00,1749070800000,207.15,207.15,207.0002,207.05,10457.0,206.932
2025-06-04 16:15:00,1749071700000,207.0983,207.1856,207.05,207.1122,4816.0,207.0929
2025-06-04 16:30:00,1749072600000,207.18,207.2,207.12,207.2,3798.0,207.1801
2025-06-04 16:45:00,1749073500000,207.13,207.1854,207.0534,207.1,2483.0,207.1278
2025-06-04 17:00:00,1749074400000,207.15,207.35,207.05,207.35,5497.0,207.2193
2025-06-04 17:15:00,1749075300000,207.35,207.4,207.26,207.38,4078.0,207.3102
2025-06-04 17:30:00,1749076200000,207.2605,207.4975,207.2605,207.32,11854.0,207.3819
2025-06-04 17:45:00,1749077100000,207.31,207.31,207.2,207.2,4581.0,207.2641
2025-06-04 18:00:00,1749078000000,207.24,207.2823,207.13,207.2823,3545.0,207.2499
2025-06-04 18:15:00,1749078900000,207.24,207.3,207.1,207.24,2009.0,207.2057
2025-06-04 18:30:00,1749079800000,207.2,207.2,207.1016,207.1315,10395.0,207.1887
2025-06-04 18:45:00,1749080700000,207.13,207.19,207.01,207.1,8652.0,207.0733
2025-06-05 03:00:00,1749110400000,207.8,208.89,207.8,208.69,27091.0,208.6243
2025-06-05 03:15:00,1749111300000,208.76,208.84,208.54,208.84,6926.0,208.7265
2025-06-05 03:30:00,1749112200000,208.84,209.07,208.82,209.07,12658.0,208.9589
2025-06-05 03:45:00,1749113100000,209.02,209.16,208.5,208.73,21419.0,208.9136
2025-06-05 04:00:00,1749114000000,208.73,208.73,208.41,208.41,4766.0,208.5866
2025-06-05 04:15:00,1749114900000,208.12,208.36,208.07,208.31,4128.0,208.1717
2025-06-05 04:30:00,1749115800000,208.13,208.49,208.13,208.47,2694.0,208.288
2025-06-05 04:45:00,1749116700000,208.43,208.68,208.3,208.68,7518.0,208.474
2025-06-05 05:00:00,1749117600000,208.7,209.1,208.67,208.81,15512.0,208.8899
2025-06-05 05:15:00,1749118500000,208.82,209.1,208.82,208.95,8216.0,208.9982
2025-06-05 05:30:00,1749119400000,209.1,209.1,208.38,208.38,19107.0,208.7254
2025-06-05 05:45:00,1749120300000,208.54,209.15,208.52,209.15,11582.0,208.8155
2025-06-05 06:00:00,1749121200000,209.01,209.01,208.48,208.65,17183.0,208.6854
2025-06-05 06:15:00,1749122100000,208.52,208.8,208.52,208.69,10523.0,208.6804
2025-06-05 06:30:00,1749123000000,208.68,208.8,208.59,208.77,7943.0,208.728
2025-06-05 06:45:00,1749123900000,208.8,208.85,208.58,208.58,10752.0,208.7334
2025-06-05 07:00:00,1749124800000,208.7,209.06,207.64,208.99,116277.0,208.6527
2025-06-05 07:15:00,1749125700000,208.9301,209.05,208.8,208.969,34029.0,208.9221
2025-06-05 07:30:00,1749126600000,208.86,209.84,208.12,209.43,127786.0,209.276
2025-06-05 07:45:00,1749127500000,209.38,210.55,209.22,209.73,213567.0,210.046
2025-06-05 08:00:00,1749128400000,209.88,210.48,209.69,210.42,130086.0,210.1528
2025-06-05 08:15:00,1749129300000,210.45,210.49,209.2,209.48,229262.0,209.9053
2025-06-05 08:30:00,1749130200000,209.55,211.4,208.05,209.49,6191747.0,209.9835
2025-06-05 08:45:00,1749131100000,209.49,209.54,208.14,208.96,2391052.0,208.7894
2025-06-05 09:00:00,1749132000000,208.96,209.66,208.18,208.995,1809287.0,209.1067
2025-06-05 09:15:00,1749132900000,209.01,210.07,208.6,209.8099,1543330.0,209.3774
2025-06-05 09:30:00,1749133800000,209.8,210.32,208.08,210.2,1745938.0,209.3121
2025-06-05 09:45:00,1749134700000,210.21,211.49,210.0301,211.07,2630426.0,210.8723
2025-06-05 10:00:00,1749135600000,211.11,211.99,211.1,211.975,1823474.0,211.5263
2025-06-05 10:15:00,1749136500000,211.965,212.81,211.89,212.58,2793186.0,212.3254
2025-06-05 10:30:00,1749137400000,212.57,212.696,211.7388,211.87,1890694.0,212.1771
2025-06-05 10:45:00,1749138300000,211.9,211.96,211.36,211.69,1156822.0,211.6184
2025-06-05 11:00:00,1749139200000,211.695,212.291,211.35,211.405,1219879.0,211.9208
2025-06-05 11:15:00,1749140100000,211.39,211.5,210.56,210.95,1377244.0,211.0685
2025-06-05 11:30:00,1749141000000,210.955,211.11,210.38,210.41,698994.0,210.75
2025-06-05 11:45:00,1749141900000,210.41,210.41,209.0601,209.47,1209100.0,209.6871
2025-06-05 12:00:00,1749142800000,209.475,210.56,209.2184,210.39,1057417.0,209.9358
2025-06-05 12:15:00,1749143700000,210.39,211.06,210.27,210.9,857218.0,210.6513
2025-06-05 12:30:00,1749144600000,210.9,211.44,210.8,210.93,927404.0,211.1396
2025-06-05 12:45:00,1749145500000,210.94,210.94,210.06,210.085,706802.0,210.5046
2025-06-05 13:00:00,1749146400000,210.07,210.0706,208.9,209.13,935393.0,209.4235
2025-06-05 13:15:00,1749147300000,209.105,209.6,208.35,209.5965,1355423.0,209.0332
2025-06-05 13:30:00,1749148200000,209.59,210.01,209.41,209.75,1170250.0,209.6998
2025-06-05 13:45:00,1749149100000,209.74,210.07,209.58,209.78,903792.0,209.811
2025-06-05 14:00:00,1749150000000,209.77,209.89,209.03,209.085,1039993.0,209.4835
2025-06-05 14:15:00,1749150900000,209.08,209.31,207.56,208.51,1719146.0,208.294
2025-06-05 14:30:00,1749151800000,208.53,209.25,208.3703,208.9,1314221.0,208.797
2025-06-05 14:45:00,1749152700000,208.91,209.2,207.63,207.85,3223522.0,208.1009
2025-06-05 15:00:00,1749153600000,207.8875,208.27,207.65,207.7509,519454.0,207.903
2025-06-05 15:15:00,1749154500000,207.66,207.95,207.55,207.91,54109.0,207.7836
2025-06-05 15:30:00,1749155400000,207.9,207.91,207.3,207.4,26389.0,207.4977
2025-06-05 15:45:00,1749156300000,207.31,207.91,207.01,207.17,60287.0,207.3134
2025-06-05 16:00:00,1749157200000,207.32,207.91,207.01,207.1,41300.0,207.1468
2025-06-05 16:15:00,1749158100000,207.1,207.38,207.0,207.06,33399.0,207.1236
2025-06-05 16:30:00,1749159000000,207.02,207.196,206.6,206.7199,25432.0,206.8694
2025-06-05 16:45:00,1749159900000,206.66,206.86,206.51,206.6448,15001.0,206.7057
2025-06-05 17:00:00,1749160800000,206.81,207.443,206.81,207.32,32467.0,207.1956
2025-06-05 17:15:00,1749161700000,207.1137,207.6964,207.1,207.6964,20073.0,207.4696
2025-06-05 17:30:00,1749162600000,207.5541,208.0,207.4381,207.6002,12812.0,207.6967
2025-06-05 17:45:00,1749163500000,207.6,207.8099,207.4,207.6,15536.0,207.6999
2025-06-05 18:00:00,1749164400000,207.8,207.9,207.7,207.84,7324.0,207.817
2025-06-05 18:15:00,1749165300000,207.85,207.9,207.7,207.82,10895.0,207.8253
2025-06-05 18:30:00,1749166200000,207.9,208.0,207.7,208.0,18009.0,207.9153
2025-06-05 18:45:00,1749167100000,208.0,208.3,207.85,208.01,23013.0,208.1239
2025-06-06 03:00:00,1749196800000,209.15,209.45,209.15,209.39,6911.0,209.3116
2025-06-06 03:15:00,1749197700000,209.35,209.49,209.3,209.36,5997.0,209.3833
2025-06-06 03:30:00,1749198600000,209.43,209.47,209.39,209.39,1438.0,209.4262
2025-06-06 03:45:00,1749199500000,209.45,209.45,209.34,209.34,3613.0,209.3915
2025-06-06 04:00:00,1749200400000,209.4,209.44,209.28,209.41,3206.0,209.3911
2025-06-06 04:15:00,1749201300000,209.41,209.8,209.4,209.8,7405.0,209.7163
2025-06-06 04:30:00,1749202200000,209.66,209.8,209.5,209.5,7632.0,209.6948
2025-06-06 04:45:00,1749203100000,209.8,209.88,209.75,209.85,2620.0,209.8378
2025-06-06 05:00:00,1749204000000,209.83,209.95,209.82,209.92,6237.0,209.8581
2025-06-06 05:15:00,1749204900000,209.96,210.05,209.95,210.0,4909.0,209.9709
2025-06-06 05:30:00,1749205800000,209.88,209.88,209.75,209.75,3288.0,209.8405
2025-06-06 05:45:00,1749206700000,209.78,209.87,209.62,209.7,8089.0,209.7245
2025-06-06 06:00:00,1749207600000,209.7,209.94,209.32,209.61,33241.0,209.5808
2025-06-06 06:15:00,1749208500000,209.55,209.99,209.42,209.89,23339.0,209.7835
2025-06-06 06:30:00,1749209400000,209.9,210.28,209.9,210.08,24004.0,210.0401
2025-06-06 06:45:00,1749210300000,210.07,210.25,210.04,210.16,12671.0,210.1474
2025-06-06 07:00:00,1749211200000,209.63,210.49,208.69,210.25,116782.0,209.8617
2025-06-06 07:15:00,1749212100000,210.2201,210.4805,210.0202,210.48,23778.0,210.239
2025-06-06 07:30:00,1749213000000,210.5,212.44,210.5,212.25,291347.0,211.7957
2025-06-06 07:45:00,1749213900000,212.25,212.49,212.0,212.1501,191099.0,212.2855
2025-06-06 08:00:00,1749214800000,212.2,212.45,212.02,212.25,67274.0,212.2742
2025-06-06 08:15:00,1749215700000,212.2993,212.72,211.9,212.4,133434.0,212.3622
2025-06-06 08:30:00,1749216600000,212.4,212.75,210.5,212.685,4739384.0,211.8814
2025-06-06 08:45:00,1749217500000,212.71,213.7,212.35,212.84,3277261.0,213.0121
2025-06-06 09:00:00,1749218400000,212.86,213.31,211.83,212.06,1944031.0,212.3401
2025-06-06 09:15:00,1749219300000,212.0663,212.39,210.91,211.04,1470048.0,211.7627
2025-06-06 09:30:00,1749220200000,211.02,212.12,210.78,212.04,1219728.0,211.5475
2025-06-06 09:45:00,1749221100000,212.03,212.28,211.78,211.92,1163023.0,212.0682
2025-06-06 10:00:00,1749222000000,211.92,212.44,211.9,212.32,941685.0,212.1936
2025-06-06 10:15:00,1749222900000,212.31,212.33,210.81,211.34,1143124.0,211.3872
2025-06-06 10:30:00,1749223800000,211.34,211.61,211.0,211.595,660200.0,211.2703
2025-06-06 10:45:00,1749224700000,211.61,212.04,211.49,211.735,1003154.0,211.7956
2025-06-06 11:00:00,1749225600000,211.74,212.05,211.729,211.9395,677174.0,211.8857
2025-06-06 11:15:00,1749226500000,211.93,212.05,211.7,211.985,772294.0,211.8891
2025-06-06 11:30:00,1749227400000,211.985,212.2236,211.47,211.53,584005.0,211.8994
2025-06-06 11:45:00,1749228300000,211.525,211.79,211.24,211.7195,659450.0,211.5239
2025-06-06 12:00:00,1749229200000,211.73,211.99,211.53,211.865,847505.0,211.7933
2025-06-06 12:15:00,1749230100000,211.865,212.57,211.805,212.3176,662891.0,212.2483
2025-06-06 12:30:00,1749231000000,212.34,212.9,212.34,212.87,730318.0,212.6828
2025-06-06 12:45:00,1749231900000,212.855,213.0,212.46,212.57,809310.0,212.7678
2025-06-06 13:00:00,1749232800000,212.58,212.99,212.57,212.78,833500.0,212.8114
2025-06-06 13:15:00,1749233700000,212.79,213.01,212.76,212.9135,595090.0,212.8944
2025-06-06 13:30:00,1749234600000,212.915,213.2,212.75,213.08,1077165.0,213.0163
2025-06-06 13:45:00,1749235500000,213.07,213.77,212.87,213.53,1364149.0,213.3774
2025-06-06 14:00:00,1749236400000,213.51,213.5265,213.12,213.17,985217.0,213.3037
2025-06-06 14:15:00,1749237300000,213.175,213.175,212.77,212.88,833665.0,212.9764
2025-06-06 14:30:00,1749238200000,212.88,213.25,212.83,213.25,884343.0,213.0358
2025-06-06 14:45:00,1749239100000,213.24,213.8699,213.18,213.52,3191254.0,213.6061
2025-06-06 15:00:00,1749240000000,213.57,213.6842,213.2,213.57,624227.0,213.5661
2025-06-06 15:15:00,1749240900000,213.6589,213.83,213.4863,213.65,36862.0,213.5319
2025-06-06 15:30:00,1749241800000,213.5157,213.6988,213.5157,213.62,10164.0,213.6274
2025-06-06 15:45:00,1749242700000,213.6785,213.68,213.52,213.56,53518.0,213.1472
2025-06-06 16:00:00,1749243600000,213.5799,213.59,213.5,213.59,10935.0,209.3299
2025-06-06 16:15:00,1749244500000,213.57,213.59,213.54,213.57,7795.0,213.5591
2025-06-06 16:30:00,1749245400000,213.54,213.59,213.5,213.53,3610.0,213.5452
2025-06-06 16:45:00,1749246300000,213.54,213.62,213.5,213.62,7016.0,213.5429
2025-06-06 17:00:00,1749247200000,213.6299,213.63,213.5327,213.5885,4417.0,213.6076
2025-06-06 17:15:00,1749248100000,213.6,213.61,213.5307,213.55,9947.0,213.5663
2025-06-06 17:30:00,1749249000000,213.57,213.57,213.47,213.5,7565.0,213.5035
2025-06-06 17:45:00,1749249900000,213.45,213.5,213.43,213.43,3564.0,213.4655
2025-06-06 18:00:00,1749250800000,213.4123,213.52,213.41,213.51,8557.0,213.4505
2025-06-06 18:15:00,1749251700000,213.49,213.5507,213.49,213.5507,9010.0,213.5218
2025-06-06 18:30:00,1749252600000,213.62,213.65,213.56,213.6,7008.0,213.6085
2025-06-06 18:45:00,1749253500000,213.6,213.75,213.54,213.75,12085.0,213.6611
2025-06-09 03:00:00,1749456000000,213.65,214.0,213.63,213.71,19768.0,213.819
2025-06-09 03:15:00,1749456900000,213.89,213.9,213.7,213.7,6017.0,213.8257
2025-06-09 03:30:00,1749457800000,213.53,213.69,213.51,213.66,5661.0,213.6207
2025-06-09 03:45:00,1749458700000,213.64,214.08,213.61,214.0,11059.0,213.917
2025-06-09 04:00:00,1749459600000,214.07,214.07,213.92,213.98,7163.0,214.0012
2025-06-09 04:15:00,1749460500000,213.98,214.05,213.98,214.05,2254.0,214.0166
2025-06-09 04:30:00,1749461400000,214.06,214.1,214.05,214.05,3390.0,214.0795
2025-06-09 04:45:00,1749462300000,214.13,214.32,214.13,214.15,11005.0,214.2357
2025-06-09 05:00:00,1749463200000,214.17,214.21,214.12,214.12,5270.0,214.1786
2025-06-09 05:15:00,1749464100000,214.14,214.2,214.11,214.13,3328.0,214.1471
2025-06-09 05:30:00,1749465000000,214.17,214.17,214.13,214.13,1713.0,214.1527
2025-06-09 05:45:00,1749465900000,214.17,214.21,214.13,214.2,9587.0,214.1609
2025-06-09 06:00:00,1749466800000,214.2,214.67,214.13,214.35,25863.0,214.3391
2025-06-09 06:15:00,1749467700000,214.42,214.6,214.38,214.49,10022.0,214.4982
2025-06-09 06:30:00,1749468600000,214.48,214.93,214.48,214.84,19301.0,214.7426
2025-06-09 06:45:00,1749469500000,214.76,214.99,214.74,214.97,22814.0,214.8767
2025-06-09 07:00:00,1749470400000,214.34,214.97,213.14,214.72,135472.0,214.42
2025-06-09 07:15:00,1749471300000,214.71,214.9,214.71,214.8699,27761.0,214.8184
2025-06-09 07:30:00,1749472200000,214.81,214.99,214.79,214.99,75730.0,214.852
2025-06-09 07:45:00,1749473100000,214.96,214.99,214.7,214.7001,48122.0,214.8092
2025-06-09 08:00:00,1749474000000,214.7,214.9,214.7,214.72,49350.0,214.7749
2025-06-09 08:15:00,1749474900000,214.7928,214.9,214.3415,214.8986,63947.0,214.6631
2025-06-09 08:30:00,1749475800000,214.75,214.87,212.88,214.78,3577356.0,214.098
2025-06-09 08:45:00,1749476700000,214.785,214.98,213.62,213.86,1703273.0,214.1547
2025-06-09 09:00:00,1749477600000,213.87,214.87,213.47,214.8,1612995.0,214.2127
2025-06-09 09:15:00,1749478500000,214.78,215.2574,214.44,214.67,1866522.0,214.8579
2025-06-09 09:30:00,1749479400000,214.69,215.17,214.52,214.745,1247899.0,214.805
2025-06-09 09:45:00,1749480300000,214.73,214.88,214.08,214.45,773716.0,214.4737
2025-06-09 10:00:00,1749481200000,214.45,214.819,214.3238,214.56,683896.0,214.6106
2025-06-09 10:15:00,1749482100000,214.56,214.9601,214.461,214.87,801130.0,214.7354
2025-06-09 10:30:00,1749483000000,214.88,215.69,214.72,215.43,1183165.0,215.3044
2025-06-09 10:45:00,1749483900000,215.44,215.9,215.2987,215.88,948418.0,215.6421
2025-06-09 11:00:00,1749484800000,215.885,216.1899,215.55,215.7969,1002900.0,215.86
2025-06-09 11:15:00,1749485700000,215.7963,216.06,215.63,215.79,710995.0,215.8513
2025-06-09 11:30:00,1749486600000,215.8,216.62,215.7,216.62,910723.0,216.2037
2025-06-09 11:45:00,1749487500000,216.615,216.86,216.23,216.645,1110809.0,216.6514
2025-06-09 12:00:00,1749488400000,216.6662,216.85,216.1,216.65,1210739.0,216.5552
2025-06-09 12:15:00,1749489300000,216.66,217.23,216.49,216.97,1131005.0,216.9019
2025-06-09 12:30:00,1749490200000,216.97,217.59,216.86,217.42,991452.0,217.2668
2025-06-09 12:45:00,1749491100000,217.4,217.69,217.25,217.525,933373.0,217.4954
2025-06-09 13:00:00,1749492000000,217.51,217.8466,217.135,217.1593,766951.0,217.436
2025-06-09 13:15:00,1749492900000,217.16,217.36,216.93,217.12,638022.0,217.0879
2025-06-09 13:30:00,1749493800000,217.11,217.16,216.67,217.075,695471.0,216.9365
2025-06-09 13:45:00,1749494700000,217.0716,217.565,217.01,217.545,622873.0,217.2825
2025-06-09 14:00:00,1749495600000,217.545,217.85,217.15,217.25,1090599.0,217.5391
2025-06-09 14:15:00,1749496500000,217.2498,217.29,217.01,217.22,767952.0,217.1433
2025-06-09 14:30:00,1749497400000,217.21,217.58,217.1,217.3401,1588592.0,217.3841
2025-06-09 14:45:00,1749498300000,217.345,217.8,216.84,216.92,3071964.0,217.2452
2025-06-09 15:00:00,1749499200000,216.98,217.09,216.79,216.84,146902.0,216.9589
2025-06-09 15:15:00,1749500100000,216.79,216.94,216.7,216.9387,19253.0,216.8243
2025-06-09 15:30:00,1749501000000,216.86,216.9892,216.86,216.95,14768.0,216.9618
2025-06-09 15:45:00,1749501900000,216.92,217.21,216.92,217.21,35424.0,216.8558
2025-06-09 16:00:00,1749502800000,217.04,217.18,217.0,217.11,10873.0,217.3599
2025-06-09 16:15:00,1749503700000,217.13,217.16,217.0,217.1,15501.0,217.0861
2025-06-09 16:30:00,1749504600000,217.1,217.2,217.0417,217.16,5576.0,217.1419
2025-06-09 16:45:00,1749505500000,217.16,217.21,217.15,217.17,6174.0,217.1717
2025-06-09 17:00:00,1749506400000,217.19,217.3,217.15,217.29,6809.0,217.2093
2025-06-09 17:15:00,1749507300000,217.1517,217.2814,217.15,217.15,2141.0,217.1837
2025-06-09 17:30:00,1749508200000,217.17,217.2,217.01,217.2,6472.0,217.0937
2025-06-09 17:45:00,1749509100000,217.1,217.2,217.02,217.02,6560.0,217.0765
2025-06-09 18:00:00,1749510000000,217.0132,217.292,217.0132,217.2862,9288.0,217.2123
2025-06-09 18:15:00,1749510900000,217.2,217.3497,217.2,217.3497,3523.0,217.2803
2025-06-09 18:30:00,1749511800000,217.35,217.5,217.2501,217.5,10268.0,217.3745
2025-06-09 18:45:00,1749512700000,217.5,217.67,217.3,217.3999,12765.0,217.505
2025-06-10 03:00:00,1749542400000,217.7,218.0,216.55,216.55,35054.0,216.9745
2025-06-10 03:15:00,1749543300000,216.48,216.84,216.48,216.74,6487.0,216.6991
2025-06-10 03:30:00,1749544200000,216.72,216.8,216.6,216.78,5059.0,216.7204
2025-06-10 03:45:00,1749545100000,216.8,216.85,216.73,216.8,13532.0,216.8126
2025-06-10 04:00:00,1749546000000,216.8,217.01,216.8,217.0,6939.0,216.8898
2025-06-10 04:15:00,1749546900000,217.0,217.01,216.96,217.01,5354.0,216.9914
2025-06-10 04:30:00,1749547800000,217.05,217.05,217.03,217.04,1487.0,217.0471
2025-06-10 04:45:00,1749548700000,217.02,217.06,217.02,217.05,959.0,217.0358
2025-06-10 05:00:00,1749549600000,217.1,217.3,217.1,217.3,3285.0,217.216
2025-06-10 05:15:00,1749550500000,217.24,217.24,217.01,217.01,3327.0,217.1806
2025-06-10 05:30:00,1749551400000,216.9,216.9,216.65,216.65,2719.0,216.8039
2025-06-10 05:45:00,1749552300000,216.64,216.99,216.37,216.99,21526.0,216.6821
2025-06-10 06:00:00,1749553200000,216.98,217.06,216.16,216.31,26615.0,216.6947
2025-06-10 06:15:00,1749554100000,216.45,216.69,216.45,216.69,11134.0,216.5928
2025-06-10 06:30:00,1749555000000,216.66,216.97,216.65,216.86,14935.0,216.8569
2025-06-10 06:45:00,1749555900000,216.85,217.03,216.84,217.03,7977.0,216.9335
2025-06-10 07:00:00,1749556800000,217.0,218.67,216.0,217.28,143971.0,216.9675
2025-06-10 07:15:00,1749557700000,217.27,217.37,217.2307,217.3599,23072.0,217.2929
2025-06-10 07:30:00,1749558600000,217.25,217.2899,217.0025,217.16,22909.0,217.1617
2025-06-10 07:45:00,1749559500000,217.17,217.2884,217.17,217.2,31332.0,217.1956
2025-06-10 08:00:00,1749560400000,217.1899,217.29,217.17,217.22,20716.0,217.2035
2025-06-10 08:15:00,1749561300000,217.17,217.29,215.8,216.7,156104.0,216.7364
2025-06-10 08:30:00,1749562200000,216.78,217.57,216.229,216.725,3130750.0,216.7672
2025-06-10 08:45:00,1749563100000,216.7395,217.52,215.95,216.24,1706869.0,216.6608
2025-06-10 09:00:00,1749564000000,216.24,216.76,216.03,216.5985,1192399.0,216.4239
2025-06-10 09:15:00,1749564900000,216.57,216.9,216.23,216.32,825704.0,216.5171
2025-06-10 09:30:00,1749565800000,216.31,216.75,216.13,216.475,853253.0,216.4511
2025-06-10 09:45:00,1749566700000,216.48,216.6,215.52,215.74,1107567.0,216.0132
2025-06-10 10:00:00,1749567600000,215.75,215.9952,215.5,215.7,833596.0,215.7108
2025-06-10 10:15:00,1749568500000,215.71,215.99,215.53,215.6226,625954.0,215.7615
2025-06-10 10:30:00,1749569400000,215.61,215.61,214.15,215.33,1715401.0,214.8867
2025-06-10 10:45:00,1749570300000,215.335,215.975,215.25,215.86,803675.0,215.6988
2025-06-10 11:00:00,1749571200000,215.85,216.41,215.76,215.957,798585.0,216.1072
2025-06-10 11:15:00,1749572100000,215.945,216.25,215.8,216.1288,641931.0,215.9959
2025-06-10 11:30:00,1749573000000,216.14,216.36,216.02,216.2744,593269.0,216.218
2025-06-10 11:45:00,1749573900000,216.2686,216.47,216.22,216.37,539740.0,216.3585
2025-06-10 12:00:00,1749574800000,216.37,216.87,216.18,216.785,1025932.0,216.5324
2025-06-10 12:15:00,1749575700000,216.79,216.8,216.16,216.21,544189.0,216.455
2025-06-10 12:30:00,1749576600000,216.21,216.3699,215.875,215.965,575230.0,216.1466
2025-06-10 12:45:00,1749577500000,215.954,216.09,215.85,215.95,417223.0,215.9606
2025-06-10 13:00:00,1749578400000,215.95,215.98,215.445,215.95,571449.0,215.7859
2025-06-10 13:15:00,1749579300000,215.94,216.07,215.76,215.78,757508.0,215.9185
2025-06-10 13:30:00,1749580200000,215.77,216.21,215.72,216.09,535369.0,216.031
2025-06-10 13:45:00,1749581100000,216.08,216.74,216.0061,216.585,967351.0,216.3615
2025-06-10 14:00:00,1749582000000,216.57,217.09,216.46,216.945,918144.0,216.8344
2025-06-10 14:15:00,1749582900000,216.94,217.0568,216.57,216.94,946695.0,216.8109
2025-06-10 14:30:00,1749583800000,216.93,217.1,216.8,217.0484,1009511.0,216.9501
2025-06-10 14:45:00,1749584700000,217.03,217.69,216.79,217.569,2206051.0,217.2823
2025-06-10 15:00:00,1749585600000,217.61,217.99,217.3129,217.32,770626.0,217.607
2025-06-10 15:15:00,1749586500000,217.36,217.61,217.2,217.2,19328.0,217.4224
2025-06-10 15:30:00,1749587400000,217.1513,217.4,217.05,217.21,20291.0,217.1967
2025-06-10 15:45:00,1749588300000,217.39,217.61,217.1,217.17,12886.0,217.3543
2025-06-10 16:00:00,1749589200000,217.2,217.388,217.2,217.388,2845.0,217.2794
2025-06-10 16:15:00,1749590100000,217.33,217.45,217.3001,217.45,5678.0,217.398
2025-06-10 16:30:00,1749591000000,217.3284,217.44,217.3,217.3,2013.0,217.3787
2025-06-10 16:45:00,1749591900000,217.33,217.4,217.3103,217.3234,1779.0,217.3663
2025-06-10 17:00:00,1749592800000,217.35,217.44,217.33,217.33,3827.0,217.3866
2025-06-10 17:15:00,1749593700000,217.39,217.44,217.39,217.44,2887.0,217.4208
2025-06-10 17:30:00,1749594600000,217.39,217.44,217.32,217.35,3309.0,217.3656
2025-06-10 17:45:00,1749595500000,217.37,217.79,217.33,217.55,11336.0,217.4923
2025-06-10 18:00:00,1749596400000,217.42,217.65,217.1243,217.62,4675.0,217.3778
2025-06-10 18:15:00,1749597300000,217.5201,217.97,217.5201,217.7,11534.0,217.761
2025-06-10 18:30:00,1749598200000,217.63,217.7001,217.3001,217.5642,10721.0,217.5781
2025-06-10 18:45:00,1749599100000,217.52,217.68,217.4,217.68,9345.0,217.5157
2025-06-11 03:00:00,1749628800000,216.92,217.15,216.81,217.0,18293.0,216.9742
2025-06-11 03:15:00,1749629700000,217.0,217.09,216.91,217.0,2777.0,216.9982
2025-06-11 03:30:00,1749630600000,217.11,217.25,217.05,217.05,3636.0,217.1482
2025-06-11 03:45:00,1749631500000,217.11,217.3,217.11,217.27,2645.0,217.2222
2025-06-11 04:00:00,1749632400000,217.27,217.27,217.2,217.2,2451.0,217.2165
2025-06-11 04:15:00,1749633300000,217.2,217.32,217.2,217.32,1132.0,217.2468
2025-06-11 04:30:00,1749634200000,217.22,217.23,217.14,217.14,3114.0,217.2061
2025-06-11 04:45:00,1749635100000,217.14,217.14,216.9,216.91,5363.0,216.9929
2025-06-11 05:00:00,1749636000000,216.81,216.9,216.79,216.9,2743.0,216.8036
2025-06-11 05:15:00,1749636900000,216.9,216.91,216.69,216.8,3150.0,216.7737
2025-06-11 05:30:00,1749637800000,216.78,216.81,216.6,216.64,6209.0,216.7223
2025-06-11 05:45:00,1749638700000,216.77,216.79,216.66,216.66,3559.0,216.7352
2025-06-11 06:00:00,1749639600000,216.79,216.84,216.65,216.68,9383.0,216.745
2025-06-11 06:15:00,1749640500000,216.6,216.7,216.31,216.7,8907.0,216.4946
2025-06-11 06:30:00,1749641400000,216.75,216.85,216.75,216.85,4508.0,216.8005
2025-06-11 06:45:00,1749642300000,216.83,216.86,216.71,216.86,11015.0,216.8102
2025-06-11 07:00:00,1749643200000,216.82,218.2,216.35,217.57,128933.0,217.1179
2025-06-11 07:15:00,1749644100000,217.4502,217.7,217.15,217.26,26795.0,217.3317
2025-06-11 07:30:00,1749645000000,217.5,218.9997,217.5,218.43,189450.0,218.649
2025-06-11 07:45:00,1749645900000,218.64,218.64,217.9,218.0,78592.0,218.1687
2025-06-11 08:00:00,1749646800000,217.93,218.2,217.22,217.7,72259.0,217.7338
2025-06-11 08:15:00,1749647700000,217.71,217.9528,217.25,217.44,49314.0,217.6593
2025-06-11 08:30:00,1749648600000,217.41,218.4,216.95,216.95,2657490.0,217.4781
2025-06-11 08:45:00,1749649500000,216.94,217.63,216.19,217.405,1869744.0,216.9093
2025-06-11 09:00:00,1749650400000,217.4,217.58,216.48,217.2694,1277855.0,216.9719
2025-06-11 09:15:00,1749651300000,217.24,217.61,217.05,217.5925,1152103.0,217.3314
2025-06-11 09:30:00,1749652200000,217.59,217.67,217.15,217.37,1133593.0,217.4118
2025-06-11 09:45:00,1749653100000,217.38,217.38,216.82,216.87,1050707.0,217.1329
2025-06-11 10:00:00,1749654000000,216.89,217.04,216.2501,216.71,897235.0,216.679
2025-06-11 10:15:00,1749654900000,216.717,217.15,216.56,216.615,624208.0,216.8378
2025-06-11 10:30:00,1749655800000,216.63,217.025,216.5,216.585,597811.0,216.7516
2025-06-11 10:45:00,1749656700000,216.59,216.89,216.44,216.5,599783.0,216.6439
2025-06-11 11:00:00,1749657600000,216.51,216.58,215.46,215.753,952933.0,215.9692
2025-06-11 11:15:00,1749658500000,215.75,215.85,215.05,215.61,1384345.0,215.3399
2025-06-11 11:30:00,1749659400000,215.62,215.68,215.0,215.13,618648.0,215.3282
2025-06-11 11:45:00,1749660300000,215.13,215.6,215.09,215.373,623841.0,215.3092
2025-06-11 12:00:00,1749661200000,215.37,215.9721,215.18,215.72,571446.0,215.6466
2025-06-11 12:15:00,1749662100000,215.7292,215.92,215.6,215.81,506897.0,215.7745
2025-06-11 12:30:00,1749663000000,215.825,215.8919,214.98,215.19,861923.0,215.2908
2025-06-11 12:45:00,1749663900000,215.19,215.1916,214.08,214.26,1163517.0,214.5414
2025-06-11 13:00:00,1749664800000,214.26,214.29,213.22,213.32,1609734.0,213.6952
2025-06-11 13:15:00,1749665700000,213.31,213.7241,212.89,213.42,1169332.0,213.3092
2025-06-11 13:30:00,1749666600000,213.41,214.18,213.1491,214.17,1121414.0,213.6935
2025-06-11 13:45:00,1749667500000,214.1555,214.25,213.325,213.4101,969355.0,213.8002
2025-06-11 14:00:00,1749668400000,213.43,213.59,213.04,213.271,1019704.0,213.2922
2025-06-11 14:15:00,1749669300000,213.25,213.65,212.92,213.21,1292247.0,213.2082
2025-06-11 14:30:00,1749670200000,213.23,213.5,213.04,213.42,1104783.0,213.2673
2025-06-11 14:45:00,1749671100000,213.425,213.62,213.04,213.171,3483224.0,213.2881
2025-06-11 15:00:00,1749672000000,213.2,213.3,213.1426,213.22,594973.0,213.2023
2025-06-11 15:15:00,1749672900000,213.29,213.47,213.25,213.3,35188.0,213.3465
2025-06-11 15:30:00,1749673800000,213.3,213.35,213.06,213.15,22660.0,213.0696
2025-06-11 15:45:00,1749674700000,213.15,213.3,213.0603,213.21,54432.0,213.1216
2025-06-11 16:00:00,1749675600000,213.2,213.3,213.19,213.29,10174.0,213.174
2025-06-11 16:15:00,1749676500000,213.28,213.3,213.15,213.2,14889.0,213.2189
2025-06-11 16:30:00,1749677400000,213.17,213.2,213.1201,213.1473,10165.0,213.1719
2025-06-11 16:45:00,1749678300000,213.19,213.39,213.19,213.25,17104.0,213.2724
2025-06-11 17:00:00,1749679200000,213.3208,213.35,213.0342,213.23,19600.0,213.2151
2025-06-11 17:15:00,1749680100000,213.26,213.44,213.22,213.44,7934.0,213.3234
2025-06-11 17:30:00,1749681000000,213.44,213.47,213.3,213.4,6042.0,213.4151
2025-06-11 17:45:00,1749681900000,213.4465,213.45,213.05,213.2,19283.0,213.3295
2025-06-11 18:00:00,1749682800000,213.12,213.2,212.9,212.91,26148.0,212.9931
2025-06-11 18:15:00,1749683700000,212.9112,212.95,212.75,212.77,11398.0,212.8217
2025-06-11 18:30:00,1749684600000,212.8,213.08,212.7987,213.0,16579.0,212.9489
2025-06-11 18:45:00,1749685500000,213.0,213.0001,212.8,212.8,10022.0,212.9027
2025-06-12 03:00:00,1749715200000,212.24,212.47,211.3,211.72,22231.0,211.8137
2025-06-12 03:15:00,1749716100000,211.72,211.72,211.05,211.61,12111.0,211.3952
2025-06-12 03:30:00,1749717000000,211.55,211.65,211.33,211.63,5335.0,211.5293
2025-06-12 03:45:00,1749717900000,211.65,212.3,211.65,212.3,10496.0,212.045
2025-06-12 04:00:00,1749718800000,212.31,212.54,212.31,212.54,3385.0,212.3903
2025-06-12 04:15:00,1749719700000,212.42,212.45,212.31,212.44,7346.0,212.3888
2025-06-12 04:30:00,1749720600000,212.48,212.95,212.48,212.74,10144.0,212.68
2025-06-12 04:45:00,1749721500000,212.79,212.79,212.45,212.59,2627.0,212.561
2025-06-12 05:00:00,1749722400000,212.59,212.76,212.37,212.38,6142.0,212.5699
2025-06-12 05:15:00,1749723300000,212.66,212.66,212.13,212.24,3537.0,212.2742
2025-06-12 05:30:00,1749724200000,212.18,212.64,212.18,212.64,6496.0,212.3513
2025-06-12 05:45:00,1749725100000,212.64,212.99,212.64,212.95,5580.0,212.8263
2025-06-12 06:00:00,1749726000000,212.81,212.92,212.5,212.66,14166.0,212.7256
2025-06-12 06:15:00,1749726900000,212.47,212.59,212.25,212.25,8527.0,212.3927
2025-06-12 06:30:00,1749727800000,212.12,212.39,211.65,211.9,17394.0,211.9464
2025-06-12 06:45:00,1749728700000,211.91,211.95,211.52,211.52,10734.0,211.7711
2025-06-12 07:00:00,1749729600000,212.4,213.27,211.32,211.59,111421.0,212.0737
2025-06-12 07:15:00,1749730500000,211.52,211.63,211.35,211.5507,17714.0,211.4997
2025-06-12 07:30:00,1749731400000,211.55,212.5,211.5,212.3968,56311.0,212.1149
2025-06-12 07:45:00,1749732300000,212.28,212.4948,212.1263,212.29,50002.0,212.2643
2025-06-12 08:00:00,1749733200000,212.3,213.2,212.15,212.44,45560.0,212.6725
2025-06-12 08:15:00,1749734100000,212.36,212.5799,211.45,211.54,55576.0,211.9716
2025-06-12 08:30:00,1749735000000,211.78,212.47,211.33,212.46,1854121.0,211.8402
2025-06-12 08:45:00,1749735900000,212.425,213.135,212.19,212.54,1346436.0,212.712
2025-06-12 09:00:00,1749736800000,212.5,213.32,212.33,213.175,1080708.0,212.8763
2025-06-12 09:15:00,1749737700000,213.185,213.39,212.7869,212.83,1147840.0,213.092
2025-06-12 09:30:00,1749738600000,212.84,212.99,212.6,212.89,865070.0,212.7872
2025-06-12 09:45:00,1749739500000,212.89,213.07,212.68,212.85,646673.0,212.8753
2025-06-12 10:00:00,1749740400000,212.87,213.58,212.87,213.03,737839.0,213.1774
2025-06-12 10:15:00,1749741300000,213.02,213.065,212.21,212.5303,906819.0,212.5313
2025-06-12 10:30:00,1749742200000,212.54,212.75,212.23,212.69,368060.0,212.4817
2025-06-12 10:45:00,1749743100000,212.67,212.67,212.25,212.4948,469027.0,212.4204
2025-06-12 11:00:00,1749744000000,212.5,212.92,212.13,212.72,539917.0,212.5456
2025-06-12 11:15:00,1749744900000,212.724,213.44,212.71,213.3799,887307.0,213.0225
2025-06-12 11:30:00,1749745800000,213.36,213.43,212.84,213.215,734095.0,213.1542
2025-06-12 11:45:00,1749746700000,213.215,213.275,212.5104,212.58,665801.0,212.8838
2025-06-12 12:00:00,1749747600000,212.6,212.83,212.4101,212.61,614252.0,212.5995
2025-06-12 12:15:00,1749748500000,212.61,212.75,212.43,212.705,473738.0,212.5893
2025-06-12 12:30:00,1749749400000,212.71,212.99,212.6815,212.92,386047.0,212.8722
2025-06-12 12:45:00,1749750300000,212.94,212.94,212.705,212.74,337458.0,212.8029
2025-06-12 13:00:00,1749751200000,212.75,212.8129,212.62,212.67,1099404.0,212.7081
2025-06-12 13:15:00,1749752100000,212.66,213.1,212.6,213.02,591045.0,212.9109
2025-06-12 13:30:00,1749753000000,213.03,213.17,212.8,212.86,429827.0,213.0222
2025-06-12 13:45:00,1749753900000,212.87,213.39,212.78,213.325,515809.0,213.0763
2025-06-12 14:00:00,1749754800000,213.32,213.45,213.23,213.3099,679611.0,213.3366
2025-06-12 14:15:00,1749755700000,213.29,213.33,212.78,212.97,729917.0,213.0842
2025-06-12 14:30:00,1749756600000,212.965,212.97,212.67,212.7038,580705.0,212.835
2025-06-12 14:45:00,1749757500000,212.7,213.27,212.46,213.24,2168188.0,212.8769
2025-06-12 15:00:00,1749758400000,213.24,213.34,212.8,213.33,419402.0,213.2318
2025-06-12 15:15:00,1749759300000,213.34,213.34,213.15,213.24,26808.0,213.304
2025-06-12 15:30:00,1749760200000,213.3,213.31,213.11,213.11,14303.0,213.2733
2025-06-12 15:45:00,1749761100000,213.1108,213.24,213.11,213.1101,11824.0,213.1502
2025-06-12 16:00:00,1749762000000,213.1101,213.12,213.02,213.02,6030.0,213.0682
2025-06-12 16:15:00,1749762900000,213.1,213.2,213.1,213.11,4016.0,213.1598
2025-06-12 16:30:00,1749763800000,213.12,213.24,213.05,213.1868,62883.0,213.2335
2025-06-12 16:45:00,1749764700000,213.19,213.24,213.17,213.17,7661.0,213.211
2025-06-12 17:00:00,1749765600000,213.11,213.11,213.0017,213.01,4766.0,213.0511
2025-06-12 17:15:00,1749766500000,213.02,213.02,212.7501,212.7501,9239.0,212.9409
2025-06-12 17:30:00,1749767400000,212.78,212.9,212.6,212.66,8155.0,212.7694
2025-06-12 17:45:00,1749768300000,212.6502,212.88,212.65,212.75,6068.0,212.6754
2025-06-12 18:00:00,1749769200000,212.72,212.73,212.69,212.73,1012.0,212.7156
2025-06-12 18:15:00,1749770100000,212.7,212.8675,212.7,212.8,3803.0,212.7631
2025-06-12 18:30:00,1749771000000,212.81,212.89,212.5107,212.54,5453.0,212.6891
2025-06-12 18:45:00,1749771900000,212.55,212.68,212.0,212.0,19674.0,212.2182
2025-06-13 03:00:00,1749801600000,209.88,210.04,209.0,209.7,30614.0,209.7097
2025-06-13 03:15:00,1749802500000,209.75,209.75,209.08,209.08,5773.0,209.5137
2025-06-13 03:30:00,1749803400000,209.39,209.4,209.02,209.22,5326.0,209.2149
2025-06-13 03:45:00,1749804300000,209.02,209.02,208.11,208.27,18886.0,208.7072
2025-06-13 04:00:00,1749805200000,208.42,208.78,208.0,208.48,17598.0,208.3155
2025-06-13 04:15:00,1749806100000,208.59,208.97,208.59,208.94,7658.0,208.8196
2025-06-13 04:30:00,1749807000000,208.99,209.3,208.95,209.0,8399.0,209.0706
2025-06-13 04:45:00,1749807900000,208.91,209.06,208.91,209.06,6183.0,209.0153
2025-06-13 05:00:00,1749808800000,209.33,209.33,208.9,208.9,5275.0,209.032
2025-06-13 05:15:00,1749809700000,209.01,209.55,208.71,209.55,27479.0,208.9939
2025-06-13 05:30:00,1749810600000,209.28,209.9,209.06,209.09,17415.0,209.4981
2025-06-13 05:45:00,1749811500000,209.09,209.42,209.04,209.3,12646.0,209.1944
2025-06-13 06:00:00,1749812400000,209.37,210.1,208.79,209.23,68872.0,209.4179
2025-06-13 06:15:00,1749813300000,209.29,209.5,209.0,209.0,39713.0,209.1338
2025-06-13 06:30:00,1749814200000,209.0,209.23,208.45,209.16,53036.0,208.7561
2025-06-13 06:45:00,1749815100000,209.19,209.7,209.13,209.55,30359.0,209.4475
2025-06-13 07:00:00,1749816000000,209.3,210.1874,208.17,209.95,262612.0,209.3177
2025-06-13 07:15:00,1749816900000,210.0,210.59,209.95,210.2515,59852.0,210.2177
2025-06-13 07:30:00,1749817800000,210.25,210.39,209.82,209.82,32134.0,210.1399
2025-06-13 07:45:00,1749818700000,209.8,209.8699,209.25,209.3,57895.0,209.5565
2025-06-13 08:00:00,1749819600000,209.3,209.4732,209.0,209.1436,57643.0,209.2161
2025-06-13 08:15:00,1749820500000,209.2,210.0,209.1,210.0,85077.0,209.4659
2025-06-13 08:30:00,1749821400000,209.96,212.118,209.62,211.56,2578056.0,211.0358
2025-06-13 08:45:00,1749822300000,211.58,211.58,210.4,211.12,1257976.0,210.9037
2025-06-13 09:00:00,1749823200000,211.16,211.55,210.47,210.97,1322261.0,211.1078
2025-06-13 09:15:00,1749824100000,210.9698,210.9875,209.81,209.915,1459048.0,210.3426
2025-06-13 09:30:00,1749825000000,209.93,211.16,209.82,211.035,942191.0,210.477
2025-06-13 09:45:00,1749825900000,211.06,211.81,210.9288,211.7496,849195.0,211.3806
2025-06-13 10:00:00,1749826800000,211.747,212.41,211.59,212.34,1207147.0,211.8196
2025-06-13 10:15:00,1749827700000,212.345,212.95,212.17,212.79,805045.0,212.5956
2025-06-13 10:30:00,1749828600000,212.78,213.09,212.71,212.98,568989.0,212.9263
2025-06-13 10:45:00,1749829500000,212.98,213.32,212.92,213.22,580350.0,213.1117
2025-06-13 11:00:00,1749830400000,213.2,213.715,213.01,213.675,656251.0,213.3548
2025-06-13 11:15:00,1749831300000,213.6825,214.05,213.6,213.73,978513.0,213.8529
2025-06-13 11:30:00,1749832200000,213.74,213.88,213.28,213.49,701114.0,213.5717
2025-06-13 11:45:00,1749833100000,213.51,214.04,213.43,213.97,527722.0,213.7455
2025-06-13 12:00:00,1749834000000,213.955,214.03,213.2208,213.34,534066.0,213.679
2025-06-13 12:15:00,1749834900000,213.3495,213.73,212.94,213.2459,633352.0,213.3094
2025-06-13 12:30:00,1749835800000,213.22,213.4348,212.92,213.2,426137.0,213.1785
2025-06-13 12:45:00,1749836700000,213.2,213.55,213.135,213.2641,333753.0,213.3215
2025-06-13 13:00:00,1749837600000,213.24,213.41,212.6421,213.01,634191.0,213.038
2025-06-13 13:15:00,1749838500000,213.0235,213.13,212.39,212.415,590525.0,212.8033
2025-06-13 13:30:00,1749839400000,212.4,212.49,211.8,211.875,786584.0,212.0641
2025-06-13 13:45:00,1749840300000,211.8775,212.1871,211.67,211.989,661861.0,211.8977
2025-06-13 14:00:00,1749841200000,211.96,212.24,211.55,212.05,625801.0,211.9239
2025-06-13 14:15:00,1749842100000,212.08,212.16,211.36,211.56,686691.0,211.7838
2025-06-13 14:30:00,1749843000000,211.57,212.11,211.3,211.71,838000.0,211.746
2025-06-13 14:45:00,1749843900000,211.7,212.28,211.3,212.11,2455344.0,211.7574
2025-06-13 15:00:00,1749844800000,212.1,212.3,211.89,212.09,471575.0,212.0949
2025-06-13 15:15:00,1749845700000,212.1,212.1,211.8,211.9557,10681.0,211.9993
2025-06-13 15:30:00,1749846600000,211.8975,212.09,211.8,211.8072,14570.0,211.9027
2025-06-13 15:45:00,1749847500000,212.08,212.1,211.59,211.79,31777.0,211.9631
2025-06-13 16:00:00,1749848400000,211.65,211.8,211.61,211.7301,8279.0,210.5213
2025-06-13 16:15:00,1749849300000,211.73,211.9766,211.73,211.9766,4159.0,211.4664
2025-06-13 16:30:00,1749850200000,211.9,211.95,211.8,211.9,907.0,211.9061
2025-06-13 16:45:00,1749851100000,211.9909,211.9909,211.9025,211.95,2014.0,211.95
2025-06-13 17:00:00,1749852000000,211.98,212.0,211.95,211.98,1852.0,211.9812
2025-06-13 17:15:00,1749852900000,212.0722,212.0722,211.8,211.89,9531.0,211.898
2025-06-13 17:30:00,1749853800000,211.8,211.87,211.8,211.8685,1781.0,211.8416
2025-06-13 17:45:00,1749854700000,211.87,211.87,211.81,211.8101,2323.0,211.8401
2025-06-13 18:00:00,1749855600000,211.8403,211.89,211.8403,211.854,1423.0,211.8571
2025-06-13 18:15:00,1749856500000,211.9,211.9,211.86,211.8988,2533.0,211.8805
2025-06-13 18:30:00,1749857400000,211.8512,211.9,211.85,211.8801,2935.0,211.8779
2025-06-13 18:45:00,1749858300000,211.8801,211.89,211.77,211.86,13526.0,211.8669
2025-06-16 03:00:00,1750060800000,213.07,213.38,212.95,213.3,19254.0,213.1407
2025-06-16 03:15:00,1750061700000,213.29,213.41,213.29,213.41,5404.0,213.3436
2025-06-16 03:30:00,1750062600000,213.48,213.7,213.48,213.69,4616.0,213.567
2025-06-16 03:45:00,1750063500000,213.64,213.64,213.45,213.5,5299.0,213.5438
2025-06-16 04:00:00,1750064400000,213.54,213.54,213.4,213.4,1726.0,213.4384
2025-06-16 04:15:00,1750065300000,213.22,213.32,213.21,213.32,3768.0,213.2876
2025-06-16 04:30:00,1750066200000,213.15,213.15,213.07,213.09,1294.0,213.0961
2025-06-16 04:45:00,1750067100000,213.16,213.35,213.05,213.35,1618.0,213.2457
2025-06-16 05:00:00,1750068000000,213.3,213.35,213.25,213.35,3780.0,213.3042
2025-06-16 05:15:00,1750068900000,213.35,213.38,213.35,213.38,2571.0,213.3484
2025-06-16 05:30:00,1750069800000,213.13,213.25,213.11,213.25,3197.0,213.1979
2025-06-16 05:45:00,1750070700000,213.31,213.39,213.31,213.39,1029.0,213.3916
2025-06-16 06:00:00,1750071600000,213.48,213.48,212.97,213.08,28462.0,213.1123
2025-06-16 06:15:00,1750072500000,213.13,213.15,212.99,213.03,9559.0,213.0823
2025-06-16 06:30:00,1750073400000,213.1,213.37,213.1,213.34,10910.0,213.1885
2025-06-16 06:45:00,1750074300000,213.5,213.51,213.4,213.5,9493.0,213.4743
2025-06-16 07:00:00,1750075200000,213.2,213.96,212.37,213.8,119744.0,213.2583
2025-06-16 07:15:00,1750076100000,213.74,213.98,213.7,213.87,46824.0,213.8777
2025-06-16 07:30:00,1750077000000,213.92,213.98,213.73,213.85,437221.0,212.2041
2025-06-16 07:45:00,1750077900000,213.85,213.9208,213.35,213.38,28864.0,213.6951
2025-06-16 08:00:00,1750078800000,213.4,213.72,213.4,213.52,42143.0,213.5887
2025-06-16 08:15:00,1750079700000,213.51,213.5799,212.12,212.35,130986.0,212.8362
2025-06-16 08:30:00,1750080600000,212.31,213.42,211.6,212.39,2709654.0,212.3453
2025-06-16 08:45:00,1750081500000,212.418,213.98,212.0,213.78,1836040.0,212.9432
2025-06-16 09:00:00,1750082400000,213.78,214.335,213.396,213.971,1332862.0,213.8271
2025-06-16 09:15:00,1750083300000,213.95,214.67,213.775,214.66,1165870.0,214.3662
2025-06-16 09:30:00,1750084200000,214.66,214.86,214.077,214.375,1383659.0,214.5085
2025-06-16 09:45:00,1750085100000,214.38,214.7497,214.14,214.63,722051.0,214.5072
2025-06-16 10:00:00,1750086000000,214.6275,215.53,214.58,215.49,1357901.0,215.1111
2025-06-16 10:15:00,1750086900000,215.49,216.55,215.37,216.03,1749664.0,216.0687
2025-06-16 10:30:00,1750087800000,216.01,216.28,215.57,215.6399,835280.0,215.8859
2025-06-16 10:45:00,1750088700000,215.64,215.8299,215.16,215.4125,690679.0,215.4979
2025-06-16 11:00:00,1750089600000,215.4,215.78,215.205,215.7194,703626.0,215.4258
2025-06-16 11:15:00,1750090500000,215.7,215.7319,215.2201,215.28,468222.0,215.4918
2025-06-16 11:30:00,1750091400000,215.2749,215.4758,214.92,214.96,546326.0,215.193
2025-06-16 11:45:00,1750092300000,214.94,215.3,214.86,215.14,506446.0,215.0586
2025-06-16 12:00:00,1750093200000,215.14,215.38,215.06,215.12,503082.0,215.2381
2025-06-16 12:15:00,1750094100000,215.115,215.93,215.035,215.835,577747.0,215.5773
2025-06-16 12:30:00,1750095000000,215.82,215.94,215.42,215.42,435224.0,215.6296
2025-06-16 12:45:00,1750095900000,215.42,215.575,215.15,215.23,354909.0,215.3795
2025-06-16 13:00:00,1750096800000,215.235,215.69,215.235,215.68,376530.0,215.5502
2025-06-16 13:15:00,1750097700000,215.69,215.85,215.54,215.76,404099.0,215.7194
2025-06-16 13:30:00,1750098600000,215.755,215.8456,215.65,215.765,332767.0,215.7716
2025-06-16 13:45:00,1750099500000,215.75,216.43,215.6,216.355,723158.0,215.9992
2025-06-16 14:00:00,1750100400000,216.355,216.62,216.21,216.51,799769.0,216.3936
2025-06-16 14:15:00,1750101300000,216.5192,216.64,216.1301,216.29,978106.0,216.4453
2025-06-16 14:30:00,1750102200000,216.31,216.67,216.265,216.551,1117930.0,216.4889
2025-06-16 14:45:00,1750103100000,216.55,217.06,215.89,216.16,3154730.0,216.421
2025-06-16 15:00:00,1750104000000,216.1,217.0,216.05,216.1288,940548.0,216.1113
2025-06-16 15:15:00,1750104900000,216.2,216.25,216.09,216.1898,7551.0,216.199
2025-06-16 15:30:00,1750105800000,216.13,216.21,216.05,216.2,11656.0,216.1134
2025-06-16 15:45:00,1750106700000,216.1157,216.24,216.0927,216.15,5822.0,215.6518
2025-06-16 16:00:00,1750107600000,216.1495,216.24,216.1,216.12,27181.0,215.7993
2025-06-16 16:15:00,1750108500000,216.17,216.25,216.09,216.25,8657.0,216.1192
2025-06-16 16:30:00,1750109400000,216.18,216.2499,216.18,216.21,3646.0,216.2135
2025-06-16 16:45:00,1750110300000,216.2,216.24,216.2,216.21,992.0,216.2142
2025-06-16 17:00:00,1750111200000,216.1803,216.24,216.05,216.05,6378.0,216.1075
2025-06-16 17:15:00,1750112100000,216.05,216.17,216.05,216.09,7502.0,216.0969
2025-06-16 17:30:00,1750113000000,216.05,216.055,215.5,215.59,20823.0,215.794
2025-06-16 17:45:00,1750113900000,215.6014,215.643,215.12,215.2955,22815.0,215.366
2025-06-16 18:00:00,1750114800000,215.16,215.46,215.0801,215.23,13539.0,215.2384
2025-06-16 18:15:00,1750115700000,215.36,215.36,215.02,215.2,12310.0,215.1398
2025-06-16 18:30:00,1750116600000,215.05,215.05,214.1259,214.37,42651.0,214.6591
2025-06-16 18:45:00,1750117500000,214.25,214.4771,213.11,213.64,33194.0,213.9183
2025-06-17 03:00:00,1750147200000,214.06,214.75,214.04,214.75,8551.0,214.5751
2025-06-17 03:15:00,1750148100000,214.7,214.92,214.6,214.92,11581.0,214.6856
2025-06-17 03:30:00,1750149000000,214.74,214.93,214.65,214.65,4184.0,214.776
2025-06-17 03:45:00,1750149900000,214.76,215.0,214.21,214.21,5978.0,214.6855
2025-06-17 04:00:00,1750150800000,214.9,214.9,214.67,214.7,1339.0,214.7475
2025-06-17 04:15:00,1750151700000,214.41,214.41,214.41,214.41,247.0,214.4043
2025-06-17 04:30:00,1750152600000,214.21,214.48,214.21,214.48,2893.0,214.4137
2025-06-17 04:45:00,1750153500000,214.55,214.8,214.48,214.48,2274.0,214.5642
2025-06-17 05:00:00,1750154400000,214.46,214.57,214.3,214.3,5382.0,214.4602
2025-06-17 05:15:00,1750155300000,214.31,214.31,213.81,213.81,8612.0,214.0583
2025-06-17 05:30:00,1750156200000,213.9,213.9,213.7,213.7,3497.0,213.8168
2025-06-17 05:45:00,1750157100000,213.8,214.07,213.8,214.07,18579.0,213.9465
2025-06-17 06:00:00,1750158000000,214.09,214.44,214.01,214.44,7665.0,214.1748
2025-06-17 06:15:00,1750158900000,214.49,214.55,214.34,214.36,12935.0,214.492
2025-06-17 06:30:00,1750159800000,214.4,214.45,214.25,214.25,4013.0,214.3394
2025-06-17 06:45:00,1750160700000,214.24,214.24,214.0,214.23,13276.0,214.1208
2025-06-17 07:00:00,1750161600000,214.01,215.69,213.85,214.59,202641.0,214.8109
2025-06-17 07:15:00,1750162500000,214.62,215.5,214.6,215.25,39351.0,214.9613
2025-06-17 07:30:00,1750163400000,215.0,215.15,214.65,215.0,46954.0,214.8941
2025-06-17 07:45:00,1750164300000,214.9042,214.9042,214.6,214.6,29709.0,214.7207
2025-06-17 08:00:00,1750165200000,214.6783,214.6783,214.25,214.48,18712.0,214.4723
2025-06-17 08:15:00,1750166100000,214.6,215.28,214.3613,215.23,55824.0,214.7571
2025-06-17 08:30:00,1750167000000,215.195,216.62,215.0,216.32,2523336.0,215.8012
2025-06-17 08:45:00,1750167900000,216.33,217.36,216.2,217.28,2022640.0,216.86
2025-06-17 09:00:00,1750168800000,217.29,217.41,216.12,216.12,1408764.0,216.8072
2025-06-17 09:15:00,1750169700000,216.11,216.71,215.95,215.98,1833974.0,216.3579
2025-06-17 09:30:00,1750170600000,215.98,216.27,215.53,215.925,862482.0,215.9283
2025-06-17 09:45:00,1750171500000,215.94,216.225,215.87,216.05,596775.0,216.0328
2025-06-17 10:00:00,1750172400000,216.04,216.5915,215.91,216.43,853168.0,216.2884
2025-06-17 10:15:00,1750173300000,216.4274,216.47,215.96,216.23,707197.0,216.2314
2025-06-17 10:30:00,1750174200000,216.23,216.82,216.04,216.8,756107.0,216.4242
2025-06-17 10:45:00,1750175100000,216.81,217.0871,216.535,216.69,844216.0,216.8141
2025-06-17 11:00:00,1750176000000,216.7,216.87,216.3,216.72,571768.0,216.6799
2025-06-17 11:15:00,1750176900000,216.715,217.05,216.585,216.81,859082.0,216.8414
2025-06-17 11:30:00,1750177800000,216.8,216.86,216.25,216.36,618076.0,216.6363
2025-06-17 11:45:00,1750178700000,216.345,216.54,215.4,215.5,895778.0,215.9287
2025-06-17 12:00:00,1750179600000,215.49,215.989,215.22,215.845,667008.0,215.6098
2025-06-17 12:15:00,1750180500000,215.85,216.18,215.57,216.0101,682481.0,215.8435
2025-06-17 12:30:00,1750181400000,216.01,216.66,215.8,216.375,1000867.0,216.342
2025-06-17 12:45:00,1750182300000,216.35,216.43,215.47,215.59,948703.0,215.8366
2025-06-17 13:00:00,1750183200000,215.59,215.59,214.95,215.21,770990.0,215.2273
2025-06-17 13:15:00,1750184100000,215.2,215.335,214.71,214.95,654927.0,215.0576
2025-06-17 13:30:00,1750185000000,214.96,215.23,214.56,214.79,711946.0,214.993
2025-06-17 13:45:00,1750185900000,214.8,215.34,214.75,215.33,915151.0,215.1003
2025-06-17 14:00:00,1750186800000,215.34,215.39,214.88,215.1,571009.0,215.1063
2025-06-17 14:15:00,1750187700000,215.11,215.17,214.92,215.08,543962.0,215.0794
2025-06-17 14:30:00,1750188600000,215.09,215.17,214.82,215.075,665126.0,215.0244
2025-06-17 14:45:00,1750189500000,215.08,215.47,214.77,214.81,2115616.0,215.0409
2025-06-17 15:00:00,1750190400000,214.82,215.25,214.82,214.98,480763.0,214.8369
2025-06-17 15:15:00,1750191300000,214.83,214.99,214.82,214.97,7777.0,214.8743
2025-06-17 15:30:00,1750192200000,214.842,214.98,214.82,214.8634,37731.0,214.7919
2025-06-17 15:45:00,1750193100000,214.99,215.0,214.7,214.7021,17543.0,214.3967
2025-06-17 16:00:00,1750194000000,214.6879,214.7499,214.53,214.53,9063.0,214.6461
2025-06-17 16:15:00,1750194900000,214.82,214.82,214.6,214.65,6722.0,214.6817
2025-06-17 16:30:00,1750195800000,214.64,214.7473,214.6,214.69,9915.0,214.6595
2025-06-17 16:45:00,1750196700000,214.61,214.68,214.5507,214.64,1557.0,214.6201
2025-06-17 17:00:00,1750197600000,214.61,214.6899,214.15,214.4,8334.0,214.4272
2025-06-17 17:15:00,1750198500000,214.6615,214.6615,214.4,214.47,4987.0,214.4229
2025-06-17 17:30:00,1750199400000,214.4,214.55,214.1023,214.2,10103.0,214.2942
2025-06-17 17:45:00,1750200300000,214.1,214.13,214.0,214.0,12461.0,214.022
2025-06-17 18:00:00,1750201200000,214.0952,214.24,213.9,214.01,8307.0,214.0586
2025-06-17 18:15:00,1750202100000,214.04,214.35,214.01,214.35,5385.0,214.1737
2025-06-17 18:30:00,1750203000000,214.3,214.3,214.15,214.28,11663.0,214.2301
2025-06-17 18:45:00,1750203900000,214.27,214.3499,214.05,214.3,17365.0,214.2491
2025-06-18 03:00:00,1750233600000,215.02,215.97,215.02,215.68,15920.0,215.6972
2025-06-18 03:15:00,1750234500000,215.51,215.71,215.5,215.64,2860.0,215.5711
2025-06-18 03:30:00,1750235400000,215.58,215.75,215.58,215.68,1050.0,215.7208
2025-06-18 03:45:00,1750236300000,215.68,215.68,215.65,215.68,1833.0,215.6834
2025-06-18 04:00:00,1750237200000,215.72,216.0,215.71,215.9,2971.0,215.8673
2025-06-18 04:15:00,1750238100000,215.81,216.01,215.81,216.0,1513.0,215.9707
2025-06-18 04:30:00,1750239000000,215.88,215.9,215.84,215.89,2049.0,215.8857
2025-06-18 04:45:00,1750239900000,215.92,216.0,215.86,215.95,5294.0,215.9532
2025-06-18 05:00:00,1750240800000,215.91,216.07,215.9,215.9,4513.0,215.9662
2025-06-18 05:15:00,1750241700000,215.82,216.0,215.66,215.79,19223.0,215.9203
2025-06-18 05:30:00,1750242600000,215.94,216.3,215.75,215.76,15926.0,215.9631
2025-06-18 05:45:00,1750243500000,215.8,215.8,215.4,215.4,3800.0,215.6343
2025-06-18 06:00:00,1750244400000,215.36,215.49,215.1,215.27,12360.0,215.2776
2025-06-18 06:15:00,1750245300000,215.26,215.35,215.2,215.35,3063.0,215.2468
2025-06-18 06:30:00,1750246200000,215.4,215.58,215.4,215.58,2888.0,215.4764
2025-06-18 06:45:00,1750247100000,215.66,215.87,215.63,215.63,7985.0,215.79
2025-06-18 07:00:00,1750248000000,215.23,216.0,214.52,215.65,55031.0,215.4342
2025-06-18 07:15:00,1750248900000,215.62,215.64,215.55,215.64,6160.0,215.6031
2025-06-18 07:30:00,1750249800000,215.611,215.611,215.3,215.33,12515.0,215.4346
2025-06-18 07:45:00,1750250700000,215.4,215.4,214.82,215.17,46048.0,215.0697
2025-06-18 08:00:00,1750251600000,215.28,215.4,215.2,215.35,408345.0,214.8294
2025-06-18 08:15:00,1750252500000,215.25,215.73,215.0,215.03,48890.0,215.3557
2025-06-18 08:30:00,1750253400000,215.09,216.76,215.02,215.405,2343989.0,215.6553
2025-06-18 08:45:00,1750254300000,215.41,216.45,215.26,216.34,1170899.0,216.0378
2025-06-18 09:00:00,1750255200000,216.365,216.96,216.15,216.5999,1575758.0,216.6617
2025-06-18 09:15:00,1750256100000,216.59,217.95,215.43,217.77,1828400.0,217.1928
2025-06-18 09:30:00,1750257000000,217.78,217.96,216.72,217.805,1413771.0,217.556
2025-06-18 09:45:00,1750257900000,217.82,217.92,217.03,217.435,930188.0,217.4466
2025-06-18 10:00:00,1750258800000,217.435,217.571,216.63,216.845,858806.0,216.9848
2025-06-18 10:15:00,1750259700000,216.845,216.99,216.33,216.685,781799.0,216.7146
2025-06-18 10:30:00,1750260600000,216.69,216.83,216.11,216.21,636687.0,216.5687
2025-06-18 10:45:00,1750261500000,216.2,216.42,215.89,215.955,736511.0,216.2058
2025-06-18 11:00:00,1750262400000,215.95,216.25,215.6408,215.95,587584.0,215.9633
2025-06-18 11:15:00,1750263300000,215.96,215.98,215.26,215.3999,684633.0,215.7023
2025-06-18 11:30:00,1750264200000,215.3999,215.76,215.3,215.74,439410.0,215.5755
2025-06-18 11:45:00,1750265100000,215.73,215.88,215.515,215.6,392515.0,215.6883
2025-06-18 12:00:00,1750266000000,215.575,215.781,215.31,215.59,544529.0,215.5237
2025-06-18 12:15:00,1750266900000,215.595,215.68,214.81,214.84,1325080.0,215.2091
2025-06-18 12:30:00,1750267800000,214.82,215.15,214.51,215.12,859271.0,214.7438
2025-06-18 12:45:00,1750268700000,215.12,215.86,215.09,215.5,727746.0,215.4869
2025-06-18 13:00:00,1750269600000,215.53,216.17,214.78,215.1899,1192719.0,215.3308
2025-06-18 13:15:00,1750270500000,215.19,215.37,214.76,215.18,784716.0,215.0935
2025-06-18 13:30:00,1750271400000,215.2,215.87,214.97,215.595,1019205.0,215.4482
2025-06-18 13:45:00,1750272300000,215.6099,215.6099,213.89,214.22,1463799.0,214.6592
2025-06-18 14:00:00,1750273200000,214.21,215.43,213.85,215.27,1191673.0,214.5763
2025-06-18 14:15:00,1750274100000,215.2797,215.49,214.465,214.54,792856.0,215.1005
2025-06-18 14:30:00,1750275000000,214.53,215.35,214.375,215.33,1031248.0,215.0261
2025-06-18 14:45:00,1750275900000,215.32,215.35,212.34,212.53,6160426.0,213.4168
2025-06-18 15:00:00,1750276800000,212.52,213.51,212.5,213.0,2904915.0,212.5446
2025-06-18 15:15:00,1750277700000,213.14,213.35,212.87,213.27,86822.0,213.0981
2025-06-18 15:30:00,1750278600000,213.27,213.3,212.52,213.17,25695.0,213.1442
2025-06-18 15:45:00,1750279500000,213.09,213.19,212.52,212.82,38498.0,212.744
2025-06-18 16:00:00,1750280400000,212.8275,213.0,212.8,212.9484,12896.0,212.7025
2025-06-18 16:15:00,1750281300000,212.97,212.97,212.71,212.92,10128.0,212.8143
2025-06-18 16:30:00,1750282200000,212.9862,212.99,212.7635,212.9,9551.0,212.8909
2025-06-18 16:45:00,1750283100000,212.9,213.0,212.87,212.93,6724.0,212.9303
2025-06-18 17:00:00,1750284000000,212.999,213.0,212.79,212.8,12119.0,212.8945
2025-06-18 17:15:00,1750284900000,212.81,212.87,212.76,212.87,8154.0,212.8199
2025-06-18 17:30:00,1750285800000,212.82,212.86,212.6421,212.76,12084.0,212.7512
2025-06-18 17:45:00,1750286700000,212.75,213.0,212.75,212.96,10687.0,212.8278
2025-06-18 18:00:00,1750287600000,212.88,213.2,212.88,213.12,17434.0,213.1156
2025-06-18 18:15:00,1750288500000,213.04,213.15,213.0122,213.04,4462.0,213.0555
2025-06-18 18:30:00,1750289400000,213.04,213.09,212.82,212.9,15204.0,212.9527
2025-06-18 18:45:00,1750290300000,212.9,212.9,212.53,212.53,25092.0,212.7534
2025-06-20 03:00:00,1750406400000,212.71,212.96,212.7,212.9,14971.0,212.8254
2025-06-20 03:15:00,1750407300000,212.89,212.89,212.43,212.43,15159.0,212.6177
2025-06-20 03:30:00,1750408200000,212.52,212.62,212.41,212.49,5086.0,212.553
2025-06-20 03:45:00,1750409100000,212.44,212.44,211.9,211.9,9379.0,212.1307
2025-06-20 04:00:00,1750410000000,212.04,212.1,211.9,212.1,4548.0,212.0102
2025-06-20 04:15:00,1750410900000,212.16,212.25,212.13,212.25,7444.0,212.1549
2025-06-20 04:30:00,1750411800000,212.15,212.19,212.1,212.19,2623.0,212.1545
2025-06-20 04:45:00,1750412700000,212.22,212.46,212.22,212.46,2916.0,212.3361
2025-06-20 05:00:00,1750413600000,212.45,212.45,212.34,212.39,3785.0,212.3792
2025-06-20 05:15:00,1750414500000,212.19,212.19,212.17,212.17,1155.0,212.1802
2025-06-20 05:30:00,1750415400000,212.24,212.56,212.22,212.55,4334.0,212.4253
2025-06-20 05:45:00,1750416300000,212.57,212.69,212.57,212.69,1575.0,212.6322
2025-06-20 06:00:00,1750417200000,212.55,212.59,212.3,212.41,13343.0,212.463
2025-06-20 06:15:00,1750418100000,212.36,212.52,212.3,212.5,12102.0,212.4633
2025-06-20 06:30:00,1750419000000,212.48,213.6,212.48,213.6,25602.0,212.9501
2025-06-20 06:45:00,1750419900000,213.6,213.79,213.28,213.41,30499.0,213.5395
2025-06-20 07:00:00,1750420800000,212.5001,213.75,212.3,213.4999,107750.0,213.0445
2025-06-20 07:15:00,1750421700000,213.47,213.8499,213.33,213.621,53889.0,213.6306
2025-06-20 07:30:00,1750422600000,213.62,213.85,213.5059,213.8,28586.0,213.7201
2025-06-20 07:45:00,1750423500000,213.8,214.23,213.79,214.06,50313.0,213.9591
2025-06-20 08:00:00,1750424400000,214.09,214.19,213.9,214.0,40082.0,214.0525
2025-06-20 08:15:00,1750425300000,213.9996,215.3,211.56,214.34,371375.0,213.1071
2025-06-20 08:30:00,1750426200000,214.68,214.89,212.52,214.215,9064748.0,214.5295
2025-06-20 08:45:00,1750427100000,214.22,214.255,212.06,212.1,1676551.0,213.0262
2025-06-20 09:00:00,1750428000000,212.06,212.11,210.76,211.12,2724722.0,211.3093
2025-06-20 09:15:00,1750428900000,211.12,211.29,210.25,210.68,2011100.0,210.8744
2025-06-20 09:30:00,1750429800000,210.69,211.39,210.08,210.9523,1750308.0,210.6146
2025-06-20 09:45:00,1750430700000,210.95,211.05,210.2,210.48,1155984.0,210.6028
2025-06-20 10:00:00,1750431600000,210.45,210.45,209.59,210.37,1391978.0,209.9679
2025-06-20 10:15:00,1750432500000,210.365,210.53,210.04,210.1,784724.0,210.2757
2025-06-20 10:30:00,1750433400000,210.09,211.02,210.03,210.93,912247.0,210.5699
2025-06-20 10:45:00,1750434300000,210.94,210.985,209.847,209.88,919840.0,210.3587
2025-06-20 11:00:00,1750435200000,209.87,210.1599,209.82,209.945,721852.0,209.9972
2025-06-20 11:15:00,1750436100000,209.955,210.0938,209.82,209.91,590870.0,209.9515
2025-06-20 11:30:00,1750437000000,209.91,210.2098,209.62,209.81,904072.0,209.9716
2025-06-20 11:45:00,1750437900000,209.81,210.0623,209.7,209.91,689435.0,209.9128
2025-06-20 12:00:00,1750438800000,209.9,210.7399,209.825,210.65,988003.0,210.1513
2025-06-20 12:15:00,1750439700000,210.65,210.92,209.29,209.31,2775777.0,210.0722
2025-06-20 12:30:00,1750440600000,209.31,209.53,208.87,209.2805,1003497.0,209.1703
2025-06-20 12:45:00,1750441500000,209.28,209.9162,209.26,209.76,777096.0,209.6341
2025-06-20 13:00:00,1750442400000,209.765,209.97,209.67,209.7899,895490.0,209.8355
2025-06-20 13:15:00,1750443300000,209.8,210.36,209.7653,209.985,862537.0,210.1074
2025-06-20 13:30:00,1750444200000,210.0,210.2,209.56,209.56,1041037.0,209.9499
2025-06-20 13:45:00,1750445100000,209.5694,209.71,208.79,209.0,1116453.0,209.3369
2025-06-20 14:00:00,1750446000000,208.99,209.075,208.6,208.8746,998062.0,208.8937
2025-06-20 14:15:00,1750446900000,208.85,208.8873,208.2709,208.66,1498342.0,208.5868
2025-06-20 14:30:00,1750447800000,208.66,209.51,208.565,209.49,2910834.0,208.8535
2025-06-20 14:45:00,1750448700000,209.49,210.8,209.36,209.6051,7615949.0,209.9167
2025-06-20 15:00:00,1750449600000,209.6,210.65,209.58,210.049,4089024.0,209.7036
2025-06-20 15:15:00,1750450500000,210.05,210.1,209.95,210.05,41475.0,210.0089
2025-06-20 15:30:00,1750451400000,209.96,210.13,209.69,209.96,24754.0,209.9724
2025-06-20 15:45:00,1750452300000,209.96,210.07,209.69,210.07,36180.0,209.8682
2025-06-20 16:00:00,1750453200000,210.0,210.0494,209.95,210.0,17652.0,209.9976
2025-06-20 16:15:00,1750454100000,209.95,210.01,209.95,209.99,6208.0,209.9636
2025-06-20 16:30:00,1750455000000,209.9,209.9758,209.81,209.9758,3803.0,209.4673
2025-06-20 16:45:00,1750455900000,209.8825,209.99,209.69,209.8632,10120.0,209.6748
2025-06-20 17:00:00,1750456800000,209.8632,210.03,209.8632,210.03,7364.0,209.8142
2025-06-20 17:15:00,1750457700000,210.01,210.01,209.96,209.96,864.0,211.3099
2025-06-20 17:30:00,1750458600000,210.0184,210.04,210.0,210.01,5981.0,210.0133
2025-06-20 17:45:00,1750459500000,210.1,210.1,210.01,210.01,626.0,210.0661
2025-06-20 18:00:00,1750460400000,210.05,210.23,210.05,210.201,7478.0,210.1514
2025-06-20 18:15:00,1750461300000,210.2685,210.278,210.03,210.03,9841.0,210.1957
2025-06-20 18:30:00,1750462200000,210.08,210.09,210.01,210.01,5434.0,210.0564
2025-06-20 18:45:00,1750463100000,210.01,210.189,210.01,210.18,4968.0,210.1203
2025-06-23 03:00:00,1750665600000,209.58,210.78,209.58,210.57,31055.0,210.1458
2025-06-23 03:15:00,1750666500000,210.65,210.65,210.29,210.38,7406.0,210.3794
2025-06-23 03:30:00,1750667400000,210.4,210.62,210.4,210.56,6237.0,210.5179
2025-06-23 03:45:00,1750668300000,210.6,210.68,210.26,210.35,3975.0,210.4643
2025-06-23 04:00:00,1750669200000,210.25,210.25,210.02,210.13,4657.0,210.1091
2025-06-23 04:15:00,1750670100000,210.2,210.5,210.2,210.32,10453.0,210.381
2025-06-23 04:30:00,1750671000000,210.33,210.33,210.24,210.27,1273.0,210.2944
2025-06-23 04:45:00,1750671900000,210.34,210.39,210.15,210.15,8397.0,210.2479
2025-06-23 05:00:00,1750672800000,210.0,210.4,210.0,210.24,7037.0,210.2027
2025-06-23 05:15:00,1750673700000,210.24,210.24,209.99,210.07,9030.0,210.1135
2025-06-23 05:30:00,1750674600000,209.99,210.07,209.99,210.0,4772.0,210.0061
2025-06-23 05:45:00,1750675500000,209.81,209.81,209.81,209.81,300.0,209.8153
2025-06-23 06:00:00,1750676400000,209.85,209.85,209.31,209.35,16514.0,209.5566
2025-06-23 06:15:00,1750677300000,209.31,209.31,209.0,209.25,20555.0,209.0939
2025-06-23 06:30:00,1750678200000,209.06,209.22,208.88,208.88,4783.0,209.0416
2025-06-23 06:45:00,1750679100000,208.85,209.2,208.64,209.2,11977.0,208.9003
2025-06-23 07:00:00,1750680000000,209.15,210.531,208.05,209.3899,151886.0,209.2029
2025-06-23 07:15:00,1750680900000,209.56,209.85,209.37,209.65,23420.0,209.5636
2025-06-23 07:30:00,1750681800000,209.645,209.99,209.645,209.99,21562.0,209.7601
2025-06-23 07:45:00,1750682700000,209.93,209.93,209.7778,209.85,14122.0,209.8696
2025-06-23 08:00:00,1750683600000,209.78,210.0653,209.57,209.72,43592.0,209.8449
2025-06-23 08:15:00,1750684500000,209.6501,210.1695,209.35,209.8,48754.0,209.7399
2025-06-23 08:30:00,1750685400000,209.79,210.0,207.39,208.415,3027756.0,208.4881
2025-06-23 08:45:00,1750686300000,208.43,209.53,208.06,209.44,1513037.0,208.8349
2025-06-23 09:00:00,1750687200000,209.425,210.39,209.425,209.845,1553756.0,209.844
2025-06-23 09:15:00,1750688100000,209.83,210.37,209.735,209.87,859311.0,210.0477
2025-06-23 09:30:00,1750689000000,209.865,209.9519,209.37,209.52,835571.0,209.7099
2025-06-23 09:45:00,1750689900000,209.52,209.65,208.5,208.7702,1504148.0,208.9234
2025-06-23 10:00:00,1750690800000,208.77,209.3656,208.55,209.365,1116710.0,208.9841
2025-06-23 10:15:00,1750691700000,209.36,209.4,208.72,208.8,842606.0,209.0969
2025-06-23 10:30:00,1750692600000,208.79,209.15,208.67,209.1,1059107.0,208.9041
2025-06-23 10:45:00,1750693500000,209.105,209.58,208.94,209.2544,782402.0,209.2479
2025-06-23 11:00:00,1750694400000,209.25,209.48,209.0231,209.32,628103.0,209.2132
2025-06-23 11:15:00,1750695300000,209.335,209.383,208.565,208.64,788041.0,208.8927
2025-06-23 11:30:00,1750696200000,208.65,208.67,207.3101,208.345,1749670.0,208.0625
2025-06-23 11:45:00,1750697100000,208.32,208.785,207.84,207.9,1319303.0,208.2665
2025-06-23 12:00:00,1750698000000,207.94,208.79,207.75,208.5908,1098747.0,208.3039
2025-06-23 12:15:00,1750698900000,208.6,209.6735,208.52,209.5,1403358.0,208.9136
2025-06-23 12:30:00,1750699800000,209.53,210.35,209.53,209.9,1136987.0,209.9287
2025-06-23 12:45:00,1750700700000,209.905,210.2,209.59,209.6053,788977.0,209.8766
2025-06-23 13:00:00,1750701600000,209.64,210.05,209.56,209.585,848966.0,209.8109
2025-06-23 13:15:00,1750702500000,209.6,209.76,209.2,209.275,619169.0,209.507
2025-06-23 13:30:00,1750703400000,209.29,209.66,209.25,209.39,517056.0,209.4468
2025-06-23 13:45:00,1750704300000,209.39,209.3981,209.04,209.21,478059.0,209.2054
2025-06-23 14:00:00,1750705200000,209.2,209.55,209.17,209.195,695944.0,209.322
2025-06-23 14:15:00,1750706100000,209.2,209.28,208.87,209.085,669723.0,209.0648
2025-06-23 14:30:00,1750707000000,209.09,209.11,208.56,208.639,1004927.0,208.9028
2025-06-23 14:45:00,1750707900000,208.63,208.878,208.26,208.48,3210262.0,208.4966
2025-06-23 15:00:00,1750708800000,208.47,208.65,208.3,208.6,968592.0,208.4685
2025-06-23 15:15:00,1750709700000,208.56,208.6,208.41,208.55,165136.0,208.4805
2025-06-23 15:30:00,1750710600000,208.55,208.74,208.47,208.47,39179.0,208.5271
2025-06-23 15:45:00,1750711500000,208.65,208.83,208.51,208.73,33386.0,208.5283
2025-06-23 16:00:00,1750712400000,208.71,208.77,208.71,208.75,9494.0,208.6264
2025-06-23 16:15:00,1750713300000,208.7399,208.74,208.6,208.74,26445.0,208.7056
2025-06-23 16:30:00,1750714200000,208.7,208.74,208.63,208.71,2710.0,208.6995
2025-06-23 16:45:00,1750715100000,208.6366,208.74,208.63,208.6599,6702.0,208.6823
2025-06-23 17:00:00,1750716000000,208.63,209.8892,208.6,209.8892,60868.0,209.3895
2025-06-23 17:15:00,1750716900000,209.9,210.32,209.8,210.1,87438.0,210.0293
2025-06-23 17:30:00,1750717800000,210.05,210.49,210.0,210.34,78199.0,210.3477
2025-06-23 17:45:00,1750718700000,210.27,210.45,210.2,210.45,31349.0,210.3098
2025-06-23 18:00:00,1750719600000,210.45,210.85,210.43,210.81,45018.0,210.63
2025-06-23 18:15:00,1750720500000,210.76,211.25,210.76,211.05,61119.0,211.0168
2025-06-23 18:30:00,1750721400000,211.01,211.09,210.77,210.88,35178.0,210.9156
2025-06-23 18:45:00,1750722300000,210.89,210.98,210.55,210.7,32331.0,210.7871
2025-06-24 03:00:00,1750752000000,211.3,212.45,211.3,212.42,49102.0,211.9253
2025-06-24 03:15:00,1750752900000,212.26,212.47,212.06,212.39,13419.0,212.2823
2025-06-24 03:30:00,1750753800000,212.31,212.31,211.86,211.86,8748.0,212.0743
2025-06-24 03:45:00,1750754700000,211.9,212.2,211.9,212.2,9969.0,212.0615
2025-06-24 04:00:00,1750755600000,212.22,212.28,212.13,212.13,7219.0,212.2188
2025-06-24 04:15:00,1750756500000,212.18,212.4,212.18,212.39,3271.0,212.3209
2025-06-24 04:30:00,1750757400000,212.4,212.43,212.18,212.22,9919.0,212.3129
2025-06-24 04:45:00,1750758300000,212.12,212.12,211.9,211.9,6933.0,211.9927
2025-06-24 05:00:00,1750759200000,211.84,211.9,211.5,211.55,11000.0,211.6585
2025-06-24 05:15:00,1750760100000,211.53,211.75,211.5,211.67,8405.0,211.616
2025-06-24 05:30:00,1750761000000,211.64,212.18,211.64,212.0,8872.0,211.9411
2025-06-24 05:45:00,1750761900000,212.16,212.26,212.07,212.1,9959.0,212.1779
2025-06-24 06:00:00,1750762800000,212.09,212.11,211.4,211.5,22222.0,211.8022
2025-06-24 06:15:00,1750763700000,211.59,211.7,211.12,211.7,16218.0,211.3889
2025-06-24 06:30:00,1750764600000,211.62,211.7,211.41,211.42,16304.0,211.575
2025-06-24 06:45:00,1750765500000,211.64,212.07,211.64,211.82,26368.0,211.8895
2025-06-24 07:00:00,1750766400000,211.6,212.73,210.88,211.34,180248.0,211.7081
2025-06-24 07:15:00,1750767300000,211.31,211.3599,211.0,211.24,38424.0,211.2239
2025-06-24 07:30:00,1750768200000,211.2,212.5,211.0,212.0,105201.0,212.0866
2025-06-24 07:45:00,1750769100000,212.0,212.0,211.6001,211.86,42694.0,211.8311
2025-06-24 08:00:00,1750770000000,211.8694,212.16,211.81,212.12,59973.0,211.9832
2025-06-24 08:15:00,1750770900000,212.06,212.75,211.75,212.25,85513.0,212.1697
2025-06-24 08:30:00,1750771800000,212.135,213.52,211.045,213.2708,4050587.0,212.435
2025-06-24 08:45:00,1750772700000,213.275,213.97,213.03,213.265,1993748.0,213.4638
2025-06-24 09:00:00,1750773600000,213.2475,213.46,212.0,212.445,1506388.0,212.6237
2025-06-24 09:15:00,1750774500000,212.44,212.97,212.33,212.68,1013726.0,212.6889
2025-06-24 09:30:00,1750775400000,212.68,212.913,212.28,212.913,909341.0,212.5961
2025-06-24 09:45:00,1750776300000,212.9091,213.05,212.04,212.275,1152347.0,212.4948
2025-06-24 10:00:00,1750777200000,212.29,213.5175,212.29,213.4285,1558922.0,212.9058
2025-06-24 10:15:00,1750778100000,213.43,213.7,213.28,213.455,1629600.0,213.6248
2025-06-24 10:30:00,1750779000000,213.47,213.5099,213.07,213.3856,850724.0,213.3182
2025-06-24 10:45:00,1750779900000,213.385,213.795,213.09,213.105,868733.0,213.4791
2025-06-24 11:00:00,1750780800000,213.11,213.4,213.0,213.375,744044.0,213.1861
2025-06-24 11:15:00,1750781700000,213.38,213.6833,213.24,213.405,513416.0,213.4251
2025-06-24 11:30:00,1750782600000,213.3907,213.75,213.23,213.66,643471.0,213.4651
2025-06-24 11:45:00,1750783500000,213.665,213.9,213.61,213.81,843020.0,213.767
2025-06-24 12:00:00,1750784400000,213.8066,214.15,213.55,213.655,812192.0,213.8543
2025-06-24 12:15:00,1750785300000,213.6544,213.98,213.6,213.7432,673662.0,213.7792
2025-06-24 12:30:00,1750786200000,213.74,214.17,213.72,213.945,650278.0,213.9472
2025-06-24 12:45:00,1750787100000,213.93,214.34,213.925,214.13,605199.0,214.1718
2025-06-24 13:00:00,1750788000000,214.14,214.3,213.635,213.635,727635.0,214.006
2025-06-24 13:15:00,1750788900000,213.635,213.73,213.5,213.5699,625924.0,213.6159
2025-06-24 13:30:00,1750789800000,213.575,213.88,213.48,213.7485,543663.0,213.6392
2025-06-24 13:45:00,1750790700000,213.745,214.01,213.65,213.97,652179.0,213.832
2025-06-24 14:00:00,1750791600000,213.97,214.09,213.53,213.5764,722126.0,213.8033
2025-06-24 14:15:00,1750792500000,213.565,213.805,213.35,213.56,820178.0,213.5947
2025-06-24 14:30:00,1750793400000,213.57,213.805,213.38,213.78,1147762.0,213.6095
2025-06-24 14:45:00,1750794300000,213.77,214.08,212.76,212.77,3650640.0,213.2473
2025-06-24 15:00:00,1750795200000,212.77,213.4901,212.77,212.89,1129459.0,212.7775
2025-06-24 15:15:00,1750796100000,212.9,212.9,212.8,212.81,9326.0,212.853
2025-06-24 15:30:00,1750797000000,212.9,213.3463,212.89,213.2,28898.0,213.0933
2025-06-24 15:45:00,1750797900000,213.25,213.3947,212.77,213.15,169232.0,212.9302
2025-06-24 16:00:00,1750798800000,213.28,213.45,213.26,213.33,15592.0,213.2887
2025-06-24 16:15:00,1750799700000,213.4,213.45,213.06,213.2,8939.0,212.9564
2025-06-24 16:30:00,1750800600000,213.29,213.29,213.18,213.2,3560.0,213.2352
2025-06-24 16:45:00,1750801500000,213.28,213.28,213.1111,213.1205,2545.0,213.1622
2025-06-24 17:00:00,1750802400000,213.12,213.12,212.8732,213.03,8976.0,213.0178
2025-06-24 17:15:00,1750803300000,213.05,213.13,212.85,213.0,5227.0,212.9633
2025-06-24 17:30:00,1750804200000,212.98,213.13,212.85,212.99,3029.0,212.9272
2025-06-24 17:45:00,1750805100000,212.99,212.99,212.85,212.85,2839.0,212.9177
2025-06-24 18:00:00,1750806000000,212.95,212.99,212.92,212.9862,1683.0,212.9564
2025-06-24 18:15:00,1750806900000,212.99,212.99,212.9,212.96,2142.0,212.9415
2025-06-24 18:30:00,1750807800000,212.88,212.92,212.85,212.9085,8857.0,212.8744
2025-06-24 18:45:00,1750808700000,212.92,213.0,212.8871,213.0,11567.0,212.9364
2025-06-25 03:00:00,1750838400000,213.35,218.0,213.35,214.03,37740.0,214.6108
2025-06-25 03:15:00,1750839300000,214.11,214.22,214.1,214.1,5913.0,214.1518
2025-06-25 03:30:00,1750840200000,214.01,214.02,213.94,214.02,3698.0,213.9804
2025-06-25 03:45:00,1750841100000,214.24,214.28,214.0,214.19,5883.0,214.0871
2025-06-25 04:00:00,1750842000000,214.33,214.64,214.31,214.55,8745.0,214.4814
2025-06-25 04:15:00,1750842900000,214.65,214.65,214.25,214.25,1422.0,214.4715
2025-06-25 04:30:00,1750843800000,214.27,214.31,214.27,214.31,2247.0,214.2951
2025-06-25 04:45:00,1750844700000,214.3,214.31,214.23,214.23,1667.0,214.2617
2025-06-25 05:00:00,1750845600000,214.26,214.31,214.17,214.29,3297.0,214.2253
2025-06-25 05:15:00,1750846500000,214.11,214.12,214.02,214.02,6997.0,214.089
2025-06-25 05:30:00,1750847400000,214.04,214.29,213.58,213.58,13720.0,213.9993
2025-06-25 05:45:00,1750848300000,213.73,213.73,213.19,213.4,29717.0,213.4247
2025-06-25 06:00:00,1750849200000,213.58,213.71,213.29,213.55,16081.0,213.5212
2025-06-25 06:15:00,1750850100000,213.4,213.49,213.3,213.49,13951.0,213.3463
2025-06-25 06:30:00,1750851000000,213.54,213.54,213.45,213.51,4808.0,213.506
2025-06-25 06:45:00,1750851900000,213.52,213.9,213.51,213.86,8074.0,213.6901
2025-06-25 07:00:00,1750852800000,213.4,214.2055,213.15,214.07,95783.0,213.6164
2025-06-25 07:15:00,1750853700000,214.0599,214.13,213.76,213.9915,25338.0,213.8481
2025-06-25 07:30:00,1750854600000,214.05,214.33,213.89,214.3294,44979.0,214.1397
2025-06-25 07:45:00,1750855500000,214.25,214.34,214.25,214.32,20756.0,214.2909
2025-06-25 08:00:00,1750856400000,214.3182,214.46,214.15,214.4415,48159.0,214.2842
2025-06-25 08:15:00,1750857300000,214.4,214.75,214.02,214.75,48514.0,214.4147
2025-06-25 08:30:00,1750858200000,214.615,216.03,213.48,213.49,3270051.0,214.7609
2025-06-25 08:45:00,1750859100000,213.52,214.41,213.37,214.265,1816383.0,213.8745
2025-06-25 09:00:00,1750860000000,214.29,214.73,213.665,213.8,1383958.0,214.2395
2025-06-25 09:15:00,1750860900000,213.81,214.39,213.77,213.86,769540.0,214.0274
2025-06-25 09:30:00,1750861800000,213.87,214.43,213.86,214.2867,895925.0,214.1662
2025-06-25 09:45:00,1750862700000,214.3,214.59,213.67,213.742,863407.0,214.0953
2025-06-25 10:00:00,1750863600000,213.7416,213.81,213.39,213.545,853664.0,213.5459
2025-06-25 10:15:00,1750864500000,213.55,213.94,213.52,213.7698,664076.0,213.7466
2025-06-25 10:30:00,1750865400000,213.78,213.78,213.1696,213.18,565407.0,213.487
2025-06-25 10:45:00,1750866300000,213.19,213.47,213.02,213.22,586999.0,213.2456
2025-06-25 11:00:00,1750867200000,213.22,213.34,212.99,213.1869,589173.0,213.1305
2025-06-25 11:15:00,1750868100000,213.1757,213.2999,212.72,212.885,625766.0,212.9206
2025-06-25 11:30:00,1750869000000,212.89,212.93,212.72,212.79,473321.0,212.8367
2025-06-25 11:45:00,1750869900000,212.77,212.93,212.62,212.7499,655611.0,212.7504
2025-06-25 12:00:00,1750870800000,212.74,212.84,212.32,212.5,747631.0,212.5159
2025-06-25 12:15:00,1750871700000,212.5,212.56,211.96,212.21,923931.0,212.272
2025-06-25 12:30:00,1750872600000,212.205,212.2899,211.59,211.783,792806.0,211.9428
2025-06-25 12:45:00,1750873500000,211.79,211.93,211.17,211.18,979732.0,211.5734
2025-06-25 13:00:00,1750874400000,211.19,211.4708,211.11,211.305,802936.0,211.3351
2025-06-25 13:15:00,1750875300000,211.305,211.65,211.26,211.6,663068.0,211.4887
2025-06-25 13:30:00,1750876200000,211.5898,211.75,211.46,211.5699,517715.0,211.5955
2025-06-25 13:45:00,1750877100000,211.57,211.64,211.345,211.54,497823.0,211.5001
2025-06-25 14:00:00,1750878000000,211.54,211.875,211.52,211.61,741865.0,211.6852
2025-06-25 14:15:00,1750878900000,211.615,211.99,211.3303,211.7668,795376.0,211.6571
2025-06-25 14:30:00,1750879800000,211.75,211.94,211.54,211.93,974287.0,211.7112
2025-06-25 14:45:00,1750880700000,211.9248,212.15,211.66,212.06,3167434.0,211.889
2025-06-25 15:00:00,1750881600000,211.99,212.1,211.7,211.85,240867.0,211.9837
2025-06-25 15:15:00,1750882500000,211.8,212.1177,211.8,212.09,23724.0,211.9991
2025-06-25 15:30:00,1750883400000,212.0,212.2,211.96,212.0003,16090.0,212.0156
2025-06-25 15:45:00,1750884300000,212.0059,212.1,212.0,212.0968,5095.0,211.651
2025-06-25 16:00:00,1750885200000,212.1,212.15,212.0111,212.12,5947.0,212.0798
2025-06-25 16:15:00,1750886100000,211.99,212.15,211.99,212.1298,14059.0,212.0336
2025-06-25 16:30:00,1750887000000,212.1,212.1195,212.02,212.02,5168.0,212.0606
2025-06-25 16:45:00,1750887900000,212.01,212.0992,211.99,212.0992,11346.0,212.0221
2025-06-25 17:00:00,1750888800000,212.05,212.1899,212.05,212.12,5184.0,212.1261
2025-06-25 17:15:00,1750889700000,212.16,212.16,212.06,212.07,5684.0,212.1133
2025-06-25 17:30:00,1750890600000,212.14,212.1598,212.04,212.04,3710.0,212.1223
2025-06-25 17:45:00,1750891500000,212.14,212.17,212.0542,212.14,9663.0,212.1328
2025-06-25 18:00:00,1750892400000,212.15,212.15,212.01,212.03,6732.0,212.0595
2025-06-25 18:15:00,1750893300000,212.03,212.17,212.01,212.09,3358.0,212.0754
2025-06-25 18:30:00,1750894200000,212.1,212.1475,212.03,212.1,8634.0,212.0955
2025-06-25 18:45:00,1750895100000,212.1458,212.2,212.07,212.1991,22219.0,212.1669
2025-06-26 03:00:00,1750924800000,212.6,213.1,212.6,213.1,6218.0,212.8868
2025-06-26 03:15:00,1750925700000,213.2,213.4,213.2,213.4,8112.0,213.3043
2025-06-26 03:30:00,1750926600000,213.23,213.24,213.15,213.23,3150.0,213.2028
2025-06-26 03:45:00,1750927500000,213.23,213.24,213.2,213.23,1951.0,213.2249
2025-06-26 04:00:00,1750928400000,213.2,213.25,213.17,213.19,8065.0,213.2034
2025-06-26 04:15:00,1750929300000,213.18,213.27,213.16,213.16,7129.0,213.2244
2025-06-26 04:30:00,1750930200000,213.18,213.29,213.18,213.29,975.0,213.2608
2025-06-26 04:45:00,1750931100000,213.35,213.38,213.35,213.36,1579.0,213.3651
2025-06-26 05:00:00,1750932000000,213.38,213.64,213.37,213.63,8429.0,213.4607
2025-06-26 05:15:00,1750932900000,213.63,213.66,213.54,213.6,5087.0,213.6025
2025-06-26 05:30:00,1750933800000,213.64,213.66,213.47,213.47,4417.0,213.5786
2025-06-26 05:45:00,1750934700000,213.41,213.49,213.4,213.4,3955.0,213.427
2025-06-26 06:00:00,1750935600000,213.35,213.35,212.95,213.1,25164.0,213.1524
2025-06-26 06:15:00,1750936500000,212.99,213.3,212.95,213.3,11290.0,213.1825
2025-06-26 06:30:00,1750937400000,213.35,213.5,213.17,213.17,15073.0,213.3198
2025-06-26 06:45:00,1750938300000,213.2,213.35,213.11,213.35,7095.0,213.1999
2025-06-26 07:00:00,1750939200000,213.25,213.6321,212.44,213.1,105428.0,213.0764
2025-06-26 07:15:00,1750940100000,213.16,213.28,213.15,213.27,13486.0,213.2248
2025-06-26 07:30:00,1750941000000,213.25,213.25,212.6,213.2,62008.0,212.9514
2025-06-26 07:45:00,1750941900000,213.23,213.28,213.02,213.28,31998.0,213.1518
2025-06-26 08:00:00,1750942800000,213.2,213.2,213.0,213.15,31954.0,213.0533
2025-06-26 08:15:00,1750943700000,213.05,213.47,213.0,213.16,35649.0,213.1816
2025-06-26 08:30:00,1750944600000,213.12,213.75,212.44,212.9699,2438987.0,213.0524
2025-06-26 08:45:00,1750945500000,212.97,213.15,212.01,212.95,1890631.0,212.5635
2025-06-26 09:00:00,1750946400000,212.95,213.5,212.6706,213.12,1276115.0,213.1436
2025-06-26 09:15:00,1750947300000,213.1,213.55,212.846,213.32,782488.0,213.2937
2025-06-26 09:30:00,1750948200000,213.32,214.25,213.26,214.02,1418441.0,213.7732
2025-06-26 09:45:00,1750949100000,214.055,214.1786,213.6201,214.02,1035593.0,213.9576
2025-06-26 10:00:00,1750950000000,214.03,214.92,213.995,214.83,1080302.0,214.4869
2025-06-26 10:15:00,1750950900000,214.825,216.88,214.814,216.055,3403438.0,216.0541
2025-06-26 10:30:00,1750951800000,216.05,216.17,215.4,215.49,1780778.0,215.8545
2025-06-26 10:45:00,1750952700000,215.49,215.94,215.25,215.85,1222477.0,215.6192
2025-06-26 11:00:00,1750953600000,215.85,216.44,215.3,216.015,1356400.0,216.0213
2025-06-26 11:15:00,1750954500000,216.03,216.43,215.76,215.86,927853.0,216.1222
2025-06-26 11:30:00,1750955400000,215.865,216.1,215.5,215.59,881485.0,215.772
2025-06-26 11:45:00,1750956300000,215.5966,215.93,215.51,215.75,784654.0,215.6957
2025-06-26 12:00:00,1750957200000,215.74,216.3,215.7299,216.09,886495.0,216.0601
2025-06-26 12:15:00,1750958100000,216.105,216.29,215.91,216.175,679251.0,216.1077
2025-06-26 12:30:00,1750959000000,216.175,216.7,216.17,216.695,1333447.0,216.3993
2025-06-26 12:45:00,1750959900000,216.695,216.8,216.5,216.61,958985.0,216.6737
2025-06-26 13:00:00,1750960800000,216.605,217.47,216.54,217.445,2046970.0,217.0323
2025-06-26 13:15:00,1750961700000,217.45,217.8904,217.24,217.7201,1784295.0,217.5721
2025-06-26 13:30:00,1750962600000,217.74,218.035,217.08,217.28,1846904.0,217.6263
2025-06-26 13:45:00,1750963500000,217.28,217.42,216.87,217.0732,1416936.0,217.0266
2025-06-26 14:00:00,1750964400000,217.08,217.38,217.02,217.32,3154066.0,217.2276
2025-06-26 14:15:00,1750965300000,217.32,217.52,216.8915,216.954,1051344.0,217.2256
2025-06-26 14:30:00,1750966200000,216.95,217.1,216.76,216.955,1258156.0,216.9135
2025-06-26 14:45:00,1750967100000,216.955,217.7101,216.7,217.13,4913424.0,217.275
2025-06-26 15:00:00,1750968000000,217.12,217.7,216.8,216.8,570060.0,217.1218
2025-06-26 15:15:00,1750968900000,216.85,218.21,216.75,218.0,90180.0,217.5885
2025-06-26 15:30:00,1750969800000,218.0,218.75,217.8303,218.22,97102.0,218.273
2025-06-26 15:45:00,1750970700000,218.22,218.37,217.12,218.2315,105267.0,217.9223
2025-06-26 16:00:00,1750971600000,218.231,218.4,218.044,218.4,13553.0,218.189
2025-06-26 16:15:00,1750972500000,218.3,218.4,218.2033,218.36,26225.0,218.2992
2025-06-26 16:30:00,1750973400000,218.39,218.52,218.11,218.25,82299.0,217.5163
2025-06-26 16:45:00,1750974300000,218.2,218.29,218.0,218.14,19848.0,218.1405
2025-06-26 17:00:00,1750975200000,218.19,218.2279,218.0,218.2,12001.0,218.1132
2025-06-26 17:15:00,1750976100000,218.05,218.3,218.02,218.3,10768.0,218.1621
2025-06-26 17:30:00,1750977000000,218.38,218.49,218.3,218.33,9505.0,218.3758
2025-06-26 17:45:00,1750977900000,218.44,218.44,218.14,218.1512,9674.0,218.2445
2025-06-26 18:00:00,1750978800000,218.2499,218.32,218.02,218.03,11217.0,218.1973
2025-06-26 18:15:00,1750979700000,218.02,218.25,218.0,218.08,7349.0,218.0569
2025-06-26 18:30:00,1750980600000,218.14,218.25,218.05,218.2,6999.0,218.1486
2025-06-26 18:45:00,1750981500000,218.1,218.25,218.1,218.18,16643.0,218.1548
2025-06-27 03:00:00,1751011200000,218.93,219.16,218.55,219.16,25772.0,218.9924
2025-06-27 03:15:00,1751012100000,219.08,219.14,218.92,218.92,10487.0,218.9959
2025-06-27 03:30:00,1751013000000,218.91,219.4,218.91,219.3,13192.0,219.1818
2025-06-27 03:45:00,1751013900000,219.3,219.4,219.27,219.39,16399.0,219.3311
2025-06-27 04:00:00,1751014800000,219.35,219.38,218.83,218.9,16246.0,219.1711
2025-06-27 04:15:00,1751015700000,219.0,219.3,219.0,219.0,10457.0,219.101
2025-06-27 04:30:00,1751016600000,219.0,219.25,218.99,219.25,12147.0,219.0676
2025-06-27 04:45:00,1751017500000,219.2,219.2,219.05,219.05,6663.0,219.098
2025-06-27 05:00:00,1751018400000,219.12,219.16,219.0,219.0,5074.0,219.0723
2025-06-27 05:15:00,1751019300000,219.04,219.14,219.0,219.14,1404.0,219.069
2025-06-27 05:30:00,1751020200000,219.12,219.12,218.99,219.04,3699.0,219.039
2025-06-27 05:45:00,1751021100000,219.0,219.29,219.0,219.29,5264.0,219.1435
2025-06-27 06:00:00,1751022000000,219.17,219.5,218.86,219.44,32075.0,219.2419
2025-06-27 06:15:00,1751022900000,219.4,219.66,219.27,219.55,13635.0,219.4633
2025-06-27 06:30:00,1751023800000,219.57,219.84,219.51,219.76,24721.0,219.7148
2025-06-27 06:45:00,1751024700000,219.71,219.98,219.53,219.98,45778.0,219.807
2025-06-27 07:00:00,1751025600000,218.96,219.98,218.35,219.8,185137.0,219.4271
2025-06-27 07:15:00,1751026500000,219.8,220.18,219.7,220.18,122133.0,219.9541
2025-06-27 07:30:00,1751027400000,220.18,220.19,219.75,219.89,117539.0,219.9491
2025-06-27 07:45:00,1751028300000,219.9,220.2486,219.67,220.19,124283.0,219.9795
2025-06-27 08:00:00,1751029200000,220.15,220.15,219.62,219.8,69938.0,219.8803
2025-06-27 08:15:00,1751030100000,219.78,220.1597,219.27,220.02,138389.0,219.8239
2025-06-27 08:30:00,1751031000000,219.92,221.45,219.63,220.967,6743437.0,220.6467
2025-06-27 08:45:00,1751031900000,220.9632,221.56,220.5,220.76,3049276.0,221.1121
2025-06-27 09:00:00,1751032800000,220.78,221.33,220.715,221.09,1941004.0,221.0437
2025-06-27 09:15:00,1751033700000,221.085,221.27,219.75,220.01,1925337.0,220.6815
2025-06-27 09:30:00,1751034600000,220.01,220.015,219.12,219.53,2142477.0,219.6391
2025-06-27 09:45:00,1751035500000,219.54,219.65,218.8201,218.88,1390398.0,219.2418
2025-06-27 10:00:00,1751036400000,218.8802,219.65,218.6,219.6,1308346.0,219.2623
2025-06-27 10:15:00,1751037300000,219.61,219.83,218.94,219.635,1353919.0,219.4849
2025-06-27 10:30:00,1751038200000,219.6338,220.01,219.49,219.6307,846145.0,219.772
2025-06-27 10:45:00,1751039100000,219.62,219.92,219.57,219.72,749416.0,219.7753
2025-06-27 11:00:00,1751040000000,219.73,220.05,219.5303,219.7907,900979.0,219.8095
2025-06-27 11:15:00,1751040900000,219.8,219.94,219.34,219.675,1259278.0,219.664
2025-06-27 11:30:00,1751041800000,219.67,219.71,219.31,219.43,716873.0,219.4609
2025-06-27 11:45:00,1751042700000,219.4367,219.9299,219.385,219.83,671165.0,219.656
2025-06-27 12:00:00,1751043600000,219.8362,219.8432,219.2,219.51,828143.0,219.451
2025-06-27 12:15:00,1751044500000,219.5,219.68,219.12,219.16,565620.0,219.3637
2025-06-27 12:30:00,1751045400000,219.15,219.415,218.48,218.745,1061862.0,219.0391
2025-06-27 12:45:00,1751046300000,218.73,218.79,218.22,218.39,1304324.0,218.4906
2025-06-27 13:00:00,1751047200000,218.4,218.45,217.93,218.26,3302300.0,219.1228
2025-06-27 13:15:00,1751048100000,218.25,218.36,217.43,217.46,1123026.0,217.7834
2025-06-27 13:30:00,1751049000000,217.45,217.54,216.93,217.1738,1280218.0,217.2458
2025-06-27 13:45:00,1751049900000,217.16,217.5199,216.74,217.025,1271294.0,217.0606
2025-06-27 14:00:00,1751050800000,217.04,218.91,217.03,218.7,2347158.0,218.1356
2025-06-27 14:15:00,1751051700000,218.715,219.81,218.67,219.705,2239976.0,219.2679
2025-06-27 14:30:00,1751052600000,219.705,220.685,219.57,219.74,3816999.0,220.2368
2025-06-27 14:45:00,1751053500000,219.73,223.25,219.485,223.21,15619989.0,221.8899
2025-06-27 15:00:00,1751054400000,223.3,223.3024,222.32,222.44,4870249.0,223.2598
2025-06-27 15:15:00,1751055300000,222.5,223.3,222.38,222.472,613375.0,223.1529
2025-06-27 15:30:00,1751056200000,222.498,223.3,222.41,222.4506,107502.0,222.638
2025-06-27 15:45:00,1751057100000,222.47,223.3,222.45,222.5478,54626.0,222.356
2025-06-27 16:00:00,1751058000000,223.3,223.3,222.45,222.48,56491.0,223.042
2025-06-27 16:15:00,1751058900000,222.47,222.59,222.47,222.55,17657.0,222.522
2025-06-27 16:30:00,1751059800000,222.51,222.64,222.39,222.4999,24789.0,222.5338
2025-06-27 16:45:00,1751060700000,222.5,222.5,222.45,222.451,10939.0,222.4764
2025-06-27 17:00:00,1751061600000,222.4988,222.4988,222.36,222.45,17629.0,222.4206
2025-06-27 17:15:00,1751062500000,222.49,222.5,222.4,222.5,10805.0,222.4589
2025-06-27 17:30:00,1751063400000,222.46,222.6,222.42,222.5,17763.0,222.5027
2025-06-27 17:45:00,1751064300000,222.5,222.55,222.41,222.45,14258.0,222.4802
2025-06-27 18:00:00,1751065200000,222.43,222.48,222.3,222.48,7642.0,222.4347
2025-06-27 18:15:00,1751066100000,222.4,222.44,222.31,222.3599,6031.0,222.3628
2025-06-27 18:30:00,1751067000000,222.33,222.44,222.33,222.4,18388.0,222.4006
2025-06-27 18:45:00,1751067900000,222.4001,222.4999,222.39,222.4999,15656.0,222.4397
2025-06-30 03:00:00,1751270400000,225.0,225.01,224.0,224.51,59625.0,224.7347
2025-06-30 03:15:00,1751271300000,224.5,224.85,224.42,224.59,10774.0,224.6146
2025-06-30 03:30:00,1751272200000,224.52,224.62,224.44,224.44,8442.0,224.5192
2025-06-30 03:45:00,1751273100000,224.5,224.7,224.5,224.64,7498.0,224.5674
2025-06-30 04:00:00,1751274000000,224.64,224.75,224.6,224.75,2397.0,224.6681
2025-06-30 04:15:00,1751274900000,224.79,224.9,224.79,224.88,7654.0,224.8353
2025-06-30 04:30:00,1751275800000,224.88,225.04,224.8,224.82,22920.0,224.9081
2025-06-30 04:45:00,1751276700000,224.82,224.85,224.27,224.35,20019.0,224.6034
2025-06-30 05:00:00,1751277600000,224.49,224.5,224.35,224.37,10413.0,224.4116
2025-06-30 05:15:00,1751278500000,224.35,224.55,224.2,224.46,21046.0,224.4011
2025-06-30 05:30:00,1751279400000,224.45,224.59,224.35,224.4,18519.0,224.4012
2025-06-30 05:45:00,1751280300000,224.43,224.43,223.81,224.1,27089.0,224.1192
2025-06-30 06:00:00,1751281200000,224.11,224.45,223.97,224.42,35530.0,224.2277
2025-06-30 06:15:00,1751282100000,224.42,224.75,224.42,224.52,26014.0,224.5719
2025-06-30 06:30:00,1751283000000,224.5,224.51,224.03,224.4,19031.0,224.3025
2025-06-30 06:45:00,1751283900000,224.39,224.55,224.35,224.55,23533.0,224.4138
2025-06-30 07:00:00,1751284800000,224.58,225.2,223.85,224.49,355636.0,223.9281
2025-06-30 07:15:00,1751285700000,224.5,224.5787,223.89,223.93,92958.0,224.2226
2025-06-30 07:30:00,1751286600000,223.98,224.0,223.22,223.32,130139.0,223.5788
2025-06-30 07:45:00,1751287500000,223.33,223.55,223.2201,223.55,58836.0,223.4167
2025-06-30 08:00:00,1751288400000,223.5,223.75,223.33,223.39,108938.0,223.5481
2025-06-30 08:15:00,1751289300000,223.35,223.72,222.8,223.35,115111.0,223.1401
2025-06-30 08:30:00,1751290200000,223.52,223.82,221.83,222.65,5965877.0,222.9279
2025-06-30 08:45:00,1751291100000,222.66,222.8399,221.255,222.31,3128184.0,221.9828
2025-06-30 09:00:00,1751292000000,222.3,222.79,222.14,222.72,2456543.0,222.4923
2025-06-30 09:15:00,1751292900000,222.7,222.7,220.74,221.79,2672433.0,221.5141
2025-06-30 09:30:00,1751293800000,221.78,222.42,221.555,221.89,1626851.0,221.9557
2025-06-30 09:45:00,1751294700000,221.8962,222.058,221.08,221.221,1565638.0,221.6077
2025-06-30 10:00:00,1751295600000,221.22,221.86,220.98,221.385,1587281.0,221.4764
2025-06-30 10:15:00,1751296500000,221.385,221.64,220.96,221.4033,1305187.0,221.2909
2025-06-30 10:30:00,1751297400000,221.4,221.4,220.87,221.09,1581464.0,221.0626
2025-06-30 10:45:00,1751298300000,221.09,221.14,220.3,220.4081,1173647.0,220.6603
2025-06-30 11:00:00,1751299200000,220.415,220.84,219.94,220.005,1400810.0,220.4729
2025-06-30 11:15:00,1751300100000,220.005,220.56,219.589,219.665,1409005.0,219.9832
2025-06-30 11:30:00,1751301000000,219.66,219.84,219.21,219.76,1357482.0,219.5052
2025-06-30 11:45:00,1751301900000,219.76,220.01,219.56,219.59,998498.0,219.8501
2025-06-30 12:00:00,1751302800000,219.5999,219.69,219.12,219.615,1000690.0,219.3786
2025-06-30 12:15:00,1751303700000,219.61,219.97,219.51,219.865,659850.0,219.7667
2025-06-30 12:30:00,1751304600000,219.8799,220.08,219.69,219.96,742076.0,219.8948
2025-06-30 12:45:00,1751305500000,219.98,220.51,219.77,219.97,1291287.0,220.1532
2025-06-30 13:00:00,1751306400000,219.9753,220.1299,219.5,219.8296,656410.0,219.8891
2025-06-30 13:15:00,1751307300000,219.82,220.2,219.53,219.575,815324.0,219.9202
2025-06-30 13:30:00,1751308200000,219.575,219.68,219.19,219.5,1051487.0,219.3853
2025-06-30 13:45:00,1751309100000,219.51,219.86,219.33,219.76,871773.0,219.5927
2025-06-30 14:00:00,1751310000000,219.77,219.95,219.54,219.59,818918.0,219.7685
2025-06-30 14:15:00,1751310900000,219.59,219.95,219.53,219.81,1151951.0,219.762
2025-06-30 14:30:00,1751311800000,219.81,219.88,219.47,219.76,1178696.0,219.6782
2025-06-30 14:45:00,1751312700000,219.75,219.93,219.21,219.4,4358395.0,219.6004
2025-06-30 15:00:00,1751313600000,219.39,219.83,219.04,219.05,1609168.0,219.3844
2025-06-30 15:15:00,1751314500000,219.11,219.39,219.04,219.13,191206.0,219.3539
2025-06-30 15:30:00,1751315400000,219.13,219.6951,219.1299,219.52,49170.0,219.435
2025-06-30 15:45:00,1751316300000,219.55,219.73,219.39,219.7,51312.0,219.4246
2025-06-30 16:00:00,1751317200000,219.75,219.75,219.51,219.6,16063.0,219.525
2025-06-30 16:15:00,1751318100000,219.6,219.7,219.6,219.7,6866.0,219.6672
2025-06-30 16:30:00,1751319000000,219.7435,219.8001,219.65,219.8,13299.0,219.7499
2025-06-30 16:45:00,1751319900000,219.7707,219.79,219.65,219.7,11372.0,219.7629
2025-06-30 17:00:00,1751320800000,219.63,219.78,219.51,219.67,10351.0,219.6431
2025-06-30 17:15:00,1751321700000,219.66,219.7454,219.53,219.65,17365.0,219.6415
2025-06-30 17:30:00,1751322600000,219.7,219.73,219.5,219.5,15594.0,219.6025
2025-06-30 17:45:00,1751323500000,219.52,219.5501,219.39,219.4985,6123.0,219.4829
2025-06-30 18:00:00,1751324400000,219.4,219.48,219.36,219.39,11156.0,219.4018
2025-06-30 18:15:00,1751325300000,219.37,219.55,219.37,219.55,4128.0,219.4442
2025-06-30 18:30:00,1751326200000,219.4,219.55,219.4,219.5,2869.0,219.4873
2025-06-30 18:45:00,1751327100000,219.51,219.77,219.4001,219.4001,25214.0,219.617
2025-07-01 03:00:00,1751356800000,219.98,219.98,218.63,218.68,28709.0,218.8662
2025-07-01 03:15:00,1751357700000,218.65,218.7,218.39,218.64,17747.0,218.5587
2025-07-01 03:30:00,1751358600000,218.87,219.1,218.87,219.0,5936.0,218.9991
2025-07-01 03:45:00,1751359500000,219.1,219.24,219.08,219.24,3215.0,219.187
2025-07-01 04:00:00,1751360400000,219.24,219.24,219.24,219.24,1015.0,219.2615
2025-07-01 04:15:00,1751361300000,219.2,219.2,219.2,219.2,566.0,219.1965
2025-07-01 04:30:00,1751362200000,219.11,219.17,219.01,219.17,2210.0,219.0682
2025-07-01 04:45:00,1751363100000,219.1,219.17,218.98,219.17,8652.0,219.0678
2025-07-01 05:00:00,1751364000000,219.28,219.34,219.28,219.29,1315.0,219.3255
2025-07-01 05:15:00,1751364900000,219.38,219.38,219.23,219.23,3940.0,219.3328
2025-07-01 05:30:00,1751365800000,219.29,219.33,219.29,219.33,326.0,219.3159
2025-07-01 05:45:00,1751366700000,219.2,219.23,219.2,219.23,805.0,219.2481
2025-07-01 06:00:00,1751367600000,219.41,219.6,219.39,219.45,10442.0,219.4659
2025-07-01 06:15:00,1751368500000,219.45,219.68,219.19,219.65,9610.0,219.4415
2025-07-01 06:30:00,1751369400000,219.65,219.65,219.6,219.6,2049.0,219.6298
2025-07-01 06:45:00,1751370300000,219.64,219.71,219.44,219.59,14965.0,219.5502
2025-07-01 07:00:00,1751371200000,219.69,219.79,218.67,219.12,98462.0,219.3879
2025-07-01 07:15:00,1751372100000,219.14,219.2,218.5,218.66,47769.0,218.8529
2025-07-01 07:30:00,1751373000000,218.7,218.9999,218.51,218.72,25679.0,218.7498
2025-07-01 07:45:00,1751373900000,218.69,218.97,218.65,218.87,18619.0,218.8575
2025-07-01 08:00:00,1751374800000,218.9,219.28,218.9,219.2799,40178.0,219.1315
2025-07-01 08:15:00,1751375700000,219.13,219.75,218.9,219.7,43829.0,219.252
2025-07-01 08:30:00,1751376600000,219.5,220.39,218.66,219.1786,2799535.0,219.4027
2025-07-01 08:45:00,1751377500000,219.195,219.8827,219.17,219.5753,1301865.0,219.6571
2025-07-01 09:00:00,1751378400000,219.55,219.96,218.81,219.88,1468622.0,219.4539
2025-07-01 09:15:00,1751379300000,219.875,220.686,219.32,219.5,1920420.0,220.1414
2025-07-01 09:30:00,1751380200000,219.5,219.96,218.98,219.155,1604438.0,219.4679
2025-07-01 09:45:00,1751381100000,219.14,219.54,218.7,219.09,1364841.0,219.1428
2025-07-01 10:00:00,1751382000000,219.09,219.59,218.22,218.43,1451951.0,218.8879
2025-07-01 10:15:00,1751382900000,218.42,219.8,217.93,219.727,1307639.0,218.891
2025-07-01 10:30:00,1751383800000,219.72,220.0,219.1156,219.26,857911.0,219.6115
2025-07-01 10:45:00,1751384700000,219.27,219.5,218.92,219.18,816372.0,219.2214
2025-07-01 11:00:00,1751385600000,219.19,219.32,218.51,219.295,680983.0,218.9189
2025-07-01 11:15:00,1751386500000,219.295,219.34,218.85,219.21,707880.0,219.0341
2025-07-01 11:30:00,1751387400000,219.2,219.72,219.0156,219.68,600664.0,219.343
2025-07-01 11:45:00,1751388300000,219.68,220.19,219.53,219.9033,903096.0,219.8452
2025-07-01 12:00:00,1751389200000,219.9197,220.8399,219.89,220.54,1320647.0,220.4206
2025-07-01 12:15:00,1751390100000,220.5244,220.95,220.33,220.6774,909440.0,220.7095
2025-07-01 12:30:00,1751391000000,220.67,220.8471,220.295,220.665,936184.0,220.5838
2025-07-01 12:45:00,1751391900000,220.69,221.05,220.44,221.0,884069.0,220.8182
2025-07-01 13:00:00,1751392800000,221.0,221.12,220.655,220.94,942761.0,220.9291
2025-07-01 13:15:00,1751393700000,220.95,221.11,220.82,220.8503,609106.0,220.9494
2025-07-01 13:30:00,1751394600000,220.86,221.11,220.82,220.97,622068.0,221.0042
2025-07-01 13:45:00,1751395500000,220.96,221.5,220.89,221.28,1005129.0,221.2436
2025-07-01 14:00:00,1751396400000,221.27,221.2999,220.4723,221.18,1238915.0,220.8872
2025-07-01 14:15:00,1751397300000,221.19,221.875,221.04,221.7,1233299.0,221.522
2025-07-01 14:30:00,1751398200000,221.72,221.73,221.01,221.31,1146322.0,221.3986
2025-07-01 14:45:00,1751399100000,221.32,221.7,220.38,220.45,3876000.0,221.0215
2025-07-01 15:00:00,1751400000000,220.4792,220.8,220.33,220.36,953336.0,220.4605
2025-07-01 15:15:00,1751400900000,220.45,220.65,220.36,220.55,12702.0,220.4604
2025-07-01 15:30:00,1751401800000,220.46,220.55,220.36,220.5,14622.0,220.4661
2025-07-01 15:45:00,1751402700000,220.47,220.47,220.36,220.3869,5235.0,220.4276
2025-07-01 16:00:00,1751403600000,220.47,220.47,220.35,220.46,7445.0,220.4318
2025-07-01 16:15:00,1751404500000,220.35,220.46,220.26,220.35,11517.0,220.332
2025-07-01 16:30:00,1751405400000,220.2618,220.36,220.26,220.3494,2961.0,220.3003
2025-07-01 16:45:00,1751406300000,220.35,220.35,220.26,220.26,3757.0,220.311
2025-07-01 17:00:00,1751407200000,220.32,220.59,220.32,220.44,9785.0,220.4586
2025-07-01 17:15:00,1751408100000,220.5,220.6,220.4069,220.4069,5174.0,220.5163
2025-07-01 17:30:00,1751409000000,220.4,220.6,220.4,220.52,8346.0,220.4981
2025-07-01 17:45:00,1751409900000,220.52,220.7,220.52,220.7,8393.0,220.6381
2025-07-01 18:00:00,1751410800000,220.73,220.74,220.63,220.63,4547.0,220.6723
2025-07-01 18:15:00,1751411700000,220.6006,220.7,220.6,220.6,1587.0,220.6408
2025-07-01 18:30:00,1751412600000,220.7,220.86,220.605,220.6998,5989.0,220.751
2025-07-01 18:45:00,1751413500000,220.65,220.8001,220.65,220.69,18067.0,220.7406
2025-07-02 03:00:00,1751443200000,221.36,221.42,220.85,221.31,11398.0,221.2656
2025-07-02 03:15:00,1751444100000,221.36,221.37,221.19,221.33,1712.0,221.326
2025-07-02 03:30:00,1751445000000,221.19,221.22,221.06,221.17,1368.0,221.1609
2025-07-02 03:45:00,1751445900000,221.18,221.19,221.04,221.04,3309.0,221.1116
2025-07-02 04:00:00,1751446800000,221.02,221.02,220.72,220.93,1841.0,220.8597
2025-07-02 04:15:00,1751447700000,220.92,221.01,220.92,221.0,3695.0,220.9808
2025-07-02 04:30:00,1751448600000,221.08,221.08,221.08,221.08,265.0,221.0777
2025-07-02 04:45:00,1751449500000,221.0,221.0,220.95,220.95,856.0,220.9866
2025-07-02 05:00:00,1751450400000,220.93,221.01,220.93,220.99,1849.0,220.9929
2025-07-02 05:15:00,1751451300000,220.94,221.01,220.7,220.7,3387.0,220.852
2025-07-02 05:30:00,1751452200000,220.56,220.56,220.23,220.23,6014.0,220.4909
2025-07-02 05:45:00,1751453100000,220.38,220.38,220.26,220.38,4813.0,220.3335
2025-07-02 06:00:00,1751454000000,220.49,220.54,219.89,220.04,20315.0,220.1343
2025-07-02 06:15:00,1751454900000,220.06,220.1,220.0,220.04,4461.0,220.0605
2025-07-02 06:30:00,1751455800000,220.01,220.08,219.94,220.06,7651.0,220.0005
2025-07-02 06:45:00,1751456700000,219.8,219.81,219.25,219.4,13988.0,219.4738
2025-07-02 07:00:00,1751457600000,219.51,221.65,219.2,219.9994,758476.0,220.442
2025-07-02 07:15:00,1751458500000,220.0,220.0,219.3,219.47,24834.0,219.6783
2025-07-02 07:30:00,1751459400000,219.5,219.58,218.79,218.9,56237.0,219.0887
2025-07-02 07:45:00,1751460300000,218.8993,219.29,218.8025,219.0403,30773.0,219.1031
2025-07-02 08:00:00,1751461200000,219.1599,219.76,218.86,219.55,43315.0,219.2967
2025-07-02 08:15:00,1751462100000,219.55,219.734,219.36,219.6401,46773.0,219.5426
2025-07-02 08:30:00,1751463000000,219.73,220.07,219.06,219.6975,1989046.0,219.6115
2025-07-02 08:45:00,1751463900000,219.685,220.255,219.23,219.34,1648809.0,219.7909
2025-07-02 09:00:00,1751464800000,219.33,220.73,219.22,220.3199,1577830.0,220.213
2025-07-02 09:15:00,1751465700000,220.3,220.59,219.92,220.3,1250712.0,220.2017
2025-07-02 09:30:00,1751466600000,220.31,220.64,219.7738,219.7738,1070895.0,220.3087
2025-07-02 09:45:00,1751467500000,219.78,220.23,219.54,219.86,1114308.0,219.8597
2025-07-02 10:00:00,1751468400000,219.87,221.265,219.87,220.75,1212047.0,220.6948
2025-07-02 10:15:00,1751469300000,220.7597,220.92,220.48,220.62,706194.0,220.7035
2025-07-02 10:30:00,1751470200000,220.63,221.29,220.61,221.2546,1090053.0,221.091
2025-07-02 10:45:00,1751471100000,221.255,221.6,221.065,221.19,823507.0,221.3208
2025-07-02 11:00:00,1751472000000,221.1766,221.53,221.06,221.07,625936.0,221.3301
2025-07-02 11:15:00,1751472900000,221.07,221.35,220.84,220.9301,653160.0,221.0832
2025-07-02 11:30:00,1751473800000,220.93,221.16,220.76,220.88,402839.0,220.9756
2025-07-02 11:45:00,1751474700000,220.89,221.03,220.56,220.73,495056.0,220.7447
2025-07-02 12:00:00,1751475600000,220.73,220.98,220.71,220.75,424230.0,220.8316
2025-07-02 12:15:00,1751476500000,220.74,220.78,220.26,220.305,627491.0,220.5139
2025-07-02 12:30:00,1751477400000,220.29,220.33,220.04,220.13,496535.0,220.1799
2025-07-02 12:45:00,1751478300000,220.12,220.12,219.81,219.8832,586838.0,219.9476
2025-07-02 13:00:00,1751479200000,219.89,220.3399,219.82,220.265,535092.0,220.0894
2025-07-02 13:15:00,1751480100000,220.28,220.37,220.15,220.2502,420057.0,220.2702
2025-07-02 13:30:00,1751481000000,220.25,220.63,220.245,220.51,566270.0,220.4625
2025-07-02 13:45:00,1751481900000,220.51,220.51,220.01,220.08,613291.0,220.2345
2025-07-02 14:00:00,1751482800000,220.0832,220.3,219.96,220.3,613082.0,220.1798
2025-07-02 14:15:00,1751483700000,220.29,220.345,219.8435,219.88,805525.0,220.1113
2025-07-02 14:30:00,1751484600000,219.875,220.165,219.71,219.82,1177308.0,219.9339
2025-07-02 14:45:00,1751485500000,219.82,220.4,219.55,219.88,2813379.0,219.902
2025-07-02 15:00:00,1751486400000,219.92,219.94,219.73,219.8699,721316.0,219.9174
2025-07-02 15:15:00,1751487300000,219.8,219.92,219.75,219.89,20171.0,219.8205
2025-07-02 15:30:00,1751488200000,219.89,220.0,219.8,220.0,30786.0,219.9067
2025-07-02 15:45:00,1751489100000,219.92,220.15,219.92,220.11,11313.0,219.1353
2025-07-02 16:00:00,1751490000000,219.99,220.1199,219.93,219.97,4394.0,219.9302
2025-07-02 16:15:00,1751490900000,220.05,220.05,219.95,220.04,3905.0,220.0102
2025-07-02 16:30:00,1751491800000,220.02,220.08,220.0,220.01,2654.0,219.0569
2025-07-02 16:45:00,1751492700000,220.08,220.08,220.0,220.08,2323.0,220.0464
2025-07-02 17:00:00,1751493600000,219.98,220.08,219.82,219.9199,13711.0,219.7722
2025-07-02 17:15:00,1751494500000,219.8228,220.05,219.8228,220.0322,4621.0,219.952
2025-07-02 17:30:00,1751495400000,219.84,220.02,219.84,220.0,3743.0,219.9639
2025-07-02 17:45:00,1751496300000,220.05,220.1,220.05,220.07,6149.0,220.0754
2025-07-02 18:00:00,1751497200000,220.1,220.2,220.06,220.1,7680.0,220.1224
2025-07-02 18:15:00,1751498100000,220.1,220.12,220.08,220.08,6025.0,220.0888
2025-07-02 18:30:00,1751499000000,220.1,220.1352,220.0505,220.0988,5236.0,220.094
2025-07-02 18:45:00,1751499900000,220.06,220.1,219.99,220.0,15231.0,220.035
2025-07-03 03:00:00,1751529600000,220.21,220.35,220.18,220.35,11512.0,220.2383
2025-07-03 03:15:00,1751530500000,220.37,220.46,220.25,220.28,10876.0,220.3408
2025-07-03 03:30:00,1751531400000,220.32,220.32,220.13,220.2,3228.0,220.2694
2025-07-03 03:45:00,1751532300000,220.13,220.28,220.13,220.28,3236.0,220.2306
2025-07-03 04:00:00,1751533200000,220.12,220.25,220.11,220.25,2199.0,220.1696
2025-07-03 04:15:00,1751534100000,220.3,220.43,220.3,220.42,1503.0,220.3861
2025-07-03 04:30:00,1751535000000,220.35,220.4,220.35,220.35,1922.0,220.3687
2025-07-03 04:45:00,1751535900000,220.38,220.55,220.38,220.53,4977.0,220.4863
2025-07-03 05:00:00,1751536800000,220.48,220.48,220.39,220.44,2473.0,220.4522
2025-07-03 05:15:00,1751537700000,220.56,220.56,220.3,220.49,7365.0,220.4683
2025-07-03 05:30:00,1751538600000,220.48,220.49,220.48,220.48,1404.0,220.4921
2025-07-03 05:45:00,1751539500000,220.57,220.58,220.47,220.47,2130.0,220.5203
2025-07-03 06:00:00,1751540400000,220.51,220.55,220.33,220.48,12539.0,220.4426
2025-07-03 06:15:00,1751541300000,220.45,220.5,220.43,220.43,3517.0,220.4684
2025-07-03 06:30:00,1751542200000,220.4,220.44,220.25,220.25,6439.0,220.371
2025-07-03 06:45:00,1751543100000,220.34,220.43,220.3,220.4,3316.0,220.3684
2025-07-03 07:00:00,1751544000000,220.39,220.5499,219.95,220.4839,66832.0,220.3411
2025-07-03 07:15:00,1751544900000,220.4,220.42,220.22,220.4199,24603.0,220.3438
2025-07-03 07:30:00,1751545800000,220.5,221.43,220.34,220.96,113765.0,221.0751
2025-07-03 07:45:00,1751546700000,220.9889,221.1,220.61,220.96,64176.0,220.8961
2025-07-03 08:00:00,1751547600000,220.9999,221.72,220.98,221.33,175569.0,221.028
2025-07-03 08:15:00,1751548500000,221.35,222.0,221.32,221.83,71934.0,221.6833
2025-07-03 08:30:00,1751549400000,221.82,224.01,221.59,222.5,6203063.0,223.2883
2025-07-03 08:45:00,1751550300000,222.53,223.34,221.81,222.655,2385740.0,222.6947
2025-07-03 09:00:00,1751551200000,222.655,223.41,222.64,222.695,1998597.0,223.0318
2025-07-03 09:15:00,1751552100000,222.7023,222.755,221.36,221.85,2331789.0,221.8457
2025-07-03 09:30:00,1751553000000,221.855,222.1,221.51,221.925,1318882.0,221.8146
2025-07-03 09:45:00,1751553900000,221.9213,222.36,221.88,222.03,1132622.0,222.1253
2025-07-03 10:00:00,1751554800000,222.02,222.53,222.02,222.415,853651.0,222.338
2025-07-03 10:15:00,1751555700000,222.4,222.83,222.26,222.7093,1014591.0,222.5479
2025-07-03 10:30:00,1751556600000,222.69,223.35,222.66,223.3,1082805.0,223.0293
2025-07-03 10:45:00,1751557500000,223.29,223.55,223.18,223.2959,1087187.0,223.3376
2025-07-03 11:00:00,1751558400000,223.305,223.47,223.18,223.2322,1491545.0,223.2983
2025-07-03 11:15:00,1751559300000,223.23,223.235,222.79,222.9996,920242.0,222.9857
2025-07-03 11:30:00,1751560200000,222.985,223.35,222.77,223.34,974803.0,223.0209
2025-07-03 11:45:00,1751561100000,223.34,223.55,222.965,223.29,2295772.0,223.3037
2025-07-03 12:00:00,1751562000000,223.24,223.41,223.24,223.41,2946934.0,223.4098
2025-07-03 15:00:00,1751572800000,223.06,223.18,223.06,223.1201,4791.0,223.1118
2025-07-03 15:15:00,1751573700000,223.1617,223.18,223.1107,223.13,1991.0,223.1474
2025-07-03 15:30:00,1751574600000,223.1585,223.19,223.12,223.16,2796.0,223.1621
2025-07-03 15:45:00,1751575500000,223.18,223.25,223.0,223.01,6885.0,223.1075
2025-07-07 03:00:00,1751875200000,223.02,223.21,222.34,222.53,28866.0,222.7665
2025-07-07 03:15:00,1751876100000,222.57,222.72,222.5,222.64,7470.0,222.613
2025-07-07 03:30:00,1751877000000,222.6,222.87,222.6,222.71,13212.0,222.6901
2025-07-07 03:45:00,1751877900000,222.85,222.85,222.7,222.75,4138.0,222.7416
2025-07-07 04:00:00,1751878800000,222.68,222.8,222.5,222.63,8921.0,222.6486
2025-07-07 04:15:00,1751879700000,222.76,222.76,222.76,222.76,122.0,222.7522
2025-07-07 04:30:00,1751880600000,222.68,222.81,222.67,222.8,2875.0,222.7585
2025-07-07 04:45:00,1751881500000,222.7,223.0,222.69,222.97,5124.0,222.883
2025-07-07 05:00:00,1751882400000,222.95,223.2,222.95,223.2,4983.0,223.0668
2025-07-07 05:15:00,1751883300000,223.12,223.14,223.0,223.02,8726.0,223.0567
2025-07-07 05:30:00,1751884200000,223.04,223.23,223.04,223.15,5652.0,223.1595
2025-07-07 05:45:00,1751885100000,223.12,223.12,223.12,223.12,854.0,223.1261
2025-07-07 06:00:00,1751886000000,223.12,223.35,223.08,223.33,18270.0,223.2199
2025-07-07 06:15:00,1751886900000,223.3,223.75,223.3,223.75,11545.0,223.4141
2025-07-07 06:30:00,1751887800000,223.86,223.95,223.75,223.95,19912.0,223.8507
2025-07-07 06:45:00,1751888700000,223.85,224.1,223.85,224.05,15632.0,224.005
2025-07-07 07:00:00,1751889600000,224.07,224.35,222.28,224.35,140613.0,223.5584
2025-07-07 07:15:00,1751890500000,224.2625,224.6899,224.1317,224.21,86618.0,224.4919
2025-07-07 07:30:00,1751891400000,224.28,224.4706,224.05,224.05,134381.0,223.6672
2025-07-07 07:45:00,1751892300000,224.05,224.1,223.81,223.8407,58725.0,223.9804
2025-07-07 08:00:00,1751893200000,223.89,223.9998,223.5,223.64,59496.0,223.6564
2025-07-07 08:15:00,1751894100000,223.6399,223.65,223.0,223.02,57303.0,223.3795
2025-07-07 08:30:00,1751895000000,223.0,223.7999,222.37,223.6499,3484322.0,223.1771
2025-07-07 08:45:00,1751895900000,223.65,224.0,223.06,223.385,2608527.0,223.6537
2025-07-07 09:00:00,1751896800000,223.385,223.76,222.645,223.19,1390711.0,223.285
2025-07-07 09:15:00,1751897700000,223.18,224.29,223.07,223.9,2139911.0,223.8218
2025-07-07 09:30:00,1751898600000,223.905,223.97,223.5,223.82,973917.0,223.7317
2025-07-07 09:45:00,1751899500000,223.81,223.975,222.77,223.0716,1098347.0,223.4388
2025-07-07 10:00:00,1751900400000,223.07,223.7501,223.07,223.61,894252.0,223.5371
2025-07-07 10:15:00,1751901300000,223.615,224.095,223.48,223.88,907487.0,223.8262
2025-07-07 10:30:00,1751902200000,223.87,224.26,223.8,223.85,1466222.0,224.1051
2025-07-07 10:45:00,1751903100000,223.85,224.105,223.73,223.98,929755.0,223.9065
2025-07-07 11:00:00,1751904000000,223.98,224.265,223.8307,223.8714,1121955.0,224.0252
2025-07-07 11:15:00,1751904900000,223.87,223.94,222.57,223.055,1459489.0,223.2282
2025-07-07 11:30:00,1751905800000,223.0196,223.44,222.955,223.21,661856.0,223.1975
2025-07-07 11:45:00,1751906700000,223.215,223.215,222.45,222.5568,966050.0,222.7634
2025-07-07 12:00:00,1751907600000,222.55,223.17,222.54,223.06,806353.0,222.8237
2025-07-07 12:15:00,1751908500000,223.0745,223.23,222.85,222.95,536663.0,223.0455
2025-07-07 12:30:00,1751909400000,222.94,223.55,222.72,222.98,725877.0,223.0611
2025-07-07 12:45:00,1751910300000,222.9674,223.33,222.94,223.31,862097.0,223.1296
2025-07-07 13:00:00,1751911200000,223.31,223.64,223.28,223.39,648274.0,223.4921
2025-07-07 13:15:00,1751912100000,223.3703,223.3999,222.42,222.51,894311.0,222.769
2025-07-07 13:30:00,1751913000000,222.49,223.08,222.39,223.01,665662.0,222.7061
2025-07-07 13:45:00,1751913900000,223.02,223.54,223.02,223.485,667635.0,223.3573
2025-07-07 14:00:00,1751914800000,223.49,223.6,223.01,223.22,712292.0,223.2828
2025-07-07 14:15:00,1751915700000,223.22,223.5,223.13,223.21,746169.0,223.2958
2025-07-07 14:30:00,1751916600000,223.22,223.3888,222.982,223.097,612240.0,223.1917
2025-07-07 14:45:00,1751917500000,223.12,223.67,222.87,223.48,2258718.0,223.2544
2025-07-07 15:00:00,1751918400000,223.47,223.67,223.07,223.22,658307.0,223.4642
2025-07-07 15:15:00,1751919300000,223.21,223.4,223.12,223.21,22518.0,223.2415
2025-07-07 15:30:00,1751920200000,223.4,223.47,223.01,223.01,11992.0,223.2379
2025-07-07 15:45:00,1751921100000,223.04,223.12,222.8,223.01,19635.0,222.1928
2025-07-07 16:00:00,1751922000000,223.12,223.47,223.0213,223.47,21643.0,223.3918
2025-07-07 16:15:00,1751922900000,223.1099,223.11,222.8,222.81,6367.0,222.9407
2025-07-07 16:30:00,1751923800000,223.1,223.1,222.81,222.95,3879.0,222.9719
2025-07-07 16:45:00,1751924700000,222.85,223.0,222.85,222.98,3590.0,222.9606
2025-07-07 17:00:00,1751925600000,223.0,223.19,222.9869,223.11,4238.0,223.0852
2025-07-07 17:15:00,1751926500000,223.0992,223.1,222.8,223.01,5891.0,222.9518
2025-07-07 17:30:00,1751927400000,222.96,223.07,222.82,222.95,6875.0,222.9565
2025-07-07 17:45:00,1751928300000,223.05,223.05,222.9,223.0493,3105.0,223.0011
2025-07-07 18:00:00,1751929200000,222.9131,223.1,222.91,223.1,9849.0,223.0354
2025-07-07 18:15:00,1751930100000,223.19,223.2916,223.0234,223.13,6267.0,223.1335
2025-07-07 18:30:00,1751931000000,223.0212,223.22,223.0212,223.16,3341.0,223.1634
2025-07-07 18:45:00,1751931900000,223.2,223.22,223.14,223.14,9492.0,223.1988
2025-07-08 03:00:00,1751961600000,224.21,224.41,224.21,224.38,11728.0,224.3142
2025-07-08 03:15:00,1751962500000,224.3,224.35,224.25,224.3,5507.0,224.3058
2025-07-08 03:30:00,1751963400000,224.19,224.38,224.16,224.38,3332.0,224.2514
2025-07-08 03:45:00,1751964300000,224.18,224.33,224.16,224.33,2778.0,224.2622
2025-07-08 04:00:00,1751965200000,224.27,224.5,224.16,224.4,5275.0,224.3486
2025-07-08 04:15:00,1751966100000,224.45,224.48,224.4,224.4,4745.0,224.4353
2025-07-08 04:30:00,1751967000000,224.4,224.49,224.37,224.4,4452.0,224.4216
2025-07-08 04:45:00,1751967900000,224.38,224.46,224.3,224.46,4111.0,224.3546
2025-07-08 05:00:00,1751968800000,224.44,224.45,224.2,224.31,4000.0,224.3196
2025-07-08 05:15:00,1751969700000,224.29,224.4,224.29,224.39,1594.0,224.327
2025-07-08 05:30:00,1751970600000,224.37,224.48,224.35,224.42,4091.0,224.3879
2025-07-08 05:45:00,1751971500000,224.47,224.48,224.3,224.3,8587.0,224.4174
2025-07-08 06:00:00,1751972400000,224.22,224.3,224.11,224.27,33501.0,224.2589
2025-07-08 06:15:00,1751973300000,224.23,224.27,224.1,224.2,13423.0,224.1867
2025-07-08 06:30:00,1751974200000,224.17,224.3,224.17,224.27,8629.0,224.281
2025-07-08 06:45:00,1751975100000,224.29,224.31,224.15,224.2,6164.0,224.2275
2025-07-08 07:00:00,1751976000000,224.22,224.48,223.75,224.2,155265.0,224.134
2025-07-08 07:15:00,1751976900000,224.2499,224.3,224.12,224.22,19540.0,224.2414
2025-07-08 07:30:00,1751977800000,224.1,224.2799,223.85,223.9899,37067.0,224.0078
2025-07-08 07:45:00,1751978700000,223.95,224.16,223.77,223.9981,29909.0,223.9173
2025-07-08 08:00:00,1751979600000,223.98,224.25,223.98,224.2299,15823.0,224.118
2025-07-08 08:15:00,1751980500000,224.23,224.26,223.44,223.97,94984.0,223.9052
2025-07-08 08:30:00,1751981400000,223.915,224.0,222.57,222.89,2975618.0,223.2207
2025-07-08 08:45:00,1751982300000,222.875,223.04,221.97,222.0299,1925888.0,222.5738
2025-07-08 09:00:00,1751983200000,222.015,222.06,220.82,221.13,2319937.0,221.392
2025-07-08 09:15:00,1751984100000,221.14,221.57,220.76,221.13,1563079.0,221.2245
2025-07-08 09:30:00,1751985000000,221.135,222.16,221.02,221.92,1469998.0,221.803
2025-07-08 09:45:00,1751985900000,221.92,222.0103,218.43,219.805,6829352.0,219.7989
2025-07-08 10:00:00,1751986800000,219.81,220.93,219.74,219.965,1970861.0,220.4311
2025-07-08 10:15:00,1751987700000,219.94,220.06,219.41,219.78,1429826.0,219.7477
2025-07-08 10:30:00,1751988600000,219.78,220.25,219.78,220.11,810504.0,220.0553
2025-07-08 10:45:00,1751989500000,220.11,220.73,220.0334,220.31,1057469.0,220.3525
2025-07-08 11:00:00,1751990400000,220.3,220.99,220.265,220.9,772638.0,220.6419
2025-07-08 11:15:00,1751991300000,220.91,221.07,220.7,220.94,976067.0,220.9023
2025-07-08 11:30:00,1751992200000,220.96,221.0099,220.11,220.6601,1048463.0,220.5138
2025-07-08 11:45:00,1751993100000,220.66,220.77,220.27,220.605,682046.0,220.5277
2025-07-08 12:00:00,1751994000000,220.61,220.9995,220.51,220.575,786782.0,220.6921
2025-07-08 12:15:00,1751994900000,220.56,220.72,220.1904,220.56,802372.0,220.4489
2025-07-08 12:30:00,1751995800000,220.55,220.71,220.17,220.3,722643.0,220.3861
2025-07-08 12:45:00,1751996700000,220.29,220.77,220.28,220.7187,680843.0,220.5051
2025-07-08 13:00:00,1751997600000,220.71,220.915,220.43,220.71,723865.0,220.728
2025-07-08 13:15:00,1751998500000,220.71,221.01,220.47,220.47,800334.0,220.6731
2025-07-08 13:30:00,1751999400000,220.47,220.49,220.01,220.0253,833202.0,220.2734
2025-07-08 13:45:00,1752000300000,220.02,220.13,219.66,219.785,967241.0,219.8539
2025-07-08 14:00:00,1752001200000,219.78,219.94,219.59,219.76,886162.0,219.7845
2025-07-08 14:15:00,1752002100000,219.77,220.225,219.63,219.695,1125336.0,219.8898
2025-07-08 14:30:00,1752003000000,219.7,219.73,219.34,219.49,1294535.0,219.5757
2025-07-08 14:45:00,1752003900000,219.49,219.8,219.11,219.34,3775403.0,219.429
2025-07-08 15:00:00,1752004800000,219.36,219.4592,219.15,219.15,690229.0,219.3615
2025-07-08 15:15:00,1752005700000,219.36,219.47,219.2707,219.3603,56711.0,219.386
2025-07-08 15:30:00,1752006600000,219.38,219.58,219.31,219.58,18635.0,219.4537
2025-07-08 15:45:00,1752007500000,219.5,219.64,219.36,219.6,58688.0,219.4481
2025-07-08 16:00:00,1752008400000,219.5501,219.58,219.5009,219.5799,311365.0,219.366
2025-07-08 16:15:00,1752009300000,219.58,219.9,219.58,219.8723,45436.0,219.7495
2025-07-08 16:30:00,1752010200000,219.85,219.85,219.78,219.8,19639.0,219.8079
2025-07-08 16:45:00,1752011100000,219.8,219.84,219.7,219.75,36386.0,219.7942
2025-07-08 17:00:00,1752012000000,219.75,219.85,219.7,219.7397,7388.0,219.7703
2025-07-08 17:15:00,1752012900000,219.7,219.74,219.68,219.74,2511.0,219.7034
2025-07-08 17:30:00,1752013800000,219.74,219.74,219.67,219.7186,4304.0,219.7116
2025-07-08 17:45:00,1752014700000,219.67,219.73,219.66,219.6612,3071.0,219.6877
2025-07-08 18:00:00,1752015600000,219.67,219.7982,219.6614,219.7978,8090.0,219.733
2025-07-08 18:15:00,1752016500000,219.722,219.84,219.6,219.8293,10676.0,219.7301
2025-07-08 18:30:00,1752017400000,219.79,219.79,219.4512,219.64,15423.0,219.5585
2025-07-08 18:45:00,1752018300000,219.63,219.69,219.56,219.69,10801.0,219.6199
2025-07-09 03:00:00,1752048000000,219.62,219.97,219.62,219.83,5404.0,219.8686
2025-07-09 03:15:00,1752048900000,219.88,219.94,219.83,219.89,6923.0,219.8701
2025-07-09 03:30:00,1752049800000,219.91,220.0,219.9,220.0,2291.0,219.9523
2025-07-09 03:45:00,1752050700000,219.95,219.98,219.84,219.98,2658.0,219.8914
2025-07-09 04:00:00,1752051600000,219.97,220.14,219.97,220.14,8649.0,220.0191
2025-07-09 04:15:00,1752052500000,220.14,220.25,220.14,220.25,8569.0,220.2409
2025-07-09 04:30:00,1752053400000,220.24,220.44,220.24,220.44,2649.0,220.3232
2025-07-09 04:45:00,1752054300000,220.37,220.37,220.25,220.25,3262.0,220.3073
2025-07-09 05:00:00,1752055200000,220.16,220.22,220.06,220.11,5023.0,220.1515
2025-07-09 05:15:00,1752056100000,220.11,220.14,220.11,220.12,1533.0,220.1232
2025-07-09 05:30:00,1752057000000,220.14,220.16,219.87,219.88,7623.0,220.0169
2025-07-09 05:45:00,1752057900000,219.84,219.89,219.83,219.83,5603.0,219.8491
2025-07-09 06:00:00,1752058800000,220.0,220.05,219.9,220.05,5838.0,219.9845
2025-07-09 06:15:00,1752059700000,220.06,220.36,220.05,220.36,9293.0,220.1671
2025-07-09 06:30:00,1752060600000,220.39,220.5,220.22,220.22,22692.0,220.3954
2025-07-09 06:45:00,1752061500000,220.29,220.45,220.29,220.3,4555.0,220.3393
2025-07-09 07:00:00,1752062400000,219.9,220.5,219.49,220.3001,104395.0,220.1454
2025-07-09 07:15:00,1752063300000,220.3,220.349,220.23,220.3,20773.0,220.3041
2025-07-09 07:30:00,1752064200000,220.3485,220.8,220.23,220.8,39998.0,220.4979
2025-07-09 07:45:00,1752065100000,220.8,221.6,220.8,221.19,123490.0,221.2095
2025-07-09 08:00:00,1752066000000,221.14,221.4989,221.06,221.32,73145.0,221.3411
2025-07-09 08:15:00,1752066900000,221.3128,221.33,220.56,221.02,90025.0,221.0587
2025-07-09 08:30:00,1752067800000,221.07,222.49,220.63,222.425,3122452.0,221.5872
2025-07-09 08:45:00,1752068700000,222.4397,223.69,222.435,223.36,2919025.0,223.1967
2025-07-09 09:00:00,1752069600000,223.39,224.29,223.37,223.86,3352898.0,223.9593
2025-07-09 09:15:00,1752070500000,223.87,223.89,222.75,222.89,1672432.0,223.2096
2025-07-09 09:30:00,1752071400000,222.89,222.89,222.0,222.2,1780514.0,222.3191
2025-07-09 09:45:00,1752072300000,222.2,222.43,221.42,221.77,1013155.0,221.7838
2025-07-09 10:00:00,1752073200000,221.74,222.0398,221.545,221.7,905455.0,221.7857
2025-07-09 10:15:00,1752074100000,221.695,222.54,221.45,222.37,1007139.0,222.0731
2025-07-09 10:30:00,1752075000000,222.365,223.1,222.2047,223.06,858655.0,222.6771
2025-07-09 10:45:00,1752075900000,223.06,223.1,222.2,222.27,719263.0,222.6798
2025-07-09 11:00:00,1752076800000,222.27,222.75,222.0701,222.26,670194.0,222.4381
2025-07-09 11:15:00,1752077700000,222.26,222.52,222.11,222.41,563411.0,222.3072
2025-07-09 11:30:00,1752078600000,222.4106,222.6972,222.36,222.66,406484.0,222.5149
2025-07-09 11:45:00,1752079500000,222.65,223.03,222.65,222.8087,566772.0,222.8706
2025-07-09 12:00:00,1752080400000,222.8,222.8404,222.41,222.4347,556443.0,222.6204
2025-07-09 12:15:00,1752081300000,222.43,222.72,222.35,222.6065,467127.0,222.5175
2025-07-09 12:30:00,1752082200000,222.6,222.685,222.3848,222.43,383541.0,222.5509
2025-07-09 12:45:00,1752083100000,222.43,222.5,220.47,222.2004,4201124.0,221.4901
2025-07-09 13:00:00,1752084000000,222.2,222.7898,222.2,222.4854,886691.0,222.5419
2025-07-09 13:15:00,1752084900000,222.495,222.62,222.16,222.41,477656.0,222.3963
2025-07-09 13:30:00,1752085800000,222.39,222.67,222.37,222.5228,411161.0,222.5489
2025-07-09 13:45:00,1752086700000,222.52,222.63,222.375,222.51,492737.0,222.491
2025-07-09 14:00:00,1752087600000,222.51,222.59,222.29,222.375,623670.0,222.4855
2025-07-09 14:15:00,1752088500000,222.38,222.79,222.365,222.5807,1218062.0,222.5454
2025-07-09 14:30:00,1752089400000,222.59,222.65,222.33,222.47,911422.0,222.4848
2025-07-09 14:45:00,1752090300000,222.46,222.84,222.25,222.46,2519216.0,222.459
2025-07-09 15:00:00,1752091200000,222.54,222.54,222.18,222.46,700956.0,222.5253
2025-07-09 15:15:00,1752092100000,222.44,222.54,222.2601,222.2601,117684.0,222.5037
2025-07-09 15:30:00,1752093000000,222.2701,222.5,222.26,222.27,24966.0,222.1195
2025-07-09 15:45:00,1752093900000,222.243,222.54,222.2,222.2,41476.0,220.7566
2025-07-09 16:00:00,1752094800000,222.2103,222.28,222.1,222.27,17106.0,222.158
2025-07-09 16:15:00,1752095700000,222.0806,222.24,222.08,222.2,7483.0,222.174
2025-07-09 16:30:00,1752096600000,222.17,222.25,222.1,222.1,15359.0,222.1534
2025-07-09 16:45:00,1752097500000,222.2,222.21,222.06,222.1,19462.0,222.1136
2025-07-09 17:00:00,1752098400000,222.17,222.3,222.0324,222.3,6922.0,222.1474
2025-07-09 17:15:00,1752099300000,222.3615,222.5099,222.33,222.41,15133.0,222.4455
2025-07-09 17:30:00,1752100200000,222.4106,222.54,222.36,222.52,16985.0,222.4629
2025-07-09 17:45:00,1752101100000,222.5,222.54,222.26,222.3,10411.0,222.472
2025-07-09 18:00:00,1752102000000,222.3,222.37,222.215,222.28,3151.0,222.2565
2025-07-09 18:15:00,1752102900000,222.2325,222.2899,222.1501,222.1501,5705.0,222.2224
2025-07-09 18:30:00,1752103800000,222.19,222.2,222.09,222.15,8944.0,222.1521
2025-07-09 18:45:00,1752104700000,222.08,222.3,222.08,222.3,5120.0,222.1434
2025-07-10 03:00:00,1752134400000,221.9,221.91,221.62,221.67,13617.0,221.7786
2025-07-10 03:15:00,1752135300000,221.71,221.85,221.71,221.8,7564.0,221.7878
2025-07-10 03:30:00,1752136200000,221.78,221.85,221.77,221.84,3306.0,221.8064
2025-07-10 03:45:00,1752137100000,221.75,221.84,221.71,221.79,5064.0,221.7874
2025-07-10 04:00:00,1752138000000,221.83,221.87,221.77,221.87,2033.0,221.8293
2025-07-10 04:15:00,1752138900000,221.84,221.89,221.61,221.76,8077.0,221.7436
2025-07-10 04:30:00,1752139800000,221.61,221.7,221.59,221.6,2389.0,221.6574
2025-07-10 04:45:00,1752140700000,221.63,221.82,221.61,221.7,5956.0,221.7417
2025-07-10 05:15:00,1752142500000,221.73,221.73,221.66,221.66,2871.0,221.7074
2025-07-10 05:30:00,1752143400000,221.78,221.79,221.7,221.75,3366.0,221.7066
2025-07-10 05:45:00,1752144300000,221.74,221.79,221.74,221.77,1043.0,221.7552
2025-07-10 06:00:00,1752145200000,221.7,221.92,221.66,221.81,23155.0,221.8207
2025-07-10 06:15:00,1752146100000,221.81,221.83,221.67,221.73,14612.0,221.7717
2025-07-10 06:30:00,1752147000000,221.8,221.92,221.75,221.91,12669.0,221.8481
2025-07-10 06:45:00,1752147900000,221.91,221.92,221.84,221.87,12333.0,221.8957
2025-07-10 07:00:00,1752148800000,221.89,221.99,221.54,221.7804,97916.0,221.8147
2025-07-10 07:15:00,1752149700000,221.782,221.91,221.74,221.8897,17702.0,221.8352
2025-07-10 07:30:00,1752150600000,221.89,221.92,221.62,221.69,25214.0,221.7744
2025-07-10 07:45:00,1752151500000,221.81,221.86,221.6,221.7511,29991.0,221.7251
2025-07-10 08:00:00,1752152400000,221.77,221.9,221.68,221.8399,33286.0,221.8043
2025-07-10 08:15:00,1752153300000,221.84,221.9,221.53,221.58,44712.0,221.7564
2025-07-10 08:30:00,1752154200000,221.55,222.3685,221.15,221.2599,2383896.0,221.5576
2025-07-10 08:45:00,1752155100000,221.25,221.29,220.215,220.565,2403872.0,220.8035
2025-07-10 09:00:00,1752156000000,220.56,220.67,219.7,220.63,1786233.0,220.1598
2025-07-10 09:15:00,1752156900000,220.6423,221.09,219.94,220.26,1204560.0,220.4885
2025-07-10 09:30:00,1752157800000,220.27,220.95,220.26,220.6603,1032984.0,220.6015
2025-07-10 09:45:00,1752158700000,220.6647,221.33,220.61,221.28,1053251.0,221.1094
2025-07-10 10:00:00,1752159600000,221.29,221.5704,220.79,220.805,1362781.0,221.1952
2025-07-10 10:15:00,1752160500000,220.82,221.76,220.79,221.6347,739428.0,221.3885
2025-07-10 10:30:00,1752161400000,221.63,221.7,221.2,221.415,588998.0,221.4152
2025-07-10 10:45:00,1752162300000,221.41,222.12,221.35,222.11,788912.0,221.7325
2025-07-10 11:00:00,1752163200000,222.1,222.22,221.54,221.955,1127973.0,221.8966
2025-07-10 11:15:00,1752164100000,221.95,222.2299,221.765,222.085,769685.0,222.0005
2025-07-10 11:30:00,1752165000000,222.09,222.125,221.79,222.05,742354.0,221.9747
2025-07-10 11:45:00,1752165900000,222.05,222.22,221.76,222.025,563526.0,222.0174
2025-07-10 12:00:00,1752166800000,222.02,222.61,222.01,222.285,790408.0,222.384
2025-07-10 12:15:00,1752167700000,222.2847,222.45,222.17,222.29,706750.0,222.3224
2025-07-10 12:30:00,1752168600000,222.29,222.73,222.29,222.5701,722141.0,222.5377
2025-07-10 12:45:00,1752169500000,222.585,222.79,222.35,222.67,583353.0,222.5228
2025-07-10 13:00:00,1752170400000,222.66,222.77,222.49,222.705,504298.0,222.6336
2025-07-10 13:15:00,1752171300000,222.715,222.77,222.48,222.6,568922.0,222.6282
2025-07-10 13:30:00,1752172200000,222.6,222.66,222.4387,222.45,581105.0,222.5828
2025-07-10 13:45:00,1752173100000,222.44,222.51,222.07,222.13,468231.0,222.2715
2025-07-10 14:00:00,1752174000000,222.13,222.29,222.12,222.2,439003.0,222.2132
2025-07-10 14:15:00,1752174900000,222.21,222.255,221.93,222.06,582895.0,222.0684
2025-07-10 14:30:00,1752175800000,222.05,222.46,221.92,222.3513,759027.0,222.2405
2025-07-10 14:45:00,1752176700000,222.355,222.425,221.7,222.28,2029153.0,222.1823
2025-07-10 15:00:00,1752177600000,222.26,222.26,221.8559,221.91,231434.0,222.2372
2025-07-10 15:15:00,1752178500000,222.13,223.45,222.1,223.33,136872.0,222.8668
2025-07-10 15:30:00,1752179400000,223.33,223.55,223.12,223.31,84638.0,223.2915
2025-07-10 15:45:00,1752180300000,223.43,223.74,222.26,223.53,61920.0,223.296
2025-07-10 16:00:00,1752181200000,223.56,223.9,223.46,223.78,49756.0,223.6313
2025-07-10 16:15:00,1752182100000,223.72,223.77,223.52,223.53,27373.0,223.6036
2025-07-10 16:30:00,1752183000000,223.56,223.6,223.4,223.49,23862.0,223.4842
2025-07-10 16:45:00,1752183900000,223.49,223.6,223.49,223.5,12651.0,223.5274
2025-07-10 17:00:00,1752184800000,223.52,223.9,223.5,223.7,21449.0,223.7461
2025-07-10 17:15:00,1752185700000,223.7,223.71,223.6,223.6102,6963.0,223.6548
2025-07-10 17:30:00,1752186600000,223.61,223.6999,223.61,223.68,4132.0,223.6523
2025-07-10 17:45:00,1752187500000,223.62,223.66,223.6,223.65,4100.0,223.6309
2025-07-10 18:00:00,1752188400000,223.63,223.8,223.61,223.8,9309.0,223.7268
2025-07-10 18:15:00,1752189300000,223.7805,223.79,223.6316,223.65,5241.0,223.7351
2025-07-10 18:30:00,1752190200000,223.6991,223.8,223.63,223.72,13554.0,223.7144
2025-07-10 18:45:00,1752191100000,223.74,223.7945,223.7,223.73,18971.0,223.74
2025-07-11 03:00:00,1752220800000,222.25,222.79,221.14,221.32,35770.0,221.656
2025-07-11 03:15:00,1752221700000,221.33,221.46,221.08,221.46,23015.0,221.2927
2025-07-11 03:30:00,1752222600000,221.54,221.8,221.33,221.76,8084.0,221.5749
2025-07-11 03:45:00,1752223500000,221.7,221.94,221.5,221.72,14892.0,221.7318
2025-07-11 04:00:00,1752224400000,222.0,222.15,221.7,221.75,18405.0,221.8972
2025-07-11 04:15:00,1752225300000,221.94,222.0,221.8,221.8,4836.0,221.953
2025-07-11 04:30:00,1752226200000,221.8,222.5,221.8,222.5,23711.0,222.2669
2025-07-11 04:45:00,1752227100000,222.37,222.7,221.89,221.89,17006.0,222.3435
2025-07-11 05:00:00,1752228000000,221.8,222.19,221.8,222.12,6115.0,222.0397
2025-07-11 05:15:00,1752228900000,222.27,222.45,222.15,222.19,12072.0,222.3034
2025-07-11 05:30:00,1752229800000,222.38,222.5,222.28,222.4,14865.0,222.3855
2025-07-11 05:45:00,1752230700000,222.43,222.93,222.42,222.55,34380.0,222.7012
2025-07-11 06:00:00,1752231600000,222.61,223.0,222.56,222.9,43703.0,222.8286
2025-07-11 06:15:00,1752232500000,222.9,223.1,222.87,223.1,16301.0,222.9667
2025-07-11 06:30:00,1752233400000,223.14,223.45,223.04,223.28,41814.0,223.2456
2025-07-11 06:45:00,1752234300000,223.25,223.85,223.25,223.55,45058.0,223.5928
2025-07-11 07:00:00,1752235200000,223.2,224.05,221.34,223.93,235451.0,223.2735
2025-07-11 07:15:00,1752236100000,223.9,223.96,223.05,223.08,72531.0,223.3528
2025-07-11 07:30:00,1752237000000,223.04,223.35,222.77,223.05,120575.0,223.0329
2025-07-11 07:45:00,1752237900000,223.11,223.5,223.1099,223.35,44842.0,223.4005
2025-07-11 08:00:00,1752238800000,223.35,223.39,222.9,223.15,57886.0,223.1322
2025-07-11 08:15:00,1752239700000,223.1,224.17,222.9,223.47,201293.0,223.5472
2025-07-11 08:30:00,1752240600000,223.58,224.77,222.37,222.585,4802557.0,223.7394
2025-07-11 08:45:00,1752241500000,222.57,224.45,222.53,224.31,2812168.0,223.8695
2025-07-11 09:00:00,1752242400000,224.3,224.6891,224.06,224.29,2787764.0,224.3651
2025-07-11 09:15:00,1752243300000,224.295,224.88,224.145,224.3756,3134089.0,224.5444
2025-07-11 09:30:00,1752244200000,224.4,224.46,224.23,224.38,1243491.0,224.3506
2025-07-11 09:45:00,1752245100000,224.36,224.85,223.73,224.83,2049046.0,224.2393
2025-07-11 10:00:00,1752246000000,224.82,225.29,224.18,224.29,3287793.0,224.8272
2025-07-11 10:15:00,1752246900000,224.27,224.63,224.22,224.53,1368611.0,224.4385
2025-07-11 10:30:00,1752247800000,224.525,225.48,224.523,225.33,2146995.0,225.1143
2025-07-11 10:45:00,1752248700000,225.32,225.84,225.2,225.75,2726142.0,225.519
2025-07-11 11:00:00,1752249600000,225.74,225.76,225.11,225.43,1525547.0,225.4374
2025-07-11 11:15:00,1752250500000,225.43,225.5,225.015,225.2601,895215.0,225.2946
2025-07-11 11:30:00,1752251400000,225.27,225.31,224.845,224.91,773719.0,225.113
2025-07-11 11:45:00,1752252300000,224.9,225.5,224.875,225.45,744650.0,225.2456
2025-07-11 12:00:00,1752253200000,225.455,225.54,225.24,225.525,793448.0,225.39
2025-07-11 12:15:00,1752254100000,225.54,225.76,225.3,225.58,932035.0,225.5904
2025-07-11 12:30:00,1752255000000,225.58,225.75,224.95,225.355,912844.0,225.3327
2025-07-11 12:45:00,1752255900000,225.36,225.9,225.32,225.795,1017536.0,225.7118
2025-07-11 13:00:00,1752256800000,225.79,226.6799,225.74,226.61,1809648.0,226.2093
2025-07-11 13:15:00,1752257700000,226.61,226.635,225.95,226.1,1021770.0,226.189
2025-07-11 13:30:00,1752258600000,226.095,226.195,225.96,226.09,767327.0,226.0771
2025-07-11 13:45:00,1752259500000,226.095,226.145,225.69,225.7,973372.0,225.8854
2025-07-11 14:00:00,1752260400000,225.695,225.835,225.08,225.7218,1181934.0,225.5752
2025-07-11 14:15:00,1752261300000,225.73,226.11,225.68,225.79,1018077.0,225.9018
2025-07-11 14:30:00,1752262200000,225.79,225.79,225.06,225.089,1345332.0,225.3754
2025-07-11 14:45:00,1752263100000,225.08,225.61,224.96,224.99,3151029.0,225.2439
2025-07-11 15:00:00,1752264000000,225.02,225.06,224.79,224.9,540675.0,225.0115
2025-07-11 15:15:00,1752264900000,224.9,225.0,224.8999,224.969,19220.0,224.9365
2025-07-11 15:30:00,1752265800000,224.91,224.99,224.9,224.95,10204.0,224.9421
2025-07-11 15:45:00,1752266700000,225.02,225.04,224.93,225.0,43712.0,224.9793
2025-07-11 16:00:00,1752267600000,225.05,225.05,224.9038,225.0005,15717.0,224.95
2025-07-11 16:15:00,1752268500000,225.05,225.19,224.91,225.0,10947.0,225.0164
2025-07-11 16:30:00,1752269400000,224.98,225.0,224.92,224.95,8083.0,224.9669
2025-07-11 16:45:00,1752270300000,224.92,225.0,224.92,224.9304,7400.0,224.9247
2025-07-11 17:00:00,1752271200000,224.93,225.0,224.93,224.9701,1045.0,224.9604
2025-07-11 17:15:00,1752272100000,224.9997,225.0,224.92,224.9994,1376.0,224.9791
2025-07-11 17:30:00,1752273000000,224.98,224.98,224.92,224.92,4004.0,224.9487
2025-07-11 17:45:00,1752273900000,224.95,224.95,224.92,224.9201,2058.0,224.9367
2025-07-11 18:00:00,1752274800000,224.98,224.98,224.92,224.9201,1085.0,224.9436
2025-07-11 18:15:00,1752275700000,224.98,224.9805,224.92,224.9208,2759.0,224.9519
2025-07-11 18:30:00,1752276600000,224.92,224.99,224.9083,224.9083,1972.0,224.928
2025-07-11 18:45:00,1752277500000,224.9,224.95,224.62,224.95,9571.0,224.7984
2025-07-14 03:00:00,1752480000000,224.78,224.78,223.61,223.74,24596.0,223.8563
2025-07-14 03:15:00,1752480900000,223.71,223.71,223.32,223.33,7146.0,223.56
2025-07-14 03:30:00,1752481800000,223.49,223.54,223.4,223.5,6327.0,223.4792
2025-07-14 03:45:00,1752482700000,223.6,223.94,223.52,223.79,5673.0,223.7411
2025-07-14 04:00:00,1752483600000,223.76,223.82,223.66,223.71,3419.0,223.7344
2025-07-14 04:15:00,1752484500000,223.7,224.0,223.6,223.98,11129.0,223.8101
2025-07-14 04:30:00,1752485400000,223.93,224.18,223.93,224.18,6172.0,224.0458
2025-07-14 04:45:00,1752486300000,224.16,224.2,224.02,224.08,2472.0,224.1365
2025-07-14 05:00:00,1752487200000,224.12,224.12,223.92,224.07,4449.0,224.018
2025-07-14 05:15:00,1752488100000,224.05,224.05,223.87,223.88,4239.0,223.9074
2025-07-14 05:30:00,1752489000000,223.83,223.92,223.79,223.92,3007.0,223.867
2025-07-14 05:45:00,1752489900000,223.95,224.28,223.95,224.28,16450.0,224.149
2025-07-14 06:00:00,1752490800000,224.16,224.95,224.15,224.75,41603.0,224.4472
2025-07-14 06:15:00,1752491700000,224.82,224.82,224.2,224.35,23701.0,224.4523
2025-07-14 06:30:00,1752492600000,224.49,225.0,224.4,225.0,35902.0,224.7843
2025-07-14 06:45:00,1752493500000,225.05,225.2,224.9,225.051,20064.0,225.0531
2025-07-14 07:00:00,1752494400000,225.05,225.25,223.13,224.94,127723.0,224.4815
2025-07-14 07:15:00,1752495300000,224.85,225.19,224.77,225.06,26732.0,225.001
2025-07-14 07:30:00,1752496200000,225.18,225.19,224.95,225.12,33538.0,225.0679
2025-07-14 07:45:00,1752497100000,225.12,225.19,225.0,225.0999,34406.0,225.0997
2025-07-14 08:00:00,1752498000000,225.04,225.11,224.91,224.9701,22160.0,224.9952
2025-07-14 08:15:00,1752498900000,224.99,225.54,224.95,225.05,108627.0,225.1468
2025-07-14 08:30:00,1752499800000,225.07,226.01,224.41,224.57,3663193.0,225.1421
2025-07-14 08:45:00,1752500700000,224.56,226.25,224.24,225.985,3278064.0,225.6232
2025-07-14 09:00:00,1752501600000,225.985,226.33,225.16,225.17,1841420.0,225.8371
2025-07-14 09:15:00,1752502500000,225.1744,225.8799,225.04,225.32,1351534.0,225.471
2025-07-14 09:30:00,1752503400000,225.32,226.15,225.13,225.9,1142835.0,225.6897
2025-07-14 09:45:00,1752504300000,225.89,226.31,225.82,226.27,1148274.0,226.0829
2025-07-14 10:00:00,1752505200000,226.27,226.66,225.9,226.0696,1459755.0,226.3631
2025-07-14 10:15:00,1752506100000,226.08,226.18,225.65,225.88,793982.0,225.8707
2025-07-14 10:30:00,1752507000000,225.88,225.94,225.53,225.6,688019.0,225.7118
2025-07-14 10:45:00,1752507900000,225.62,225.74,225.43,225.73,502011.0,225.5663
2025-07-14 11:00:00,1752508800000,225.73,225.93,225.5517,225.91,523483.0,225.7186
2025-07-14 11:15:00,1752509700000,225.905,226.05,225.64,225.995,912054.0,225.9112
2025-07-14 11:30:00,1752510600000,226.0,226.15,225.79,225.82,823242.0,226.0028
2025-07-14 11:45:00,1752511500000,225.82,225.97,225.48,225.88,624418.0,225.7638
2025-07-14 12:00:00,1752512400000,225.885,226.09,225.875,226.06,515873.0,225.9853
2025-07-14 12:15:00,1752513300000,226.06,226.165,225.685,225.755,537736.0,225.9677
2025-07-14 12:30:00,1752514200000,225.77,226.15,225.77,225.908,496050.0,225.9483
2025-07-14 12:45:00,1752515100000,225.9,225.9,225.475,225.5532,597065.0,225.6588
2025-07-14 13:00:00,1752516000000,225.555,225.6253,225.3,225.4087,514101.0,225.4831
2025-07-14 13:15:00,1752516900000,225.4,225.55,225.16,225.45,636877.0,225.3759
2025-07-14 13:30:00,1752517800000,225.46,225.485,225.06,225.285,632573.0,225.2877
2025-07-14 13:45:00,1752518700000,225.295,225.4798,225.18,225.2902,463307.0,225.332
2025-07-14 14:00:00,1752519600000,225.31,225.55,225.3,225.49,648973.0,225.4183
2025-07-14 14:15:00,1752520500000,225.49,225.63,225.22,225.3335,734869.0,225.408
2025-07-14 14:30:00,1752521400000,225.32,225.37,224.915,225.03,1004791.0,225.1269
2025-07-14 14:45:00,1752522300000,225.03,225.74,224.97,225.63,1943792.0,225.4425
2025-07-14 15:00:00,1752523200000,225.69,225.69,225.4096,225.57,112504.0,225.674
2025-07-14 15:15:00,1752524100000,225.5017,225.5884,225.405,225.42,11684.0,225.6097
2025-07-14 15:30:00,1752525000000,225.4981,225.69,225.4123,225.59,10106.0,225.5793
2025-07-14 15:45:00,1752525900000,225.55,225.56,225.4428,225.53,8819.0,225.4258
2025-07-14 16:00:00,1752526800000,225.41,225.6,225.41,225.491,9292.0,224.7526
2025-07-14 16:15:00,1752527700000,225.54,225.69,225.54,225.58,8040.0,225.6091
2025-07-14 16:30:00,1752528600000,225.52,225.58,225.49,225.5012,7467.0,223.4409
2025-07-14 16:45:00,1752529500000,225.58,225.6,225.5087,225.59,4196.0,225.5753
2025-07-14 17:00:00,1752530400000,225.5,225.51,225.47,225.5001,2171.0,225.4817
2025-07-14 17:15:00,1752531300000,225.53,225.53,225.3118,225.3118,3239.0,225.4296
2025-07-14 17:30:00,1752532200000,225.32,225.35,225.3118,225.35,2065.0,225.3258
2025-07-14 17:45:00,1752533100000,225.4,225.4601,225.4,225.4601,2146.0,225.4186
2025-07-14 18:00:00,1752534000000,225.45,225.45,225.32,225.35,1342.0,225.3966
2025-07-14 18:15:00,1752534900000,225.32,225.3384,225.31,225.3384,660.0,225.3249
2025-07-14 18:30:00,1752535800000,225.35,225.35,225.3234,225.3234,1400.0,225.3462
2025-07-14 18:45:00,1752536700000,225.36,225.36,225.25,225.3,5013.0,225.318
2025-07-15 03:00:00,1752566400000,225.69,226.34,225.69,225.83,18959.0,225.9045
2025-07-15 03:15:00,1752567300000,225.93,225.93,225.57,225.88,6165.0,225.737
2025-07-15 03:30:00,1752568200000,225.79,225.81,225.68,225.81,2296.0,225.7449
2025-07-15 03:45:00,1752569100000,225.8,225.87,225.61,225.69,4058.0,225.7548
2025-07-15 04:00:00,1752570000000,225.61,225.64,225.42,225.42,3406.0,225.5476
2025-07-15 04:15:00,1752570900000,225.4,225.76,225.4,225.62,7694.0,225.6089
2025-07-15 04:30:00,1752571800000,225.67,225.91,225.67,225.91,8249.0,225.8206
2025-07-15 04:45:00,1752572700000,225.82,226.2,225.78,226.01,18845.0,226.0055
2025-07-15 05:00:00,1752573600000,226.07,226.07,226.06,226.07,1152.0,226.042
2025-07-15 05:15:00,1752574500000,226.03,226.36,226.0,226.26,16779.0,226.1677
2025-07-15 05:30:00,1752575400000,226.26,226.3,226.17,226.17,6103.0,226.2597
2025-07-15 05:45:00,1752576300000,226.14,226.14,225.91,226.12,10492.0,226.0031
2025-07-15 06:00:00,1752577200000,226.06,226.39,226.05,226.36,19479.0,226.1911
2025-07-15 06:15:00,1752578100000,226.3,226.45,226.2,226.31,8706.0,226.3187
2025-07-15 06:30:00,1752579000000,226.32,226.42,226.26,226.35,10784.0,226.3528
2025-07-15 06:45:00,1752579900000,226.25,226.38,226.11,226.38,4095.0,226.2403
2025-07-15 07:00:00,1752580800000,226.33,226.44,225.34,226.09,100943.0,226.1226
2025-07-15 07:15:00,1752581700000,226.11,226.12,225.71,225.92,27161.0,225.9058
2025-07-15 07:30:00,1752582600000,225.96,226.65,225.96,226.12,62716.0,226.3778
2025-07-15 07:45:00,1752583500000,226.12,226.5,226.12,226.39,21972.0,226.3651
2025-07-15 08:00:00,1752584400000,226.4,226.4297,226.21,226.36,23810.0,226.3657
2025-07-15 08:15:00,1752585300000,226.36,226.96,226.05,226.19,89501.0,226.4854
2025-07-15 08:30:00,1752586200000,226.2,227.19,225.455,226.21,3231706.0,226.2658
2025-07-15 08:45:00,1752587100000,226.21,226.95,225.86,226.8205,1633457.0,226.4435
2025-07-15 09:00:00,1752588000000,226.84,227.2,226.7,226.97,2098812.0,226.9473
2025-07-15 09:15:00,1752588900000,226.97,227.14,226.6,226.86,1757750.0,226.9148
2025-07-15 09:30:00,1752589800000,226.835,226.9,225.8515,226.07,1343536.0,226.3962
2025-07-15 09:45:00,1752590700000,226.055,226.45,225.565,225.67,994989.0,226.0709
2025-07-15 10:00:00,1752591600000,225.68,226.27,225.64,226.02,1040275.0,225.9807
2025-07-15 10:15:00,1752592500000,226.04,226.73,226.0205,226.68,923261.0,226.4003
2025-07-15 10:30:00,1752593400000,226.67,226.74,226.3812,226.59,687217.0,226.5898
2025-07-15 10:45:00,1752594300000,226.5826,227.03,226.575,226.97,1286727.0,226.9289
2025-07-15 11:00:00,1752595200000,226.98,227.27,226.48,226.775,1406662.0,226.9231
2025-07-15 11:15:00,1752596100000,226.77,226.85,226.47,226.6,810453.0,226.6744
2025-07-15 11:30:00,1752597000000,226.59,226.7,226.15,226.215,667405.0,226.4152
2025-07-15 11:45:00,1752597900000,226.21,226.51,225.86,225.91,785793.0,226.2202
2025-07-15 12:00:00,1752598800000,225.91,226.4,225.75,225.965,937632.0,226.0227
2025-07-15 12:15:00,1752599700000,225.9597,226.1351,225.78,225.96,520655.0,225.9711
2025-07-15 12:30:00,1752600600000,225.96,226.5,225.9519,226.4975,630344.0,226.2752
2025-07-15 12:45:00,1752601500000,226.4804,226.82,226.33,226.79,470854.0,226.572
2025-07-15 13:00:00,1752602400000,226.79,227.04,226.76,226.84,983650.0,226.9135
2025-07-15 13:15:00,1752603300000,226.8301,226.99,226.765,226.84,575961.0,226.8935
2025-07-15 13:30:00,1752604200000,226.84,226.925,226.53,226.77,601458.0,226.7616
2025-07-15 13:45:00,1752605100000,226.77,226.865,226.2,226.23,672927.0,226.5731
2025-07-15 14:00:00,1752606000000,226.21,226.43,226.11,226.41,569324.0,226.2831
2025-07-15 14:15:00,1752606900000,226.41,226.72,226.25,226.3,725390.0,226.4405
2025-07-15 14:30:00,1752607800000,226.31,227.07,226.31,226.9496,974355.0,226.7104
2025-07-15 14:45:00,1752608700000,226.96,227.15,226.24,226.3,2498497.0,226.6376
2025-07-15 15:00:00,1752609600000,226.35,226.35,225.7983,226.0,687699.0,226.3204
2025-07-15 15:15:00,1752610500000,226.07,226.29,226.0,226.24,16002.0,226.0939
2025-07-15 15:30:00,1752611400000,226.1,226.35,225.8,226.2,42084.0,226.0828
2025-07-15 15:45:00,1752612300000,226.1115,226.35,226.0515,226.14,6585.0,216.1709
2025-07-15 16:00:00,1752613200000,226.05,226.35,226.01,226.1,736334.0,226.3481
2025-07-15 16:15:00,1752614100000,226.02,226.15,226.0,226.0,9635.0,226.0439
2025-07-15 16:30:00,1752615000000,226.0,226.19,225.7996,225.7996,5967.0,226.0444
2025-07-15 16:45:00,1752615900000,226.1,226.1,225.88,225.95,3886.0,225.9347
2025-07-15 17:00:00,1752616800000,225.95,226.1599,225.95,226.0,7074.0,226.0345
2025-07-15 17:15:00,1752617700000,225.93,226.1447,225.8,225.95,12989.0,226.0208
2025-07-15 17:30:00,1752618600000,225.92,226.0359,225.5,225.7716,10275.0,225.7285
2025-07-15 17:45:00,1752619500000,225.78,225.94,225.75,225.94,6225.0,225.8293
2025-07-15 18:00:00,1752620400000,225.9,225.91,225.76,225.8809,1956.0,225.8846
2025-07-15 18:15:00,1752621300000,225.85,225.85,225.7502,225.79,4784.0,225.788
2025-07-15 18:30:00,1752622200000,225.78,225.9,225.78,225.8799,6513.0,225.8157
2025-07-15 18:45:00,1752623100000,225.8648,226.0,225.81,225.8497,8394.0,225.8789
2025-07-16 03:00:00,1752652800000,225.7,226.08,225.7,226.04,10530.0,225.9157
2025-07-16 03:15:00,1752653700000,226.0,226.15,225.88,226.05,4944.0,226.0806
2025-07-16 03:30:00,1752654600000,226.14,226.35,226.14,226.35,9257.0,226.2662
2025-07-16 03:45:00,1752655500000,226.33,226.33,226.15,226.15,4235.0,226.1938
2025-07-16 04:00:00,1752656400000,226.15,226.15,226.15,226.15,820.0,226.15
2025-07-16 04:15:00,1752657300000,226.21,226.21,224.6,224.99,62051.0,225.2809
2025-07-16 04:30:00,1752658200000,224.98,225.3,224.9,225.11,9118.0,225.0718
2025-07-16 04:45:00,1752659100000,225.11,225.45,225.05,225.41,6897.0,225.2473
2025-07-16 05:00:00,1752660000000,225.32,225.32,225.01,225.28,3243.0,225.1993
2025-07-16 05:15:00,1752660900000,225.34,225.34,225.31,225.32,1198.0,225.3341
2025-07-16 05:30:00,1752661800000,225.31,225.31,224.5,224.93,30458.0,224.9262
2025-07-16 05:45:00,1752662700000,225.05,225.19,224.9,225.19,11528.0,225.018
2025-07-16 06:00:00,1752663600000,225.21,225.54,225.15,225.15,18684.0,225.3257
2025-07-16 06:15:00,1752664500000,225.15,225.2,225.0,225.11,31159.0,225.0989
2025-07-16 06:30:00,1752665400000,225.01,225.16,225.01,225.16,5447.0,225.0958
2025-07-16 06:45:00,1752666300000,225.17,225.2,225.0,225.2,20721.0,225.0584
2025-07-16 07:00:00,1752667200000,225.62,226.3119,224.69,225.15,114188.0,225.4259
2025-07-16 07:15:00,1752668100000,225.15,225.49,225.15,225.47,22639.0,225.3361
2025-07-16 07:30:00,1752669000000,225.51,226.2499,225.51,225.8585,74626.0,226.0399
2025-07-16 07:45:00,1752669900000,225.83,225.98,225.78,225.8801,25953.0,225.8874
2025-07-16 08:00:00,1752670800000,225.95,226.1,225.87,226.05,24798.0,225.9651
2025-07-16 08:15:00,1752671700000,226.1,226.16,225.42,225.8,45014.0,225.9197
2025-07-16 08:30:00,1752672600000,225.875,226.1,223.8,224.39,3712898.0,224.7091
2025-07-16 08:45:00,1752673500000,224.4,225.08,223.75,223.98,2402557.0,224.4858
2025-07-16 09:00:00,1752674400000,223.98,225.53,223.8668,225.18,1650842.0,224.8481
2025-07-16 09:15:00,1752675300000,225.17,225.4499,224.7801,225.285,1144055.0,225.1129
2025-07-16 09:30:00,1752676200000,225.27,225.73,225.06,225.35,903812.0,225.3944
2025-07-16 09:45:00,1752677100000,225.35,225.67,224.35,224.73,1592272.0,225.0599
2025-07-16 10:00:00,1752678000000,224.72,225.44,224.7,225.29,743630.0,225.1788
2025-07-16 10:15:00,1752678900000,225.28,225.3169,223.13,224.205,2272449.0,224.1218
2025-07-16 10:30:00,1752679800000,224.22,224.25,222.18,223.13,2107502.0,222.8525
2025-07-16 10:45:00,1752680700000,223.16,223.99,222.6709,223.525,1498497.0,223.3182
2025-07-16 11:00:00,1752681600000,223.525,223.81,223.35,223.42,833315.0,223.5638
2025-07-16 11:15:00,1752682500000,223.42,223.815,223.02,223.36,731721.0,223.3845
2025-07-16 11:30:00,1752683400000,223.37,223.69,223.2,223.5,469241.0,223.4686
2025-07-16 11:45:00,1752684300000,223.49,223.73,223.095,223.68,595053.0,223.5192
2025-07-16 12:00:00,1752685200000,223.69,223.725,223.22,223.3301,638705.0,223.5202
2025-07-16 12:15:00,1752686100000,223.33,223.35,222.84,223.04,906706.0,223.1142
2025-07-16 12:30:00,1752687000000,223.04,223.11,222.69,222.8493,771273.0,222.8878
2025-07-16 12:45:00,1752687900000,222.84,223.19,222.7548,222.9844,749441.0,222.9371
2025-07-16 13:00:00,1752688800000,222.985,223.1999,222.67,223.18,724702.0,222.9274
2025-07-16 13:15:00,1752689700000,223.18,223.34,223.035,223.2,644302.0,223.1749
2025-07-16 13:30:00,1752690600000,223.19,223.42,223.1693,223.2687,680756.0,223.3178
2025-07-16 13:45:00,1752691500000,223.2699,223.445,223.065,223.4069,881697.0,223.2317
2025-07-16 14:00:00,1752692400000,223.39,223.435,223.2,223.2901,903832.0,223.3044
2025-07-16 14:15:00,1752693300000,223.31,223.355,222.92,223.19,1087043.0,223.1084
2025-07-16 14:30:00,1752694200000,223.19,223.54,222.98,223.425,1265691.0,223.2334
2025-07-16 14:45:00,1752695100000,223.42,223.45,222.97,223.18,2264129.0,223.2183
2025-07-16 15:00:00,1752696000000,223.19,223.31,223.1,223.28,500261.0,223.1913
2025-07-16 15:15:00,1752696900000,223.29,223.2999,223.15,223.2,30944.0,223.2
2025-07-16 15:30:00,1752697800000,223.18,223.24,223.17,223.2,26226.0,223.1927
2025-07-16 15:45:00,1752698700000,223.22,223.38,223.21,223.28,16509.0,223.2562
2025-07-16 16:00:00,1752699600000,223.2999,223.4067,223.26,223.35,8302.0,223.3345
2025-07-16 16:15:00,1752700500000,223.31,223.46,223.3006,223.4,9263.0,223.3797
2025-07-16 16:30:00,1752701400000,223.43,223.5,223.3501,223.47,12333.0,223.436
2025-07-16 16:45:00,1752702300000,223.47,223.4989,223.37,223.45,6415.0,223.4394
2025-07-16 17:00:00,1752703200000,223.35,223.38,223.2,223.28,15856.0,223.2977
2025-07-16 17:15:00,1752704100000,223.26,223.32,223.16,223.16,9301.0,223.2438
2025-07-16 17:30:00,1752705000000,223.16,223.2868,223.15,223.27,6756.0,223.193
2025-07-16 17:45:00,1752705900000,223.18,223.21,223.11,223.18,7688.0,223.1681
2025-07-16 18:00:00,1752706800000,223.2,223.2799,223.15,223.19,6383.0,223.2178
2025-07-16 18:15:00,1752707700000,223.2792,223.2798,223.1212,223.1212,4056.0,223.184
2025-07-16 18:30:00,1752708600000,223.12,223.21,223.0,223.1792,21137.0,223.1435
2025-07-16 18:45:00,1752709500000,223.1988,223.2,223.04,223.1847,14357.0,223.1373
2025-07-17 03:00:00,1752739200000,223.81,223.86,223.7,223.79,12764.0,223.771
2025-07-17 03:15:00,1752740100000,223.69,223.73,223.58,223.67,5942.0,223.6334
2025-07-17 03:30:00,1752741000000,223.6,223.81,223.6,223.81,7692.0,223.6985
2025-07-17 03:45:00,1752741900000,223.79,223.84,223.79,223.84,890.0,223.8203
2025-07-17 04:00:00,1752742800000,223.8,223.89,223.8,223.89,4044.0,223.8444
2025-07-17 04:15:00,1752743700000,223.88,223.88,223.84,223.84,359.0,223.8542
2025-07-17 04:30:00,1752744600000,223.9,223.99,223.9,223.93,5953.0,223.9458
2025-07-17 04:45:00,1752745500000,223.96,223.97,223.93,223.95,1853.0,223.9511
2025-07-17 05:00:00,1752746400000,223.89,223.95,223.89,223.94,938.0,223.9241
2025-07-17 05:15:00,1752747300000,223.95,224.0,223.94,224.0,2285.0,223.9742
2025-07-17 05:30:00,1752748200000,223.96,223.97,223.8,223.8,1886.0,223.874
2025-07-17 05:45:00,1752749100000,223.85,223.85,223.41,223.41,14563.0,223.5538
2025-07-17 06:00:00,1752750000000,223.5,223.5,223.35,223.46,5763.0,223.4254
2025-07-17 06:15:00,1752750900000,223.5,223.65,223.45,223.65,2209.0,223.5179
2025-07-17 06:30:00,1752751800000,223.63,223.63,223.53,223.53,2974.0,223.5707
2025-07-17 06:45:00,1752752700000,223.58,223.58,223.43,223.58,2491.0,223.5284
2025-07-17 07:00:00,1752753600000,223.57,224.04,223.12,223.51,86101.0,223.6311
2025-07-17 07:15:00,1752754500000,223.5799,223.6075,223.28,223.48,7273.0,223.4479
2025-07-17 07:30:00,1752755400000,223.61,223.75,223.36,223.69,34428.0,223.5907
2025-07-17 07:45:00,1752756300000,223.65,223.7,223.51,223.65,36252.0,223.6828
2025-07-17 08:00:00,1752757200000,223.68,223.7,223.55,223.62,21156.0,223.6659
2025-07-17 08:15:00,1752758100000,223.68,223.68,223.0,223.35,39465.0,223.3067
2025-07-17 08:30:00,1752759000000,223.32,223.94,222.64,223.71,2270446.0,223.3603
2025-07-17 08:45:00,1752759900000,223.725,224.2485,223.35,223.535,1239630.0,223.8328
2025-07-17 09:00:00,1752760800000,223.54,223.9618,222.82,223.13,1177556.0,223.3945
2025-07-17 09:15:00,1752761700000,223.1002,223.34,222.51,222.6204,1270490.0,222.8396
2025-07-17 09:30:00,1752762600000,222.61,223.09,222.58,223.0102,1051129.0,222.918
2025-07-17 09:45:00,1752763500000,223.01,223.39,222.93,223.27,828420.0,223.2091
2025-07-17 10:00:00,1752764400000,223.27,223.93,223.205,223.8299,849808.0,223.6397
2025-07-17 10:15:00,1752765300000,223.82,224.005,222.57,223.76,1626792.0,223.5421
2025-07-17 10:30:00,1752766200000,223.76,223.77,223.35,223.4691,895296.0,223.5295
2025-07-17 10:45:00,1752767100000,223.47,223.77,223.3276,223.72,866354.0,223.5487
2025-07-17 11:00:00,1752768000000,223.71,223.9,223.65,223.7393,581383.0,223.7948
2025-07-17 11:15:00,1752768900000,223.74,223.85,223.5,223.68,629448.0,223.7226
2025-07-17 11:30:00,1752769800000,223.69,223.845,223.52,223.61,519595.0,223.6573
2025-07-17 11:45:00,1752770700000,223.61,223.98,223.57,223.92,563760.0,223.779
2025-07-17 12:00:00,1752771600000,223.9198,224.1,223.74,223.83,700803.0,223.897
2025-07-17 12:15:00,1752772500000,223.83,223.97,223.51,223.72,984603.0,223.8488
2025-07-17 12:30:00,1752773400000,223.71,223.88,223.66,223.75,392198.0,223.7705
2025-07-17 12:45:00,1752774300000,223.76,223.975,223.72,223.875,492305.0,223.8466
2025-07-17 13:00:00,1752775200000,223.88,223.99,223.67,223.699,581199.0,223.8283
2025-07-17 13:15:00,1752776100000,223.69,223.965,223.63,223.94,580378.0,223.7823
2025-07-17 13:30:00,1752777000000,223.94,223.97,223.74,223.84,583637.0,223.8816
2025-07-17 13:45:00,1752777900000,223.84,223.88,223.42,223.4881,569678.0,223.6711
2025-07-17 14:00:00,1752778800000,223.49,223.92,223.4847,223.835,1150842.0,223.7278
2025-07-17 14:15:00,1752779700000,223.839,224.0452,223.75,223.985,752955.0,223.8591
2025-07-17 14:30:00,1752780600000,223.98,224.45,223.9014,224.17,1212927.0,224.2648
2025-07-17 14:45:00,1752781500000,224.1669,224.5,223.73,223.99,3667919.0,224.0293
2025-07-17 15:00:00,1752782400000,223.88,224.15,223.69,223.88,747425.0,223.8773
2025-07-17 15:15:00,1752783300000,223.94,224.09,223.88,224.09,6490.0,223.9455
2025-07-17 15:30:00,1752784200000,224.0,224.1376,224.0,224.0,7715.0,224.0245
2025-07-17 15:45:00,1752785100000,224.0,224.1494,223.88,224.1,7961.0,224.0409
2025-07-17 16:00:00,1752786000000,224.1,224.12,223.88,224.11,11641.0,223.9879
2025-07-17 16:15:00,1752786900000,224.11,224.139,224.0,224.05,6396.0,224.0976
2025-07-17 16:30:00,1752787800000,224.0,224.1,224.0,224.0201,8571.0,224.0396
2025-07-17 16:45:00,1752788700000,224.0201,224.1,224.0,224.05,4103.0,224.034
2025-07-17 17:00:00,1752789600000,224.0,224.05,224.0,224.0,2565.0,224.0273
2025-07-17 17:15:00,1752790500000,224.0,224.0799,224.0,224.0799,1540.0,224.0329
2025-07-17 17:30:00,1752791400000,224.07,224.08,224.04,224.06,13591.0,224.0776
2025-07-17 17:45:00,1752792300000,224.0,224.15,224.0,224.15,4081.0,224.1048
2025-07-17 18:00:00,1752793200000,224.1,224.35,224.08,224.32,7347.0,224.1997
2025-07-17 18:15:00,1752794100000,224.32,224.35,224.28,224.32,6492.0,224.3275
2025-07-17 18:30:00,1752795000000,224.32,224.3201,224.16,224.25,4649.0,224.2422
2025-07-17 18:45:00,1752795900000,224.32,224.48,224.2159,224.3499,8690.0,224.3467
2025-07-18 03:00:00,1752825600000,224.26,224.26,223.94,223.95,11487.0,224.0595
2025-07-18 03:15:00,1752826500000,223.93,224.07,223.9,224.07,6039.0,223.963
2025-07-18 03:30:00,1752827400000,224.07,224.07,224.0,224.07,2599.0,224.0512
2025-07-18 03:45:00,1752828300000,224.08,224.13,224.08,224.13,633.0,224.1117
2025-07-18 04:00:00,1752829200000,224.16,224.19,224.16,224.19,377.0,224.1722
2025-07-18 04:15:00,1752830100000,224.23,224.23,224.23,224.23,176.0,224.2357
2025-07-18 04:30:00,1752831000000,224.32,224.32,224.32,224.32,751.0,224.3076
2025-07-18 04:45:00,1752831900000,224.25,224.4,224.25,224.4,7429.0,224.3683
2025-07-18 05:00:00,1752832800000,224.33,224.35,224.33,224.35,449.0,224.3378
2025-07-18 05:15:00,1752833700000,224.31,224.31,224.06,224.06,1892.0,224.185
2025-07-18 05:30:00,1752834600000,224.17,224.17,224.15,224.15,1013.0,224.1548
2025-07-18 05:45:00,1752835500000,224.14,224.38,224.13,224.3,5431.0,224.2652
2025-07-18 06:00:00,1752836400000,224.31,224.38,224.2,224.2,5269.0,224.2647
2025-07-18 06:15:00,1752837300000,224.15,224.22,224.15,224.22,1651.0,224.1876
2025-07-18 06:30:00,1752838200000,224.2,224.2,224.14,224.14,1895.0,224.179
2025-07-18 06:45:00,1752839100000,224.14,224.29,224.06,224.25,8302.0,224.1826
2025-07-18 07:00:00,1752840000000,224.2,224.5,224.01,224.22,87901.0,224.0634
2025-07-18 07:15:00,1752840900000,224.2,224.3,224.1,224.244,12719.0,224.2171
2025-07-18 07:30:00,1752841800000,224.2,224.3,224.1,224.27,12129.0,224.2437
2025-07-18 07:45:00,1752842700000,224.3475,224.3794,224.25,224.31,8664.0,224.3245
2025-07-18 08:00:00,1752843600000,224.34,224.6599,224.34,224.5999,38028.0,224.528
2025-07-18 08:15:00,1752844500000,224.59,226.05,224.25,225.06,412376.0,225.1797
2025-07-18 08:30:00,1752845400000,225.14,225.33,224.545,224.8628,4803931.0,225.1369
2025-07-18 08:45:00,1752846300000,224.8799,225.49,223.99,224.295,1649293.0,224.7154
2025-07-18 09:00:00,1752847200000,224.33,224.65,223.63,223.8593,1279915.0,224.0348
2025-07-18 09:15:00,1752848100000,223.86,223.91,223.18,223.37,1025168.0,223.5993
2025-07-18 09:30:00,1752849000000,223.36,224.07,223.05,223.9134,955787.0,223.5711
2025-07-18 09:45:00,1752849900000,223.9,223.97,222.98,223.48,1270190.0,223.5425
2025-07-18 10:00:00,1752850800000,223.4769,224.37,223.34,224.1,1342410.0,224.0127
2025-07-18 10:15:00,1752851700000,224.09,224.6,224.02,224.52,1289409.0,224.2357
2025-07-18 10:30:00,1752852600000,224.525,224.9799,224.52,224.8899,769841.0,224.7718
2025-07-18 10:45:00,1752853500000,224.885,225.21,224.88,225.145,996012.0,224.9396
2025-07-18 11:00:00,1752854400000,225.15,225.25,224.9,225.08,554505.0,225.1148
2025-07-18 11:15:00,1752855300000,225.08,225.2151,224.565,224.87,675221.0,224.9386
2025-07-18 11:30:00,1752856200000,224.86,225.415,224.85,225.361,703950.0,225.1284
2025-07-18 11:45:00,1752857100000,225.37,226.0,225.36,225.7991,1181314.0,225.7416
2025-07-18 12:00:00,1752858000000,225.8,226.0,225.62,225.875,826646.0,225.8262
2025-07-18 12:15:00,1752858900000,225.88,226.01,225.81,225.925,760329.0,225.9443
2025-07-18 12:30:00,1752859800000,225.9201,225.96,225.54,225.585,576738.0,225.7671
2025-07-18 12:45:00,1752860700000,225.5701,225.6901,225.3,225.31,729729.0,225.4961
2025-07-18 13:00:00,1752861600000,225.33,226.01,225.31,225.75,835007.0,225.8057
2025-07-18 13:15:00,1752862500000,225.755,226.0,225.66,225.97,900955.0,225.8408
2025-07-18 13:30:00,1752863400000,225.97,226.02,225.845,226.0,1492276.0,225.9735
2025-07-18 13:45:00,1752864300000,226.0,226.0,225.695,225.845,593428.0,225.8377
2025-07-18 14:00:00,1752865200000,225.855,225.99,225.77,225.82,606321.0,225.8724
2025-07-18 14:15:00,1752866100000,225.82,226.01,225.785,225.915,709432.0,225.9131
2025-07-18 14:30:00,1752867000000,225.915,226.0,225.7235,225.99,855347.0,225.8864
2025-07-18 14:45:00,1752867900000,225.99,226.4,225.9,226.12,3021949.0,226.0887
2025-07-18 15:00:00,1752868800000,226.13,226.2,225.93,226.08,1164687.0,226.1278
2025-07-18 15:15:00,1752869700000,226.08,226.0895,225.94,225.9982,10023.0,226.0125
2025-07-18 15:30:00,1752870600000,225.9547,226.13,225.82,226.0,42502.0,226.0505
2025-07-18 15:45:00,1752871500000,225.8801,226.13,225.7999,225.88,154348.0,226.1157
2025-07-18 16:00:00,1752872400000,225.88,225.98,225.8547,225.95,3207.0,225.9199
2025-07-18 16:15:00,1752873300000,225.92,225.968,225.8,225.95,11777.0,225.8066
2025-07-18 16:30:00,1752874200000,225.95,226.05,225.9,225.946,6155.0,225.9428
2025-07-18 16:45:00,1752875100000,225.99,226.09,225.91,225.9101,8527.0,226.012
2025-07-18 17:00:00,1752876000000,226.0001,226.04,225.96,225.97,4319.0,225.9964
2025-07-18 17:15:00,1752876900000,225.9998,226.04,225.9998,226.0,2996.0,226.0018
2025-07-18 17:30:00,1752877800000,226.0,226.0,225.95,225.95,847.0,225.9813
2025-07-18 17:45:00,1752878700000,225.9988,225.9988,225.98,225.98,853.0,225.9897
2025-07-18 18:00:00,1752879600000,225.9975,225.9975,225.9517,225.9517,916.0,225.9765
2025-07-18 18:15:00,1752880500000,225.99,226.0,225.9504,225.96,4305.0,225.9851
2025-07-18 18:30:00,1752881400000,225.97,225.97,225.95,225.9501,1413.0,225.9589
2025-07-18 18:45:00,1752882300000,225.97,226.01,225.95,226.0,6356.0,225.9903
2025-07-21 03:00:00,1753084800000,226.78,227.08,226.69,226.9,24680.0,226.877
2025-07-21 03:15:00,1753085700000,226.8,227.0,226.8,227.0,6180.0,226.9479
2025-07-21 03:30:00,1753086600000,227.04,227.04,226.95,226.95,1180.0,226.9978
2025-07-21 03:45:00,1753087500000,226.92,227.03,226.92,227.03,1923.0,226.9846
2025-07-21 04:00:00,1753088400000,227.05,227.06,227.04,227.05,3464.0,227.0483
2025-07-21 04:15:00,1753089300000,226.96,226.96,226.96,226.96,560.0,226.9615
2025-07-21 04:30:00,1753090200000,226.99,227.05,226.96,227.05,4278.0,227.0154
2025-07-21 04:45:00,1753091100000,227.0,227.0,227.0,227.0,1614.0,227.0219
2025-07-21 05:00:00,1753092000000,227.03,227.03,227.03,227.03,274.0,227.0331
2025-07-21 05:15:00,1753092900000,227.1,227.1,227.1,227.1,356.0,227.097
2025-07-21 05:30:00,1753093800000,227.04,227.09,227.0,227.09,2154.0,227.0311
2025-07-21 05:45:00,1753094700000,227.08,227.1,226.96,227.01,6320.0,227.0239
2025-07-21 06:00:00,1753095600000,227.0,227.0,226.72,226.72,9999.0,226.833
2025-07-21 06:15:00,1753096500000,226.74,226.79,226.74,226.79,6222.0,226.7665
2025-07-21 06:30:00,1753097400000,226.83,226.83,226.76,226.77,3832.0,226.8033
2025-07-21 06:45:00,1753098300000,226.75,226.76,226.75,226.76,1477.0,226.7575
2025-07-21 07:00:00,1753099200000,226.88,227.13,226.48,226.82,69669.0,226.7932
2025-07-21 07:15:00,1753100100000,226.77,226.8492,226.75,226.8492,11216.0,226.7925
2025-07-21 07:30:00,1753101000000,226.78,226.85,226.7128,226.75,19502.0,226.7845
2025-07-21 07:45:00,1753101900000,226.79,226.79,226.23,226.3,33873.0,226.4679
2025-07-21 08:00:00,1753102800000,226.32,226.32,226.139,226.2093,23178.0,226.2008
2025-07-21 08:15:00,1753103700000,226.21,226.71,225.5,225.78,73375.0,226.1071
2025-07-21 08:30:00,1753104600000,225.835,227.78,225.65,227.7043,3966896.0,226.9139
2025-07-21 08:45:00,1753105500000,227.7104,227.99,227.02,227.41,3252101.0,227.5253
2025-07-21 09:00:00,1753106400000,227.41,227.67,227.0,227.53,1853487.0,227.4257
2025-07-21 09:15:00,1753107300000,227.5,227.94,227.5,227.94,1457076.0,227.6787
2025-07-21 09:30:00,1753108200000,227.94,228.19,227.74,228.085,3040511.0,227.9827
2025-07-21 09:45:00,1753109100000,228.065,228.12,227.64,228.1,1803574.0,227.9165
2025-07-21 10:00:00,1753110000000,228.1,228.23,227.6904,227.985,1470583.0,228.0079
2025-07-21 10:15:00,1753110900000,227.975,228.07,227.535,227.75,964990.0,227.7536
2025-07-21 10:30:00,1753111800000,227.75,228.25,227.69,228.1452,944937.0,228.0215
2025-07-21 10:45:00,1753112700000,228.14,228.475,228.02,228.03,1282578.0,228.2846
2025-07-21 11:00:00,1753113600000,228.02,228.2,227.9,228.106,887749.0,228.0729
2025-07-21 11:15:00,1753114500000,228.12,228.49,227.99,228.46,927362.0,228.1896
2025-07-21 11:30:00,1753115400000,228.46,228.8358,228.36,228.8296,1064628.0,228.5572
2025-07-21 11:45:00,1753116300000,228.825,229.06,228.4,228.63,1120181.0,228.6971
2025-07-21 12:00:00,1753117200000,228.61,228.985,228.6,228.94,907896.0,228.8523
2025-07-21 12:15:00,1753118100000,228.94,229.08,228.8301,228.9309,642982.0,228.9777
2025-07-21 12:30:00,1753119000000,228.935,229.04,228.66,228.87,566748.0,228.8461
2025-07-21 12:45:00,1753119900000,228.87,229.455,228.8554,229.25,710005.0,229.228
2025-07-21 13:00:00,1753120800000,229.24,229.48,229.11,229.445,582048.0,229.2312
2025-07-21 13:15:00,1753121700000,229.4399,229.595,229.35,229.35,765473.0,229.4952
2025-07-21 13:30:00,1753122600000,229.345,229.4,229.12,229.1352,516856.0,229.2951
2025-07-21 13:45:00,1753123500000,229.13,229.165,228.931,229.15,695513.0,229.0531
2025-07-21 14:00:00,1753124400000,229.16,229.2366,228.77,229.145,838813.0,229.0545
2025-07-21 14:15:00,1753125300000,229.14,229.2655,228.9906,229.2599,733910.0,229.1201
2025-07-21 14:30:00,1753126200000,229.2474,229.69,229.22,229.28,1375186.0,229.4455
2025-07-21 14:45:00,1753127100000,229.28,229.5,229.1,229.31,2957224.0,229.2948
2025-07-21 15:00:00,1753128000000,229.3,229.374,229.15,229.2985,268473.0,229.2975
2025-07-21 15:15:00,1753128900000,229.3,229.45,229.2399,229.24,24880.0,229.323
2025-07-21 15:30:00,1753129800000,229.25,229.4,229.19,229.23,9402.0,229.2822
2025-07-21 15:45:00,1753130700000,229.3001,229.42,229.3,229.36,28899.0,229.3162
2025-07-21 16:00:00,1753131600000,229.37,229.4,229.26,229.29,3549.0,229.3377
2025-07-21 16:15:00,1753132500000,229.3,229.43,229.2642,229.31,5496.0,229.3339
2025-07-21 16:30:00,1753133400000,229.3268,229.34,229.23,229.23,7720.0,229.2687
2025-07-21 16:45:00,1753134300000,229.32,229.3954,229.25,229.29,372306.0,229.3006
2025-07-21 17:00:00,1753135200000,229.23,229.4,229.23,229.3961,4367.0,229.3547
2025-07-21 17:15:00,1753136100000,229.31,229.37,229.31,229.32,2848.0,229.3326
2025-07-21 17:30:00,1753137000000,229.33,229.35,229.32,229.35,1562.0,229.3347
2025-07-21 17:45:00,1753137900000,229.3105,229.43,229.3105,229.3992,1360.0,229.3928
2025-07-21 18:00:00,1753138800000,229.4,229.4,229.31,229.34,1506.0,229.3715
2025-07-21 18:15:00,1753139700000,229.32,229.3896,229.3,229.3,3119.0,229.3237
2025-07-21 18:30:00,1753140600000,229.3,229.45,229.3,229.4,7187.0,229.4109
2025-07-21 18:45:00,1753141500000,229.45,229.45,229.23,229.4,14104.0,229.3366
2025-07-22 03:00:00,1753171200000,229.17,229.41,228.88,229.36,9138.0,229.1944
2025-07-22 03:15:00,1753172100000,229.35,229.35,228.97,229.0,2366.0,229.1161
2025-07-22 03:30:00,1753173000000,229.02,229.03,228.92,228.95,3476.0,228.9951
2025-07-22 03:45:00,1753173900000,228.86,228.91,228.85,228.91,3575.0,228.8881
2025-07-22 04:00:00,1753174800000,228.85,229.05,228.85,229.02,2873.0,228.9714
2025-07-22 04:15:00,1753175700000,229.02,229.14,229.02,229.02,2376.0,229.0766
2025-07-22 04:30:00,1753176600000,229.08,229.2,229.08,229.18,2895.0,229.156
2025-07-22 04:45:00,1753177500000,229.18,229.47,229.18,229.47,6638.0,229.3473
2025-07-22 05:00:00,1753178400000,229.6,229.6,229.57,229.57,384.0,229.5831
2025-07-22 05:15:00,1753179300000,229.6,229.6,229.54,229.54,2897.0,229.5618
2025-07-22 05:30:00,1753180200000,229.5,229.5,229.38,229.41,5902.0,229.4419
2025-07-22 05:45:00,1753181100000,229.41,229.41,229.41,229.41,553.0,229.4196
2025-07-22 06:00:00,1753182000000,229.46,229.7,229.36,229.51,19007.0,229.5392
2025-07-22 06:15:00,1753182900000,229.5,229.9,229.47,229.89,13037.0,229.6682
2025-07-22 06:30:00,1753183800000,229.95,229.99,229.8,229.99,15916.0,229.909
2025-07-22 06:45:00,1753184700000,229.99,230.26,229.91,230.23,42726.0,230.0646
2025-07-22 07:00:00,1753185600000,229.51,230.35,228.85,230.12,166516.0,229.6716
2025-07-22 07:15:00,1753186500000,230.15,230.16,229.92,229.97,28844.0,230.002
2025-07-22 07:30:00,1753187400000,229.93,230.0,229.9,229.91,25850.0,229.9687
2025-07-22 07:45:00,1753188300000,229.91,230.0,229.89,229.9789,10583.0,229.954
2025-07-22 08:00:00,1753189200000,229.9994,230.0,229.88,229.9895,14928.0,229.9595
2025-07-22 08:15:00,1753190100000,229.96,230.01,228.62,229.6,175735.0,229.4265
2025-07-22 08:30:00,1753191000000,229.68,230.0,228.81,229.3308,6049630.0,229.5823
2025-07-22 08:45:00,1753191900000,229.33,229.435,227.37,227.65,3369324.0,228.3622
2025-07-22 09:00:00,1753192800000,227.68,227.76,226.57,227.61,1855243.0,227.1183
2025-07-22 09:15:00,1753193700000,227.62,227.98,227.14,227.25,1239361.0,227.6978
2025-07-22 09:30:00,1753194600000,227.25,227.995,227.2456,227.84,933976.0,227.6661
2025-07-22 09:45:00,1753195500000,227.83,227.885,227.37,227.53,795515.0,227.6345
2025-07-22 10:00:00,1753196400000,227.53,227.61,227.25,227.275,572911.0,227.4075
2025-07-22 10:15:00,1753197300000,227.28,227.3504,226.77,226.96,971425.0,227.0345
2025-07-22 10:30:00,1753198200000,226.97,227.21,226.78,226.99,746794.0,226.9851
2025-07-22 10:45:00,1753199100000,226.99,227.21,226.6,226.7013,896015.0,226.9138
2025-07-22 11:00:00,1753200000000,226.705,227.0199,226.66,226.93,620251.0,226.8208
2025-07-22 11:15:00,1753200900000,226.93,227.17,226.35,226.4454,862957.0,226.8163
2025-07-22 11:30:00,1753201800000,226.45,226.84,226.38,226.7329,549668.0,226.6341
2025-07-22 11:45:00,1753202700000,226.7388,227.2,226.64,227.155,508761.0,226.9403
2025-07-22 12:00:00,1753203600000,227.155,227.32,227.02,227.2,452488.0,227.1857
2025-07-22 12:15:00,1753204500000,227.2,227.76,227.2,227.51,604413.0,227.4297
2025-07-22 12:30:00,1753205400000,227.49,227.6,227.13,227.1832,400430.0,227.3692
2025-07-22 12:45:00,1753206300000,227.19,227.305,227.01,227.015,546519.0,227.1803
2025-07-22 13:00:00,1753207200000,227.01,227.2317,227.0,227.2,364008.0,227.1198
2025-07-22 13:15:00,1753208100000,227.21,227.3753,226.77,227.22,632391.0,227.135
2025-07-22 13:30:00,1753209000000,227.22,227.75,227.2,227.5901,760758.0,227.5462
2025-07-22 13:45:00,1753209900000,227.59,227.865,227.5576,227.78,1148201.0,227.5794
2025-07-22 14:00:00,1753210800000,227.76,227.85,227.535,227.66,573142.0,227.6993
2025-07-22 14:15:00,1753211700000,227.6566,227.98,227.595,227.82,585016.0,227.8022
2025-07-22 14:30:00,1753212600000,227.81,228.0,227.71,227.8399,1654870.0,227.8037
2025-07-22 14:45:00,1753213500000,227.83,228.7,227.42,227.52,2102406.0,227.6996
2025-07-22 15:00:00,1753214400000,227.47,227.9,227.47,227.49,499141.0,227.4779
2025-07-22 15:15:00,1753215300000,227.46,227.7,227.41,227.5901,19362.0,227.5242
2025-07-22 15:30:00,1753216200000,227.69,227.7,227.59,227.7,5451.0,227.6521
2025-07-22 15:45:00,1753217100000,227.7,227.7183,227.5228,227.59,10325.0,227.3578
2025-07-22 16:00:00,1753218000000,227.6,227.7,227.47,227.7,14431.0,227.3343
2025-07-22 16:15:00,1753218900000,227.7,227.73,227.47,227.7291,14694.0,227.5499
2025-07-22 16:30:00,1753219800000,227.68,227.72,227.6501,227.69,2878.0,227.6726
2025-07-22 16:45:00,1753220700000,227.7,227.7,227.55,227.65,6846.0,227.6071
2025-07-22 17:00:00,1753221600000,227.69,227.7686,227.538,227.538,8974.0,227.6973
2025-07-22 17:15:00,1753222500000,227.58,227.64,227.5007,227.53,5531.0,227.5805
2025-07-22 17:30:00,1753223400000,227.51,227.5793,227.5,227.52,3871.0,227.5272
2025-07-22 17:45:00,1753224300000,227.54,227.5798,227.5,227.575,5045.0,227.5311
2025-07-22 18:00:00,1753225200000,227.4808,228.05,227.4808,228.05,9148.0,227.8051
2025-07-22 18:15:00,1753226100000,228.04,228.3399,227.85,228.11,16466.0,228.0808
2025-07-22 18:30:00,1753227000000,228.19,228.3931,228.05,228.33,8864.0,228.2306
2025-07-22 18:45:00,1753227900000,228.2999,228.4,228.12,228.35,9798.0,228.328
2025-07-23 03:00:00,1753257600000,228.31,228.31,228.08,228.11,9330.0,228.1727
2025-07-23 03:15:00,1753258500000,228.16,228.21,228.11,228.13,2245.0,228.1365
2025-07-23 03:30:00,1753259400000,228.09,228.1,228.02,228.06,1491.0,228.056
2025-07-23 03:45:00,1753260300000,228.23,228.24,228.23,228.24,715.0,228.2222
2025-07-23 04:00:00,1753261200000,228.29,228.29,228.24,228.24,407.0,228.2668
2025-07-23 04:15:00,1753262100000,228.24,228.24,228.03,228.03,4099.0,228.1045
2025-07-23 04:30:00,1753263000000,227.94,228.03,227.94,228.03,949.0,227.9737
2025-07-23 04:45:00,1753263900000,228.06,228.08,228.0,228.08,529.0,228.0391
2025-07-23 05:00:00,1753264800000,228.05,228.16,228.05,228.16,1197.0,228.085
2025-07-23 05:15:00,1753265700000,228.2,228.28,228.2,228.2,2861.0,228.235
2025-07-23 05:30:00,1753266600000,228.27,228.49,228.27,228.48,10031.0,228.3929
2025-07-23 05:45:00,1753267500000,228.45,228.61,228.27,228.31,10064.0,228.4718
2025-07-23 06:00:00,1753268400000,228.49,228.69,228.37,228.5,12369.0,228.5519
2025-07-23 06:15:00,1753269300000,228.5,228.7,228.47,228.59,10380.0,228.5679
2025-07-23 06:30:00,1753270200000,228.55,228.75,228.5,228.67,8504.0,228.6245
2025-07-23 06:45:00,1753271100000,228.68,228.75,228.55,228.59,6727.0,228.6774
2025-07-23 07:00:00,1753272000000,228.3,228.75,228.0,228.7065,83832.0,228.5405
2025-07-23 07:15:00,1753272900000,228.67,228.72,228.4923,228.4923,10868.0,228.576
2025-07-23 07:30:00,1753273800000,228.49,228.56,228.27,228.2732,33864.0,228.4336
2025-07-23 07:45:00,1753274700000,228.31,228.4414,228.0,228.4,54895.0,228.2257
2025-07-23 08:00:00,1753275600000,228.4,228.48,228.1,228.25,30841.0,228.3003
2025-07-23 08:15:00,1753276500000,228.32,228.5,228.1541,228.5,18146.0,228.3386
2025-07-23 08:30:00,1753277400000,228.47,228.79,227.75,228.035,3495523.0,228.4306
2025-07-23 08:45:00,1753278300000,228.035,228.59,227.57,228.26,1494819.0,228.2427
2025-07-23 09:00:00,1753279200000,228.26,228.52,228.005,228.045,726745.0,228.2522
2025-07-23 09:15:00,1753280100000,228.045,228.4,227.86,227.965,580869.0,228.0878
2025-07-23 09:30:00,1753281000000,227.96,228.045,227.69,227.7005,878285.0,227.9087
2025-07-23 09:45:00,1753281900000,227.6996,227.99,227.61,227.82,547950.0,227.8314
2025-07-23 10:00:00,1753282800000,227.82,228.0,227.15,227.24,848767.0,227.5213
2025-07-23 10:15:00,1753283700000,227.23,227.4599,227.09,227.39,739885.0,227.303
2025-07-23 10:30:00,1753284600000,227.4,227.46,227.1523,227.33,486606.0,227.3077
2025-07-23 10:45:00,1753285500000,227.33,228.4,227.26,227.92,1163533.0,227.8897
2025-07-23 11:00:00,1753286400000,227.9,227.99,227.56,227.8,560429.0,227.7904
2025-07-23 11:15:00,1753287300000,227.8,227.91,227.375,227.69,609656.0,227.6568
2025-07-23 11:30:00,1753288200000,227.68,227.9593,227.6,227.89,369264.0,227.7014
2025-07-23 11:45:00,1753289100000,227.895,228.17,227.8501,228.07,364410.0,228.011
2025-07-23 12:00:00,1753290000000,228.06,228.16,227.83,228.0504,775692.0,228.0543
2025-07-23 12:15:00,1753290900000,228.0632,228.37,227.97,228.2907,508972.0,228.2234
2025-07-23 12:30:00,1753291800000,228.3,228.48,228.27,228.42,482083.0,228.3673
2025-07-23 12:45:00,1753292700000,228.42,228.45,228.1308,228.355,649108.0,228.3461
2025-07-23 13:00:00,1753293600000,228.355,228.5,228.31,228.45,465206.0,228.3783
2025-07-23 13:15:00,1753294500000,228.45,228.495,228.33,228.379,748540.0,228.4165
2025-07-23 13:30:00,1753295400000,228.38,228.5,228.32,228.4,589557.0,228.4226
2025-07-23 13:45:00,1753296300000,228.4,228.42,228.28,228.37,376448.0,228.3629
2025-07-23 14:00:00,1753297200000,228.37,228.415,228.21,228.22,409451.0,228.3374
2025-07-23 14:15:00,1753298100000,228.21,228.36,228.1,228.1,362907.0,228.241
2025-07-23 14:30:00,1753299000000,228.09,228.1098,227.85,227.89,577097.0,227.9797
2025-07-23 14:45:00,1753299900000,227.89,228.39,227.87,228.27,1966181.0,228.1133
2025-07-23 15:00:00,1753300800000,228.29,229.44,228.0,228.54,420549.0,228.3984
2025-07-23 15:15:00,1753301700000,228.4,228.55,228.2,228.4,60306.0,228.4022
2025-07-23 15:30:00,1753302600000,228.48,229.2,228.29,228.9,110117.0,228.8084
2025-07-23 15:45:00,1753303500000,228.56,229.2,228.56,228.89,27124.0,228.9332
2025-07-23 16:00:00,1753304400000,228.81,229.69,228.78,229.13,103959.0,229.2658
2025-07-23 16:15:00,1753305300000,229.1295,229.45,228.87,228.87,82758.0,229.1792
2025-07-23 16:30:00,1753306200000,228.85,229.99,228.7,229.99,108944.0,229.4433
2025-07-23 16:45:00,1753307100000,229.9,230.2436,229.6,230.09,122261.0,229.9804
2025-07-23 17:00:00,1753308000000,229.99,230.1,229.98,230.0,27672.0,230.017
2025-07-23 17:15:00,1753308900000,230.0,230.03,229.63,229.63,15812.0,229.9434
2025-07-23 17:30:00,1753309800000,229.9454,229.95,229.7326,229.8501,5415.0,229.8517
2025-07-23 17:45:00,1753310700000,229.8499,229.9,229.73,229.73,8198.0,229.8084
2025-07-23 18:00:00,1753311600000,229.75,229.94,229.7,229.823,7070.0,229.8325
2025-07-23 18:15:00,1753312500000,229.8791,229.9427,229.8,229.88,6581.0,229.8624
2025-07-23 18:30:00,1753313400000,229.7952,230.0,229.7952,230.0,4265.0,229.887
2025-07-23 18:45:00,1753314300000,229.9984,230.0,229.9,229.9,18965.0,229.9393
2025-07-24 03:00:00,1753344000000,228.91,229.59,228.91,229.45,4387.0,229.4187
2025-07-24 03:15:00,1753344900000,229.46,229.73,229.46,229.6,5132.0,229.5967
2025-07-24 03:30:00,1753345800000,229.79,229.9,229.75,229.8,15570.0,229.8402
2025-07-24 03:45:00,1753346700000,229.94,229.95,229.8,229.8,10277.0,229.81
2025-07-24 04:00:00,1753347600000,229.82,229.82,229.79,229.79,412.0,229.799
2025-07-24 04:15:00,1753348500000,229.86,229.86,229.6,229.67,3410.0,229.7185
2025-07-24 04:30:00,1753349400000,229.79,229.85,229.77,229.77,3541.0,229.7993
2025-07-24 04:45:00,1753350300000,229.78,229.8,229.71,229.8,4059.0,229.7846
2025-07-24 05:00:00,1753351200000,229.82,229.87,229.7,229.79,2419.0,229.7724
2025-07-24 05:15:00,1753352100000,229.75,229.75,229.5,229.5,3041.0,229.5723
2025-07-24 05:30:00,1753353000000,229.42,229.63,229.31,229.6,6783.0,229.4864
2025-07-24 05:45:00,1753353900000,229.69,229.72,229.55,229.72,1466.0,229.6525
2025-07-24 06:00:00,1753354800000,229.61,229.88,229.5,229.82,15436.0,229.723
2025-07-24 06:15:00,1753355700000,229.83,230.0,229.65,229.88,23708.0,229.7903
2025-07-24 06:30:00,1753356600000,229.79,229.8,229.71,229.79,4913.0,229.786
2025-07-24 06:45:00,1753357500000,229.76,229.76,229.59,229.59,4085.0,229.6559
2025-07-24 07:00:00,1753358400000,229.8,229.94,229.3,229.77,74895.0,229.6671
2025-07-24 07:15:00,1753359300000,229.8,229.81,229.5,229.6,14582.0,229.6458
2025-07-24 07:30:00,1753360200000,229.6,229.6,229.2,229.2,23795.0,229.4814
2025-07-24 07:45:00,1753361100000,229.11,229.71,229.05,229.58,40802.0,229.3174
2025-07-24 08:00:00,1753362000000,229.6,229.7,229.5,229.52,15617.0,229.5867
2025-07-24 08:15:00,1753362900000,229.55,229.66,228.88,228.94,90212.0,229.2598
2025-07-24 08:30:00,1753363800000,229.17,231.88,228.64,231.817,7576323.0,230.3269
2025-07-24 08:45:00,1753364700000,231.8,234.07,231.52,233.95,5446252.0,232.8673
2025-07-24 09:00:00,1753365600000,233.96,233.97,231.39,231.74,2515073.0,232.5855
2025-07-24 09:15:00,1753366500000,231.73,231.99,230.73,230.86,1931211.0,231.4588
2025-07-24 09:30:00,1753367400000,230.85,231.13,230.32,230.91,1821504.0,230.7713
2025-07-24 09:45:00,1753368300000,230.93,231.4199,230.595,231.12,1228714.0,231.0048
2025-07-24 10:00:00,1753369200000,231.13,232.26,231.01,232.18,1667259.0,231.7099
2025-07-24 10:15:00,1753370100000,232.17,232.533,231.92,232.035,1249623.0,232.25
2025-07-24 10:30:00,1753371000000,232.0356,232.94,231.92,232.9103,1095362.0,232.3194
2025-07-24 10:45:00,1753371900000,232.9,233.03,232.36,232.45,1009366.0,232.6332
2025-07-24 11:00:00,1753372800000,232.43,232.44,231.76,231.9696,874635.0,232.1356
2025-07-24 11:15:00,1753373700000,231.965,232.095,231.75,232.01,681089.0,231.9348
2025-07-24 11:30:00,1753374600000,232.02,232.55,231.75,232.415,810452.0,232.1
2025-07-24 11:45:00,1753375500000,232.42,232.57,231.94,232.2144,558047.0,232.2188
2025-07-24 12:00:00,1753376400000,232.2,232.46,231.85,232.34,585775.0,232.1875
2025-07-24 12:15:00,1753377300000,232.33,232.47,231.98,232.01,426756.0,232.1914
2025-07-24 12:30:00,1753378200000,232.01,232.285,231.9,232.03,447687.0,232.0939
2025-07-24 12:45:00,1753379100000,232.02,232.18,231.8612,231.8654,448632.0,232.0402
2025-07-24 13:00:00,1753380000000,231.8756,232.27,231.86,232.12,431696.0,232.0144
2025-07-24 13:15:00,1753380900000,232.13,232.28,231.97,232.24,543573.0,232.158
2025-07-24 13:30:00,1753381800000,232.235,232.25,231.8,231.82,482742.0,231.9744
2025-07-24 13:45:00,1753382700000,231.815,232.06,231.6136,231.95,528980.0,231.8442
2025-07-24 14:00:00,1753383600000,231.94,232.095,231.76,231.7952,482240.0,231.9209
2025-07-24 14:15:00,1753384500000,231.795,232.16,231.795,231.98,610310.0,231.9895
2025-07-24 14:30:00,1753385400000,231.97,232.27,231.895,232.255,967817.0,232.1246
2025-07-24 14:45:00,1753386300000,232.255,236.0,231.875,232.249,2765038.0,232.3015
2025-07-24 15:00:00,1753387200000,232.23,232.24,231.89,232.16,468313.0,232.2232
2025-07-24 15:15:00,1753388100000,232.23,232.23,231.9,232.13,29122.0,232.0534
2025-07-24 15:30:00,1753389000000,232.15,232.23,232.0101,232.12,29548.0,232.1734
2025-07-24 15:45:00,1753389900000,232.13,232.3,231.9,232.16,11171.0,231.8718
2025-07-24 16:00:00,1753390800000,232.14,232.2,232.14,232.2,1966.0,232.1661
2025-07-24 16:15:00,1753391700000,232.21,232.24,232.2,232.21,4940.0,232.2136
2025-07-24 16:30:00,1753392600000,232.2,232.29,232.2,232.29,5626.0,232.173
2025-07-24 16:45:00,1753393500000,232.29,232.29,232.289,232.29,2005.0,232.2893
2025-07-24 17:00:00,1753394400000,232.29,232.49,232.24,232.49,12419.0,232.3271
2025-07-24 17:15:00,1753395300000,232.49,232.56,232.4529,232.53,8274.0,232.5199
2025-07-24 17:30:00,1753396200000,232.53,232.53,232.4988,232.5,2222.0,232.5052
2025-07-24 17:45:00,1753397100000,232.56,232.56,232.45,232.47,2072.0,232.4853
2025-07-24 18:00:00,1753398000000,232.47,232.51,232.47,232.48,1692.0,232.4926
2025-07-24 18:15:00,1753398900000,232.4984,232.5088,232.41,232.41,7134.0,232.4767
2025-07-24 18:30:00,1753399800000,232.49,232.6458,232.4144,232.49,8326.0,232.5108
2025-07-24 18:45:00,1753400700000,232.4891,232.62,232.42,232.49,8971.0,232.5111
2025-07-25 03:00:00,1753430400000,232.26,232.45,232.26,232.42,4567.0,232.3519
2025-07-25 03:15:00,1753431300000,232.39,232.45,232.03,232.25,4480.0,232.2957
2025-07-25 03:30:00,1753432200000,232.28,232.4,232.28,232.4,1176.0,232.3193
2025-07-25 03:45:00,1753433100000,232.35,232.39,232.34,232.34,738.0,232.3533
2025-07-25 04:00:00,1753434000000,232.26,232.27,232.06,232.06,3822.0,232.2208
2025-07-25 04:15:00,1753434900000,232.06,232.21,232.01,232.21,5306.0,232.1107
2025-07-25 04:30:00,1753435800000,232.25,232.37,232.25,232.36,1781.0,232.3041
2025-07-25 04:45:00,1753436700000,232.25,232.27,232.25,232.27,598.0,232.2546
2025-07-25 05:00:00,1753437600000,232.35,232.39,232.34,232.39,1610.0,232.357
2025-07-25 05:15:00,1753438500000,232.28,233.42,232.28,233.19,32229.0,232.8963
2025-07-25 05:30:00,1753439400000,232.81,233.03,232.76,233.0,2447.0,232.973
2025-07-25 05:45:00,1753440300000,233.08,233.31,233.02,233.2,9145.0,233.2166
2025-07-25 06:00:00,1753441200000,233.19,233.36,232.95,233.22,22994.0,233.1681
2025-07-25 06:15:00,1753442100000,233.25,233.25,233.14,233.18,14174.0,233.1987
2025-07-25 06:30:00,1753443000000,233.05,233.1,233.03,233.08,5117.0,233.0557
2025-07-25 06:45:00,1753443900000,233.04,233.05,232.99,233.05,8720.0,233.0122
2025-07-25 07:00:00,1753444800000,233.29,233.38,232.0007,232.8,77087.0,232.9093
2025-07-25 07:15:00,1753445700000,232.92,233.0992,232.86,233.02,11102.0,232.9812
2025-07-25 07:30:00,1753446600000,233.0995,233.1,232.9,232.91,16898.0,233.0297
2025-07-25 07:45:00,1753447500000,232.95,233.0,232.88,232.9991,6037.0,232.9507
2025-07-25 08:00:00,1753448400000,232.99,233.0802,232.75,232.86,29392.0,232.9098
2025-07-25 08:15:00,1753449300000,232.98,232.99,232.0,232.01,60003.0,232.3667
2025-07-25 08:30:00,1753450200000,232.22,232.31,231.3,231.78,2153330.0,231.8155
2025-07-25 08:45:00,1753451100000,231.765,232.29,231.45,231.79,1449169.0,231.8627
2025-07-25 09:00:00,1753452000000,231.78,232.06,231.48,232.045,1560021.0,231.7594
2025-07-25 09:15:00,1753452900000,232.06,232.3,231.31,231.4214,1022887.0,231.6622
2025-07-25 09:30:00,1753453800000,231.44,231.67,231.18,231.66,1353378.0,231.3782
2025-07-25 09:45:00,1753454700000,231.65,232.01,231.58,231.85,838250.0,231.8187
2025-07-25 10:00:00,1753455600000,231.85,232.02,231.57,231.6055,656955.0,231.8391
2025-07-25 10:15:00,1753456500000,231.63,232.1699,231.5,232.125,665998.0,231.8245
2025-07-25 10:30:00,1753457400000,232.1225,232.2599,231.88,232.06,562051.0,232.0245
2025-07-25 10:45:00,1753458300000,232.06,232.4,231.95,232.3216,636640.0,232.2044
2025-07-25 11:00:00,1753459200000,232.31,232.43,232.0,232.18,767531.0,232.1863
2025-07-25 11:15:00,1753460100000,232.19,232.42,232.1,232.255,780595.0,232.2489
2025-07-25 11:30:00,1753461000000,232.25,232.48,232.199,232.26,919971.0,232.2435
2025-07-25 11:45:00,1753461900000,232.25,232.31,232.1001,232.11,498970.0,232.2411
2025-07-25 12:00:00,1753462800000,232.11,232.15,231.915,232.03,380131.0,232.0216
2025-07-25 12:15:00,1753463700000,232.03,232.05,231.66,231.755,531697.0,231.8045
2025-07-25 12:30:00,1753464600000,231.755,231.925,231.68,231.85,409453.0,231.8033
2025-07-25 12:45:00,1753465500000,231.8308,231.9152,231.7,231.8298,1650358.0,231.7364
2025-07-25 13:00:00,1753466400000,231.82,231.83,231.44,231.5,610719.0,231.6157
2025-07-25 13:15:00,1753467300000,231.4901,231.87,231.48,231.79,411555.0,231.7375
2025-07-25 13:30:00,1753468200000,231.79,231.925,231.78,231.8438,355501.0,231.853
2025-07-25 13:45:00,1753469100000,231.84,231.96,231.76,231.76,485652.0,231.8642
2025-07-25 14:00:00,1753470000000,231.76,231.97,231.68,231.7197,574970.0,231.8271
2025-07-25 14:15:00,1753470900000,231.71,231.9,231.66,231.7425,452247.0,231.7937
2025-07-25 14:30:00,1753471800000,231.75,232.0,231.71,231.8,1256551.0,231.8199
2025-07-25 14:45:00,1753472700000,231.8,232.1,231.33,231.46,2971772.0,231.6433
2025-07-25 15:00:00,1753473600000,231.44,231.46,231.0,231.42,494200.0,231.4331
2025-07-25 15:15:00,1753474500000,231.42,231.59,231.42,231.55,14331.0,231.5309
2025-07-25 15:30:00,1753475400000,231.55,231.79,231.44,231.6,11632.0,231.5545
2025-07-25 15:45:00,1753476300000,231.55,231.76,231.44,231.7,125183.0,231.4563
2025-07-25 16:00:00,1753477200000,231.6999,231.7,231.51,231.5999,11836.0,231.6078
2025-07-25 16:15:00,1753478100000,231.5988,231.6,231.55,231.6,3436.0,231.2269
2025-07-25 16:30:00,1753479000000,231.51,231.66,231.51,231.56,3520.0,231.6002
2025-07-25 16:45:00,1753479900000,231.6,231.68,231.6,231.67,4329.0,231.6486
2025-07-25 17:00:00,1753480800000,231.65,231.65,231.6,231.6499,3856.0,231.6264
2025-07-25 17:15:00,1753481700000,231.6229,231.68,231.6,231.6,3562.0,231.6367
2025-07-25 17:30:00,1753482600000,231.5504,231.64,231.55,231.62,11305.0,231.5578
2025-07-25 17:45:00,1753483500000,231.65,231.6799,231.6,231.65,4584.0,231.6416
2025-07-25 18:00:00,1753484400000,231.6798,231.68,231.6119,231.6119,2525.0,231.6434
2025-07-25 18:15:00,1753485300000,231.68,231.68,231.61,231.61,2655.0,231.649
2025-07-25 18:30:00,1753486200000,231.6499,231.7,231.6,231.7,8702.0,231.6584
2025-07-25 18:45:00,1753487100000,231.68,231.9799,231.6651,231.6651,16439.0,231.7109
2025-07-28 03:00:00,1753689600000,233.06,233.06,232.6,232.68,12609.0,232.7282
2025-07-28 03:15:00,1753690500000,232.67,232.98,232.67,232.76,6922.0,232.8233
2025-07-28 03:30:00,1753691400000,232.82,232.82,232.76,232.76,929.0,232.7929
2025-07-28 03:45:00,1753692300000,232.73,232.81,232.7,232.75,2477.0,232.7587
2025-07-28 04:00:00,1753693200000,232.71,232.89,232.71,232.89,3642.0,232.7975
2025-07-28 04:15:00,1753694100000,232.81,232.81,232.63,232.7,8412.0,232.7426
2025-07-28 04:30:00,1753695000000,232.82,232.83,232.61,232.61,4040.0,232.7225
2025-07-28 04:45:00,1753695900000,232.61,232.75,232.61,232.75,4226.0,232.6755
2025-07-28 05:00:00,1753696800000,232.8,232.89,232.66,232.71,5494.0,232.8072
2025-07-28 05:15:00,1753697700000,232.72,232.78,232.7,232.7,1143.0,232.7401
2025-07-28 05:30:00,1753698600000,232.79,232.89,232.62,232.62,4229.0,232.78
2025-07-28 05:45:00,1753699500000,232.64,232.64,232.53,232.6,10727.0,232.5785
2025-07-28 06:00:00,1753700400000,232.6,232.89,232.6,232.83,17399.0,232.7258
2025-07-28 06:15:00,1753701300000,232.83,232.83,232.75,232.8,4483.0,232.8009
2025-07-28 06:30:00,1753702200000,232.81,232.95,232.81,232.92,7201.0,232.8904
2025-07-28 06:45:00,1753703100000,232.9,233.31,232.9,233.25,28549.0,233.0905
2025-07-28 07:00:00,1753704000000,232.6,233.32,232.528,233.1,177225.0,233.0241
2025-07-28 07:15:00,1753704900000,233.1,233.43,233.09,233.43,34002.0,233.266
2025-07-28 07:30:00,1753705800000,233.4546,233.54,233.3053,233.5,48493.0,233.4313
2025-07-28 07:45:00,1753706700000,233.56,233.78,233.5,233.59,41071.0,233.6303
2025-07-28 08:00:00,1753707600000,233.56,233.6,232.85,232.85,59185.0,233.2321
2025-07-28 08:15:00,1753708500000,232.9975,233.71,232.88,233.57,82548.0,233.3223
2025-07-28 08:30:00,1753709400000,233.35,234.29,232.25,233.064,3456676.0,233.1747
2025-07-28 08:45:00,1753710300000,233.05,233.53,232.72,233.42,1402165.0,233.2203
2025-07-28 09:00:00,1753711200000,233.43,233.9,233.23,233.48,1275884.0,233.5383
2025-07-28 09:15:00,1753712100000,233.48,233.63,233.06,233.47,897288.0,233.4455
2025-07-28 09:30:00,1753713000000,233.465,234.09,233.44,233.95,1051355.0,233.8004
2025-07-28 09:45:00,1753713900000,233.9597,234.2085,233.6301,233.655,991842.0,233.9722
2025-07-28 10:00:00,1753714800000,233.6798,234.04,233.53,233.86,733090.0,233.7929
2025-07-28 10:15:00,1753715700000,233.85,233.925,232.84,233.22,918176.0,233.2048
2025-07-28 10:30:00,1753716600000,233.215,233.43,233.08,233.1752,615972.0,233.2396
2025-07-28 10:45:00,1753717500000,233.18,233.195,232.9,232.95,524529.0,233.0504
2025-07-28 11:00:00,1753718400000,232.95,233.18,232.8,232.99,584189.0,232.956
2025-07-28 11:15:00,1753719300000,232.985,233.0,232.65,232.78,547788.0,232.7675
2025-07-28 11:30:00,1753720200000,232.7796,232.88,232.6125,232.88,444834.0,232.7302
2025-07-28 11:45:00,1753721100000,232.8873,233.295,232.827,233.13,524517.0,233.0273
2025-07-28 12:00:00,1753722000000,233.14,233.27,232.99,233.15,413962.0,233.1405
2025-07-28 12:15:00,1753722900000,233.15,233.21,232.81,232.82,467986.0,232.9569
2025-07-28 12:30:00,1753723800000,232.815,233.12,232.8009,233.075,288332.0,233.0258
2025-07-28 12:45:00,1753724700000,233.07,233.07,232.84,232.89,323364.0,232.9268
2025-07-28 13:00:00,1753725600000,232.9,232.97,232.63,232.8801,497552.0,232.8335
2025-07-28 13:15:00,1753726500000,232.9,233.0399,232.7,232.92,358150.0,232.8822
2025-07-28 13:30:00,1753727400000,232.93,232.97,232.665,232.7381,365638.0,232.7805
2025-07-28 13:45:00,1753728300000,232.735,232.885,232.695,232.77,349446.0,232.7974
2025-07-28 14:00:00,1753729200000,232.77,232.86,232.715,232.82,394721.0,232.7839
2025-07-28 14:15:00,1753730100000,232.815,232.85,232.495,232.58,604650.0,232.6558
2025-07-28 14:30:00,1753731000000,232.59,232.84,232.58,232.805,648549.0,232.7294
2025-07-28 14:45:00,1753731900000,232.81,233.16,232.67,232.81,1795727.0,232.8675
2025-07-28 15:00:00,1753732800000,232.79,232.88,232.6095,232.63,672521.0,232.9435
2025-07-28 15:15:00,1753733700000,232.72,233.0,232.72,232.9,21473.0,232.7617
2025-07-28 15:30:00,1753734600000,232.78,232.95,232.78,232.9,27960.0,232.837
2025-07-28 15:45:00,1753735500000,232.95,232.95,232.9,232.92,2000.0,231.9016
2025-07-28 16:00:00,1753736400000,232.9,233.0,232.9,232.9,8590.0,232.9367
2025-07-28 16:15:00,1753737300000,232.93,233.05,232.85,233.0,17482.0,232.9717
2025-07-28 16:30:00,1753738200000,232.98,232.98,232.91,232.92,5315.0,232.954
2025-07-28 16:45:00,1753739100000,232.9119,232.98,232.8012,232.9112,6047.0,232.8835
2025-07-28 17:00:00,1753740000000,232.85,232.92,232.85,232.89,4311.0,232.8724
2025-07-28 17:15:00,1753740900000,232.89,233.0,232.85,232.85,8582.0,232.9261
2025-07-28 17:30:00,1753741800000,232.81,232.94,232.81,232.82,2306.0,232.8886
2025-07-28 17:45:00,1753742700000,232.89,233.09,232.84,233.07,15873.0,232.9418
2025-07-28 18:00:00,1753743600000,232.98,233.0364,232.98,233.0364,412.0,232.9974
2025-07-28 18:15:00,1753744500000,232.92,232.95,232.91,232.94,2043.0,232.9286
2025-07-28 18:30:00,1753745400000,232.92,233.0,232.9,232.96,3568.0,232.9381
2025-07-28 18:45:00,1753746300000,232.95,233.091,232.91,232.91,16336.0,232.9972
2025-07-29 03:00:00,1753776000000,233.51,233.6,233.24,233.53,10865.0,233.4711
2025-07-29 03:15:00,1753776900000,233.53,233.66,233.53,233.6,2909.0,233.6101
2025-07-29 03:30:00,1753777800000,233.6,233.63,233.35,233.35,6467.0,233.5036
2025-07-29 03:45:00,1753778700000,233.4,233.45,233.4,233.45,2171.0,233.4343
2025-07-29 04:00:00,1753779600000,233.55,233.59,233.44,233.44,1394.0,233.5412
2025-07-29 04:15:00,1753780500000,233.57,233.63,233.57,233.63,2035.0,233.5886
2025-07-29 04:30:00,1753781400000,233.59,233.59,233.58,233.58,2543.0,233.5764
2025-07-29 04:45:00,1753782300000,233.64,233.64,233.5,233.5,2918.0,233.5061
2025-07-29 05:00:00,1753783200000,233.57,233.73,233.57,233.73,2972.0,233.6481
2025-07-29 05:15:00,1753784100000,233.7,233.7,233.56,233.56,959.0,233.6082
2025-07-29 05:30:00,1753785000000,233.65,233.8,233.65,233.78,5391.0,233.7448
2025-07-29 05:45:00,1753785900000,233.8,233.9,233.8,233.82,2711.0,233.8404
2025-07-29 06:00:00,1753786800000,233.93,234.0,233.68,233.87,22546.0,233.8328
2025-07-29 06:15:00,1753787700000,233.79,233.84,233.73,233.73,5845.0,233.7984
2025-07-29 06:30:00,1753788600000,233.8,233.8,233.5,233.5,12658.0,233.6605
2025-07-29 06:45:00,1753789500000,233.64,233.64,233.3,233.35,27191.0,233.4941
2025-07-29 07:00:00,1753790400000,233.68,233.98,233.01,233.52,122870.0,233.3196
2025-07-29 07:15:00,1753791300000,233.55,233.55,233.3801,233.47,15182.0,233.48
2025-07-29 07:30:00,1753792200000,233.5385,233.8,233.4,233.5,25390.0,233.6333
2025-07-29 07:45:00,1753793100000,233.57,233.64,233.37,233.41,11458.0,233.4918
2025-07-29 08:00:00,1753794000000,233.55,233.55,233.36,233.4,11405.0,233.4651
2025-07-29 08:15:00,1753794900000,233.4579,234.41,233.14,234.16,106564.0,233.9184
2025-07-29 08:30:00,1753795800000,234.15,234.72,232.5,232.665,3134901.0,233.5061
2025-07-29 08:45:00,1753796700000,232.675,232.83,231.41,231.88,2218733.0,231.9756
2025-07-29 09:00:00,1753797600000,231.91,232.01,231.2193,231.635,1762746.0,231.6042
2025-07-29 09:15:00,1753798500000,231.635,231.83,231.31,231.515,1124107.0,231.519
2025-07-29 09:30:00,1753799400000,231.515,231.72,230.7,230.9076,1408661.0,231.3509
2025-07-29 09:45:00,1753800300000,230.91,231.06,230.31,230.7,1183116.0,230.666
2025-07-29 10:00:00,1753801200000,230.7,231.18,230.69,230.8,781410.0,230.9098
2025-07-29 10:15:00,1753802100000,230.81,231.04,230.63,230.6997,940486.0,230.843
2025-07-29 10:30:00,1753803000000,230.67,231.0399,230.52,230.86,934675.0,230.81
2025-07-29 10:45:00,1753803900000,230.91,231.395,230.85,231.35,915537.0,231.2048
2025-07-29 11:00:00,1753804800000,231.35,231.57,231.09,231.17,761636.0,231.3352
2025-07-29 11:15:00,1753805700000,231.16,231.34,230.96,231.175,618440.0,231.1652
2025-07-29 11:30:00,1753806600000,231.16,231.3,230.58,230.95,583087.0,230.9706
2025-07-29 11:45:00,1753807500000,230.96,231.7,230.8,231.65,638841.0,231.3102
2025-07-29 12:00:00,1753808400000,231.63,231.79,231.48,231.585,560860.0,231.6454
2025-07-29 12:15:00,1753809300000,231.59,231.92,231.55,231.7,516570.0,231.7092
2025-07-29 12:30:00,1753810200000,231.7002,231.73,230.93,231.25,496710.0,231.4186
2025-07-29 12:45:00,1753811100000,231.23,231.5,231.04,231.3862,486768.0,231.2942
2025-07-29 13:00:00,1753812000000,231.39,231.5068,231.2696,231.35,472489.0,231.3768
2025-07-29 13:15:00,1753812900000,231.35,231.5516,231.03,231.285,561855.0,231.2844
2025-07-29 13:30:00,1753813800000,231.2865,231.85,231.2701,231.615,613778.0,231.635
2025-07-29 13:45:00,1753814700000,231.62,231.6899,231.41,231.565,482764.0,231.5606
2025-07-29 14:00:00,1753815600000,231.56,231.68,231.47,231.6499,537957.0,231.5769
2025-07-29 14:15:00,1753816500000,231.6484,231.76,231.28,231.3115,608011.0,231.5197
2025-07-29 14:30:00,1753817400000,231.32,231.41,230.92,231.235,947855.0,231.1691
2025-07-29 14:45:00,1753818300000,231.24,231.41,230.66,231.01,2850411.0,231.0465
2025-07-29 15:00:00,1753819200000,231.01,231.22,230.89,230.9682,1633303.0,231.0101
2025-07-29 15:15:00,1753820100000,230.98,231.0904,230.98,231.0,12470.0,231.033
2025-07-29 15:30:00,1753821000000,231.05,231.18,230.92,231.0,26797.0,231.0014
2025-07-29 15:45:00,1753821900000,231.06,231.06,230.98,231.0,6850.0,230.653
2025-07-29 16:00:00,1753822800000,230.9501,231.05,230.95,231.0475,417842.0,231.0099
2025-07-29 16:15:00,1753823700000,231.01,231.01,230.9,230.9,4428.0,230.9635
2025-07-29 16:30:00,1753824600000,230.93,231.0,230.89,231.0,6865.0,230.9267
2025-07-29 16:45:00,1753825500000,230.9525,231.3,230.9525,231.24,12764.0,231.1339
2025-07-29 17:00:00,1753826400000,231.24,231.33,231.0354,231.27,9520.0,231.1825
2025-07-29 17:15:00,1753827300000,231.27,231.27,231.22,231.22,3655.0,231.2287
2025-07-29 17:30:00,1753828200000,231.23,231.28,231.2,231.25,7011.0,231.24
2025-07-29 17:45:00,1753829100000,231.2,231.25,231.0968,231.24,4048.0,231.2288
2025-07-29 18:00:00,1753830000000,231.15,231.26,231.15,231.26,573.0,231.2058
2025-07-29 18:15:00,1753830900000,231.17,231.2892,231.17,231.26,4119.0,231.2498
2025-07-29 18:30:00,1753831800000,231.25,231.25,231.17,231.2,2742.0,231.1961
2025-07-29 18:45:00,1753832700000,231.25,231.27,231.19,231.24,5127.0,231.216
2025-07-30 03:00:00,1753862400000,231.49,231.57,231.35,231.35,5562.0,231.469
2025-07-30 03:15:00,1753863300000,231.31,231.31,231.01,231.07,4919.0,231.1334
2025-07-30 03:30:00,1753864200000,231.24,231.24,231.24,231.24,275.0,231.2457
2025-07-30 03:45:00,1753865100000,231.16,231.2,231.11,231.2,2494.0,231.1613
2025-07-30 04:00:00,1753866000000,231.21,231.21,231.02,231.02,2483.0,231.1188
2025-07-30 04:15:00,1753866900000,231.23,231.24,231.09,231.09,1519.0,231.1798
2025-07-30 04:30:00,1753867800000,231.09,231.13,231.01,231.13,2067.0,231.0778
2025-07-30 04:45:00,1753868700000,231.06,231.06,231.0,231.0,2332.0,231.0209
2025-07-30 05:00:00,1753869600000,231.07,231.23,231.07,231.23,826.0,231.1508
2025-07-30 05:30:00,1753871400000,231.37,231.63,231.37,231.62,6316.0,231.5661
2025-07-30 05:45:00,1753872300000,231.6,231.6,231.55,231.55,636.0,231.5707
2025-07-30 06:00:00,1753873200000,231.58,231.64,231.55,231.55,3604.0,231.6123
2025-07-30 06:15:00,1753874100000,231.5,231.55,231.36,231.52,2862.0,231.4608
2025-07-30 06:30:00,1753875000000,231.55,231.55,231.36,231.36,2665.0,231.4478
2025-07-30 07:00:00,1753876800000,231.68,231.8,231.0,231.29,52552.0,231.445
2025-07-30 07:15:00,1753877700000,231.3,231.48,231.16,231.44,9045.0,231.3443
2025-07-30 07:30:00,1753878600000,231.39,231.67,231.25,231.35,20022.0,231.4134
2025-07-30 07:45:00,1753879500000,231.4599,231.55,231.3,231.46,11647.0,231.4488
2025-07-30 08:00:00,1753880400000,231.459,231.459,231.22,231.32,10496.0,231.3153
2025-07-30 08:15:00,1753881300000,231.32,231.79,231.21,231.65,27704.0,231.5905
2025-07-30 08:30:00,1753882200000,231.64,231.69,230.6276,231.0966,2048724.0,231.1704
2025-07-30 08:45:00,1753883100000,231.095,231.8,230.595,230.77,946557.0,231.1217
2025-07-30 09:00:00,1753884000000,230.775,230.775,229.85,230.46,1667888.0,230.3143
2025-07-30 09:15:00,1753884900000,230.445,230.66,230.15,230.32,783223.0,230.4213
2025-07-30 09:30:00,1753885800000,230.32,230.61,229.94,230.11,1034226.0,230.2656
2025-07-30 09:45:00,1753886700000,230.11,230.33,229.73,229.86,717676.0,230.1048
2025-07-30 10:00:00,1753887600000,229.865,230.265,229.61,229.7301,943265.0,229.938
2025-07-30 10:15:00,1753888500000,229.76,230.25,229.56,230.14,834868.0,229.9182
2025-07-30 10:30:00,1753889400000,230.15,230.36,229.91,230.155,907117.0,230.0382
2025-07-30 10:45:00,1753890300000,230.17,230.3,229.9306,230.2999,478936.0,230.0934
2025-07-30 11:00:00,1753891200000,230.28,230.38,230.08,230.2698,630570.0,230.2074
2025-07-30 11:15:00,1753892100000,230.27,230.66,230.26,230.497,451174.0,230.4865
2025-07-30 11:30:00,1753893000000,230.48,230.56,230.25,230.285,314225.0,230.3713
2025-07-30 11:45:00,1753893900000,230.31,230.57,230.24,230.454,399937.0,230.4036
2025-07-30 12:00:00,1753894800000,230.47,230.52,230.17,230.215,447884.0,230.3783
2025-07-30 12:15:00,1753895700000,230.215,230.41,230.161,230.355,365956.0,230.2865
2025-07-30 12:30:00,1753896600000,230.36,230.96,230.35,230.94,527989.0,230.6766
2025-07-30 12:45:00,1753897500000,230.94,230.945,230.61,230.685,430186.0,230.7789
2025-07-30 13:00:00,1753898400000,230.69,230.96,230.435,230.66,971660.0,230.7257
2025-07-30 13:15:00,1753899300000,230.66,230.69,230.2923,230.66,679874.0,230.5145
2025-07-30 13:30:00,1753900200000,230.655,231.0,230.4,230.715,997791.0,230.7167
2025-07-30 13:45:00,1753901100000,230.715,230.91,229.66,229.8,1159224.0,230.2708
2025-07-30 14:00:00,1753902000000,229.8,230.25,229.29,229.99,1557513.0,229.6566
2025-07-30 14:15:00,1753902900000,229.97,230.13,229.29,229.49,696016.0,229.6371
2025-07-30 14:30:00,1753903800000,229.5,229.83,229.41,229.585,869972.0,229.6193
2025-07-30 14:45:00,1753904700000,229.585,230.33,229.56,230.26,2538554.0,230.0149
2025-07-30 15:00:00,1753905600000,230.19,235.8385,230.19,235.07,1564322.0,232.8624
2025-07-30 15:15:00,1753906500000,235.11,237.8099,234.83,236.25,852410.0,236.2733
2025-07-30 15:30:00,1753907400000,236.21,236.34,235.0,235.06,353488.0,235.6924
2025-07-30 15:45:00,1753908300000,235.29,236.099,230.19,235.25,300755.0,235.1669
2025-07-30 16:00:00,1753909200000,235.02,236.48,235.0,236.06,146881.0,235.6987
2025-07-30 16:15:00,1753910100000,236.06,236.72,235.9,236.6,142856.0,236.3657
2025-07-30 16:30:00,1753911000000,236.6,237.0,236.24,236.8131,141355.0,236.6027
2025-07-30 16:45:00,1753911900000,236.95,237.48,235.54,236.49,221134.0,236.6814
2025-07-30 17:00:00,1753912800000,236.55,237.44,236.03,237.3,118504.0,236.9972
2025-07-30 17:15:00,1753913700000,237.2998,237.4,236.8483,236.9699,89178.0,237.1019
2025-07-30 17:30:00,1753914600000,236.97,237.38,236.91,237.3,86829.0,237.1438
2025-07-30 17:45:00,1753915500000,237.44,237.6,237.35,237.45,82712.0,237.4841
2025-07-30 18:00:00,1753916400000,237.46,237.55,237.26,237.49,50182.0,237.4219
2025-07-30 18:15:00,1753917300000,237.45,237.55,237.39,237.48,46563.0,237.4897
2025-07-30 18:30:00,1753918200000,237.48,237.5001,237.2,237.28,65761.0,237.3958
2025-07-30 18:45:00,1753919100000,237.3985,237.5,237.2503,237.42,78848.0,237.3772
2025-07-31 03:00:00,1753948800000,238.15,238.55,237.81,238.26,74127.0,238.1285
2025-07-31 03:15:00,1753949700000,238.27,238.48,238.0,238.0,49016.0,238.2134
2025-07-31 03:30:00,1753950600000,238.09,238.14,237.63,237.97,32292.0,237.8879
2025-07-31 03:45:00,1753951500000,237.9,237.98,237.51,237.73,19537.0,237.7819
2025-07-31 04:00:00,1753952400000,237.8,237.8,237.49,237.49,17868.0,237.6509
2025-07-31 04:15:00,1753953300000,237.57,237.8,237.52,237.6,33322.0,237.6462
2025-07-31 04:30:00,1753954200000,237.5,237.5,237.26,237.46,11477.0,237.3853
2025-07-31 04:45:00,1753955100000,237.55,237.97,237.55,237.92,27683.0,237.6932
2025-07-31 05:00:00,1753956000000,237.88,238.12,237.42,238.0,26586.0,237.9495
2025-07-31 05:15:00,1753956900000,238.1,238.24,237.97,237.98,39482.0,238.0613
2025-07-31 05:30:00,1753957800000,237.97,238.0,237.73,238.0,40001.0,237.9033
2025-07-31 05:45:00,1753958700000,238.0,238.06,237.52,237.61,25539.0,237.8399
2025-07-31 06:00:00,1753959600000,237.79,238.0,237.41,237.6,64413.0,237.6815
2025-07-31 06:15:00,1753960500000,237.56,237.62,237.1,237.28,60657.0,237.3997
2025-07-31 06:30:00,1753961400000,237.25,237.28,236.8,236.94,61521.0,237.0221
2025-07-31 06:45:00,1753962300000,236.9,237.06,236.85,237.0,25468.0,236.956
2025-07-31 07:00:00,1753963200000,237.9,238.52,236.8,237.58,408508.0,237.5282
2025-07-31 07:15:00,1753964100000,237.71,237.71,237.07,237.25,78112.0,237.3657
2025-07-31 07:30:00,1753965000000,237.17,237.54,237.0,237.41,151690.0,237.3244
2025-07-31 07:45:00,1753965900000,237.34,237.381,236.57,237.16,109899.0,236.9438
2025-07-31 08:00:00,1753966800000,237.1199,237.6,236.79,236.95,178132.0,237.1717
2025-07-31 08:15:00,1753967700000,236.9499,236.9499,235.2,235.73,311686.0,236.287
2025-07-31 08:30:00,1753968600000,235.77,235.92,231.4,232.165,9275248.0,233.4526
2025-07-31 08:45:00,1753969500000,232.165,234.23,231.42,233.5586,3997015.0,233.0954
2025-07-31 09:00:00,1753970400000,233.54,234.37,233.27,233.435,4114496.0,233.8966
2025-07-31 09:15:00,1753971300000,233.435,233.805,232.36,232.54,2589007.0,232.9943
2025-07-31 09:30:00,1753972200000,232.55,232.98,231.5,232.21,2809818.0,232.1634
2025-07-31 09:45:00,1753973100000,232.21,232.99,232.02,232.2,1984526.0,232.6179
2025-07-31 10:00:00,1753974000000,232.18,232.88,232.0604,232.155,2214799.0,232.5352
2025-07-31 10:15:00,1753974900000,232.17,233.17,231.92,233.17,2201873.0,232.5053
2025-07-31 10:30:00,1753975800000,233.16,234.35,233.13,234.305,2357134.0,233.6612
2025-07-31 10:45:00,1753976700000,234.305,234.78,233.98,234.755,2191251.0,234.3822
2025-07-31 11:00:00,1753977600000,234.75,235.0,234.45,234.95,2254562.0,234.775
2025-07-31 11:15:00,1753978500000,234.96,236.4387,234.87,236.31,2900863.0,235.5272
2025-07-31 11:30:00,1753979400000,236.305,236.53,235.22,235.33,2393987.0,235.9591
2025-07-31 11:45:00,1753980300000,235.33,235.3699,234.6,234.98,2115066.0,234.9696
2025-07-31 12:00:00,1753981200000,234.99,235.5,234.85,235.27,1564525.0,235.1478
2025-07-31 12:15:00,1753982100000,235.2708,235.43,234.2,234.47,1728085.0,234.874
2025-07-31 12:30:00,1753983000000,234.455,234.91,234.19,234.71,1459323.0,234.5361
2025-07-31 12:45:00,1753983900000,234.72,234.87,233.11,233.3325,2043043.0,233.8374
2025-07-31 13:00:00,1753984800000,233.31,234.1,233.295,233.67,1584922.0,233.7683
2025-07-31 13:15:00,1753985700000,233.63,234.43,233.2,234.37,1994598.0,233.8338
2025-07-31 13:30:00,1753986600000,234.36,235.0,234.29,234.53,1776786.0,234.682
2025-07-31 13:45:00,1753987500000,234.54,234.6959,234.1,234.1505,1688815.0,234.4084
2025-07-31 14:00:00,1753988400000,234.17,234.47,234.0,234.165,2078049.0,234.2227
2025-07-31 14:15:00,1753989300000,234.15,234.16,233.38,233.45,3014853.0,233.731
2025-07-31 14:30:00,1753990200000,233.48,234.85,233.4707,234.74,3304926.0,233.9854
2025-07-31 14:45:00,1753991100000,234.75,235.15,233.95,234.11,7855008.0,234.3681
2025-07-31 15:00:00,1753992000000,234.11,242.0,227.0,228.6499,5595667.0,231.6451
2025-07-31 15:15:00,1753992900000,228.65,234.11,222.53,226.25,2939813.0,225.3264
2025-07-31 15:30:00,1753993800000,226.33,234.11,225.6005,226.7,1436287.0,227.1158
2025-07-31 15:45:00,1753994700000,226.6,234.11,226.6,229.1,1014454.0,228.4548
2025-07-31 16:00:00,1753995600000,229.1,230.0,227.5,227.85,643808.0,229.1838
2025-07-31 16:15:00,1753996500000,227.75,228.0,224.95,225.8,772455.0,226.0057
2025-07-31 16:30:00,1753997400000,225.84,225.84,216.9737,220.4599,2375102.0,220.8168
2025-07-31 16:45:00,1753998300000,220.39,220.99,215.5,216.25,1677561.0,217.7812
2025-07-31 17:00:00,1753999200000,216.263,218.55,216.263,217.3,826350.0,217.6358
2025-07-31 17:15:00,1754000100000,217.3,218.51,217.22,218.51,277797.0,217.7431
2025-07-31 17:30:00,1754001000000,218.54,219.99,217.75,218.4978,462272.0,218.7869
2025-07-31 17:45:00,1754001900000,218.33,219.25,217.88,219.23,264023.0,218.5139
2025-07-31 18:00:00,1754002800000,219.3303,219.5,217.99,218.89,320190.0,219.007
2025-07-31 18:15:00,1754003700000,218.95,219.0,218.2,218.65,280366.0,218.552
2025-07-31 18:30:00,1754004600000,218.65,218.7578,218.3519,218.5069,155716.0,218.5755
2025-07-31 18:45:00,1754005500000,218.5111,219.0,218.2301,218.6,300201.0,218.6169
2025-08-01 03:00:00,1754035200000,217.88,218.6,215.97,217.17,219639.0,216.6402
2025-08-01 03:15:00,1754036100000,217.1,217.11,215.54,215.59,132896.0,216.4253
2025-08-01 03:30:00,1754037000000,215.52,215.65,213.65,214.33,203788.0,214.6069
2025-08-01 03:45:00,1754037900000,214.35,215.37,214.35,215.13,96002.0,214.9697
2025-08-01 04:00:00,1754038800000,215.16,215.49,214.84,215.39,73028.0,215.123
2025-08-01 04:15:00,1754039700000,215.3,215.95,214.52,215.67,110301.0,215.1702
2025-08-01 04:30:00,1754040600000,215.63,216.59,215.62,216.49,94235.0,216.1017
2025-08-01 04:45:00,1754041500000,216.42,216.5,216.25,216.45,43833.0,216.4237
2025-08-01 05:00:00,1754042400000,216.4,216.6,215.7,216.49,70877.0,216.3128
2025-08-01 05:15:00,1754043300000,216.39,216.49,215.8,216.05,51609.0,216.2014
2025-08-01 05:30:00,1754044200000,216.05,216.11,215.15,215.2,58600.0,215.6981
2025-08-01 05:45:00,1754045100000,215.28,215.69,214.54,215.44,88335.0,215.0463
2025-08-01 06:00:00,1754046000000,215.75,216.5,215.5,215.9,191384.0,216.0332
2025-08-01 06:15:00,1754046900000,215.86,216.36,215.52,216.23,108947.0,215.9602
2025-08-01 06:30:00,1754047800000,216.2,216.29,214.62,214.77,248862.0,215.3913
2025-08-01 06:45:00,1754048700000,214.8,216.0,214.75,215.84,217812.0,215.2927
2025-08-01 07:00:00,1754049600000,215.55,219.06,213.8166,214.95,1179848.0,216.5966
2025-08-01 07:15:00,1754050500000,214.95,215.9,214.85,215.59,369619.0,215.5114
2025-08-01 07:30:00,1754051400000,215.54,217.3485,215.1,217.1,781028.0,216.2319
2025-08-01 07:45:00,1754052300000,217.16,217.16,215.63,216.02,367745.0,216.3637
2025-08-01 08:00:00,1754053200000,216.02,217.25,215.24,217.0,625219.0,216.4106
2025-08-01 08:15:00,1754054100000,217.0,218.9,216.41,217.21,1312341.0,217.806
2025-08-01 08:30:00,1754055000000,217.21,220.3,215.25,219.6,17292260.0,217.9414
2025-08-01 08:45:00,1754055900000,219.62,220.4399,217.78,218.4174,6909103.0,218.9351
2025-08-01 09:00:00,1754056800000,218.43,219.97,217.5,219.395,6077218.0,218.7136
2025-08-01 09:15:00,1754057700000,219.39,220.28,218.96,219.095,4335873.0,219.5558
2025-08-01 09:30:00,1754058600000,219.095,219.64,217.9401,218.1408,3671723.0,219.0228
2025-08-01 09:45:00,1754059500000,218.16,218.415,216.11,216.36,4205740.0,217.2531
2025-08-01 10:00:00,1754060400000,216.36,216.555,215.73,216.0299,5879876.0,216.1648
2025-08-01 10:15:00,1754061300000,216.015,216.1699,215.19,215.275,4517591.0,215.8276
2025-08-01 10:30:00,1754062200000,215.2793,216.07,215.09,215.99,3112784.0,215.5767
2025-08-01 10:45:00,1754063100000,215.995,216.35,215.73,215.92,2279852.0,216.0724
2025-08-01 11:00:00,1754064000000,215.91,216.49,215.28,215.7,2874117.0,216.028
2025-08-01 11:15:00,1754064900000,215.71,216.33,215.6401,216.06,2433064.0,216.0067
2025-08-01 11:30:00,1754065800000,216.05,216.25,215.49,215.6056,2097959.0,215.8626
2025-08-01 11:45:00,1754066700000,215.6,215.86,214.81,214.87,2525250.0,215.3577
2025-08-01 12:00:00,1754067600000,214.87,215.21,214.39,214.85,2632161.0,214.8696
2025-08-01 12:15:00,1754068500000,214.84,214.9446,214.01,214.34,2613312.0,214.4938
2025-08-01 12:30:00,1754069400000,214.3393,214.76,213.83,214.13,2561081.0,214.206
2025-08-01 12:45:00,1754070300000,214.13,214.25,213.45,213.63,2625883.0,213.799
2025-08-01 13:00:00,1754071200000,213.625,214.06,212.8,212.838,3060228.0,213.4243
2025-08-01 13:15:00,1754072100000,212.83,214.29,212.82,214.2492,2594002.0,213.6251
2025-08-01 13:30:00,1754073000000,214.23,215.17,214.15,215.135,3568798.0,214.8132
2025-08-01 13:45:00,1754073900000,215.135,215.1653,214.22,214.5499,2513701.0,214.6007
2025-08-01 14:00:00,1754074800000,214.53,214.99,214.485,214.6501,2232011.0,214.7688
2025-08-01 14:15:00,1754075700000,214.65,215.22,214.61,214.875,2443723.0,214.8957
2025-08-01 14:30:00,1754076600000,214.875,215.41,214.49,214.9646,2862756.0,215.0249
2025-08-01 14:45:00,1754077500000,214.96,216.0,214.74,214.855,6666660.0,215.2579
2025-08-01 15:00:00,1754078400000,214.8644,215.09,214.75,214.85,550195.0,214.7976
2025-08-01 15:15:00,1754079300000,214.85,215.15,214.85,215.1385,67305.0,215.1548
2025-08-01 15:30:00,1754080200000,215.14,215.2355,214.75,215.0101,173588.0,214.8386
2025-08-01 15:45:00,1754081100000,215.02,215.1993,214.75,215.1,89575.0,215.0489
2025-08-01 16:00:00,1754082000000,215.09,215.13,214.9394,214.9975,45247.0,215.0218
2025-08-01 16:15:00,1754082900000,214.99,215.03,214.95,215.01,54600.0,214.9794
2025-08-01 16:30:00,1754083800000,215.0499,215.0499,214.87,214.98,43481.0,215.067
2025-08-01 16:45:00,1754084700000,215.0,215.2,214.99,215.13,37399.0,215.6168
2025-08-01 17:00:00,1754085600000,215.13,215.13,215.05,215.0891,23277.0,215.1018
2025-08-01 17:15:00,1754086500000,215.09,215.15,215.02,215.08,19902.0,215.1003
2025-08-01 17:30:00,1754087400000,215.0,215.1,214.96,214.9803,24180.0,215.0221
2025-08-01 17:45:00,1754088300000,214.9801,215.0,214.85,214.95,45442.0,214.9525
2025-08-01 18:00:00,1754089200000,214.95,215.0,214.91,214.97,24502.0,214.9346
2025-08-01 18:15:00,1754090100000,214.9699,215.0,214.85,214.86,17605.0,214.9308
2025-08-01 18:30:00,1754091000000,214.85,214.9,214.85,214.9,19532.0,214.8773
2025-08-01 18:45:00,1754091900000,214.88,215.15,214.88,215.02,42572.0,214.9526
2025-08-04 03:00:00,1754294400000,216.2,217.44,216.12,217.28,67471.0,217.1681
2025-08-04 03:15:00,1754295300000,217.39,217.4,217.1,217.28,30146.0,217.3115
2025-08-04 03:30:00,1754296200000,217.23,217.9,217.23,217.85,36903.0,217.5714
2025-08-04 03:45:00,1754297100000,217.84,218.08,217.73,218.08,45679.0,217.8786
2025-08-04 04:00:00,1754298000000,218.15,218.6,218.07,218.6,62347.0,218.3016
2025-08-04 04:15:00,1754298900000,218.57,218.68,218.0,218.03,49418.0,218.4249
2025-08-04 04:30:00,1754299800000,218.09,218.7,217.9,218.4,62448.0,218.3216
2025-08-04 04:45:00,1754300700000,218.25,218.3,218.04,218.19,22360.0,218.2049
2025-08-04 05:00:00,1754301600000,218.2,218.8,218.12,218.59,58619.0,218.4982
2025-08-04 05:15:00,1754302500000,218.53,218.79,218.45,218.6,54806.0,218.622
2025-08-04 05:30:00,1754303400000,218.6,218.81,218.48,218.57,29305.0,218.6172
2025-08-04 05:45:00,1754304300000,218.55,218.68,218.1,218.11,55819.0,218.3879
2025-08-04 06:00:00,1754305200000,218.12,218.17,217.26,217.39,157843.0,217.7316
2025-08-04 06:15:00,1754306100000,217.42,218.18,217.31,217.94,133639.0,217.9074
2025-08-04 06:30:00,1754307000000,217.99,218.12,217.32,217.44,64935.0,217.6814
2025-08-04 06:45:00,1754307900000,217.45,217.55,217.1,217.2,40016.0,217.3475
2025-08-04 07:00:00,1754308800000,218.06,218.84,215.286,217.18,1277706.0,215.361
2025-08-04 07:15:00,1754309700000,217.22,217.7,217.18,217.55,67422.0,217.4977
2025-08-04 07:30:00,1754310600000,217.56,217.6559,217.4,217.6,50258.0,217.5656
2025-08-04 07:45:00,1754311500000,217.6006,217.62,217.17,217.2999,87329.0,217.4053
2025-08-04 08:00:00,1754312400000,217.23,217.4,217.02,217.18,76803.0,217.1909
2025-08-04 08:15:00,1754313300000,217.18,218.0,217.11,217.44,113746.0,217.4359
2025-08-04 08:30:00,1754314200000,217.4,217.44,214.39,214.93,7352706.0,215.4598
2025-08-04 08:45:00,1754315100000,214.93,215.8187,214.92,215.58,3883347.0,215.3604
2025-08-04 09:00:00,1754316000000,215.59,215.675,214.1,214.155,3685281.0,214.7693
2025-08-04 09:15:00,1754316900000,214.155,214.74,213.1593,213.39,3954867.0,213.908
2025-08-04 09:30:00,1754317800000,213.4,213.4,212.43,212.8344,4736937.0,212.8419
2025-08-04 09:45:00,1754318700000,212.835,212.93,212.08,212.74,3169297.0,212.5661
2025-08-04 10:00:00,1754319600000,212.72,212.86,211.64,212.0444,3016623.0,212.1452
2025-08-04 10:15:00,1754320500000,212.06,212.29,211.42,211.751,3090505.0,211.7895
2025-08-04 10:30:00,1754321400000,211.74,212.55,211.6,212.2776,2852658.0,212.1642
2025-08-04 10:45:00,1754322300000,212.27,213.0756,212.19,212.795,1863787.0,212.5497
2025-08-04 11:00:00,1754323200000,212.79,213.62,212.7801,213.34,2016910.0,213.3266
2025-08-04 11:15:00,1754324100000,213.3201,213.54,212.79,213.351,1717963.0,213.1705
2025-08-04 11:30:00,1754325000000,213.35,213.6,212.68,212.9129,1510170.0,213.2463
2025-08-04 11:45:00,1754325900000,212.89,213.02,212.45,212.83,1482514.0,212.7953
2025-08-04 12:00:00,1754326800000,212.81,213.29,212.81,212.98,1172565.0,213.0668
2025-08-04 12:15:00,1754327700000,212.975,212.98,212.57,212.79,1305228.0,212.7868
2025-08-04 12:30:00,1754328600000,212.79,212.9682,212.65,212.7868,979868.0,212.8138
2025-08-04 12:45:00,1754329500000,212.7839,212.84,212.45,212.6625,1330862.0,212.5869
2025-08-04 13:00:00,1754330400000,212.66,213.1434,212.62,212.93,1512585.0,212.8854
2025-08-04 13:15:00,1754331300000,212.915,213.04,212.355,212.4274,1313493.0,212.7459
2025-08-04 13:30:00,1754332200000,212.415,212.475,212.17,212.45,1390746.0,212.3002
2025-08-04 13:45:00,1754333100000,212.46,212.47,212.04,212.22,2340993.0,212.1982
2025-08-04 14:00:00,1754334000000,212.2271,212.32,211.885,212.28,2358070.0,212.075
2025-08-04 14:15:00,1754334900000,212.28,212.69,212.2,212.44,1773174.0,212.5026
2025-08-04 14:30:00,1754335800000,212.45,212.48,211.65,211.6516,2144319.0,211.974
2025-08-04 14:45:00,1754336700000,211.65,212.44,211.58,211.72,5168573.0,211.856
2025-08-04 15:00:00,1754337600000,211.6948,211.8,211.59,211.78,309784.0,211.6719
2025-08-04 15:15:00,1754338500000,211.79,212.5818,211.5517,211.6001,93235.0,211.669
2025-08-04 15:30:00,1754339400000,211.65,211.9,211.6,211.8508,81701.0,211.7488
2025-08-04 15:45:00,1754340300000,211.85,212.0963,211.65,212.0963,112742.0,211.7954
2025-08-04 16:00:00,1754341200000,212.02,212.1748,211.65,212.084,68175.0,212.0718
2025-08-04 16:15:00,1754342100000,212.05,212.08,212.01,212.02,31026.0,212.0275
2025-08-04 16:30:00,1754343000000,212.04,212.041,212.01,212.02,23184.0,212.0213
2025-08-04 16:45:00,1754343900000,212.0197,212.07,212.01,212.03,20231.0,212.0282
2025-08-04 17:00:00,1754344800000,212.0282,212.07,211.97,212.07,28698.0,212.0086
2025-08-04 17:15:00,1754345700000,212.03,212.1299,212.0,212.1,36652.0,212.0614
2025-08-04 17:30:00,1754346600000,212.08,212.1048,212.0003,212.05,21233.0,212.0446
2025-08-04 17:45:00,1754347500000,212.08,212.1498,212.07,212.1498,18374.0,212.1136
2025-08-04 18:00:00,1754348400000,212.15,212.4292,212.15,212.4,34942.0,212.2836
2025-08-04 18:15:00,1754349300000,212.36,212.4,212.23,212.31,21945.0,212.3184
2025-08-04 18:30:00,1754350200000,212.343,212.35,212.22,212.32,20633.0,212.2834
2025-08-04 18:45:00,1754351100000,212.3494,212.4,212.2665,212.36,32458.0,212.329
2025-08-05 03:00:00,1754380800000,213.25,213.25,212.62,212.8,37597.0,212.8906
2025-08-05 03:15:00,1754381700000,212.85,213.0,212.7,213.0,11504.0,212.8207
2025-08-05 03:30:00,1754382600000,212.96,213.0,212.9,212.92,7515.0,212.9409
2025-08-05 03:45:00,1754383500000,212.9,212.95,212.87,212.87,3897.0,212.9276
2025-08-05 04:00:00,1754384400000,212.88,213.01,212.87,212.88,7008.0,212.9193
2025-08-05 04:15:00,1754385300000,212.98,213.05,212.91,213.05,3384.0,212.9628
2025-08-05 04:30:00,1754386200000,213.04,213.22,213.0,213.22,9108.0,213.1144
2025-08-05 04:45:00,1754387100000,213.09,213.15,213.0,213.15,9918.0,213.1052
2025-08-05 05:00:00,1754388000000,213.17,213.25,213.17,213.21,9926.0,213.2071
2025-08-05 05:15:00,1754388900000,213.24,213.26,213.11,213.19,16749.0,213.1756
2025-08-05 05:30:00,1754389800000,213.25,213.25,213.13,213.2,8038.0,213.1763
2025-08-05 05:45:00,1754390700000,213.2,213.31,213.15,213.25,19265.0,213.2353
2025-08-05 06:00:00,1754391600000,213.17,213.24,212.99,212.99,31246.0,213.0737
2025-08-05 06:15:00,1754392500000,212.97,212.97,212.76,212.84,25666.0,212.8428
2025-08-05 06:30:00,1754393400000,212.83,213.0,212.7,212.95,11692.0,212.8433
2025-08-05 06:45:00,1754394300000,212.99,213.1,212.98,213.0,22461.0,213.0289
2025-08-05 07:00:00,1754395200000,212.95,213.41,212.4,213.35,222699.0,213.0704
2025-08-05 07:15:00,1754396100000,213.45,213.5,212.84,213.0207,99742.0,213.1263
2025-08-05 07:30:00,1754397000000,213.15,213.15,213.0,213.05,38239.0,213.0733
2025-08-05 07:45:00,1754397900000,213.0,213.19,212.8,212.8325,49251.0,212.9559
2025-08-05 08:00:00,1754398800000,212.85,212.93,212.61,212.73,62432.0,212.6966
2025-08-05 08:15:00,1754399700000,212.7,213.73,212.56,213.1,178447.0,213.095
2025-08-05 08:30:00,1754400600000,213.05,215.9806,212.87,215.44,6629963.0,214.6011
2025-08-05 08:45:00,1754401500000,215.42,216.3,215.2,215.66,3638250.0,215.759
2025-08-05 09:00:00,1754402400000,215.63,215.99,214.9078,215.405,2775174.0,215.4077
2025-08-05 09:15:00,1754403300000,215.42,215.88,214.52,214.69,2105795.0,215.1649
2025-08-05 09:30:00,1754404200000,214.68,214.74,213.58,213.74,2332891.0,214.1389
2025-08-05 09:45:00,1754405100000,213.7137,214.42,213.5,214.35,1448037.0,213.9554
2025-08-05 10:00:00,1754406000000,214.34,215.235,213.9501,215.145,1950824.0,214.6808
2025-08-05 10:15:00,1754406900000,215.145,215.37,214.58,214.99,1646902.0,214.9924
2025-08-05 10:30:00,1754407800000,214.97,215.11,214.2,214.51,1271839.0,214.591
2025-08-05 10:45:00,1754408700000,214.49,214.6,214.11,214.36,1076044.0,214.3405
2025-08-05 11:00:00,1754409600000,214.35,215.1332,214.3,215.0501,955114.0,214.6648
2025-08-05 11:15:00,1754410500000,215.065,215.51,215.065,215.38,1198869.0,215.3367
2025-08-05 11:30:00,1754411400000,215.37,215.7,214.74,214.89,1204372.0,215.3029
2025-08-05 11:45:00,1754412300000,214.88,215.085,214.62,214.9504,669494.0,214.8775
2025-08-05 12:00:00,1754413200000,214.94,214.98,214.53,214.59,696091.0,214.7213
2025-08-05 12:15:00,1754414100000,214.58,215.14,214.34,215.075,1297941.0,214.7231
2025-08-05 12:30:00,1754415000000,215.09,215.33,214.8186,215.2796,753634.0,215.0912
2025-08-05 12:45:00,1754415900000,215.27,215.6653,215.2103,215.425,978323.0,215.4204
2025-08-05 13:00:00,1754416800000,215.41,215.47,214.775,214.79,750206.0,215.0754
2025-08-05 13:15:00,1754417700000,214.79,214.86,214.035,214.15,1206740.0,214.3919
2025-08-05 13:30:00,1754418600000,214.15,214.205,213.8201,213.95,1120116.0,213.9848
2025-08-05 13:45:00,1754419500000,213.95,214.0799,213.62,213.81,977819.0,213.7989
2025-08-05 14:00:00,1754420400000,213.815,214.075,213.62,213.72,1174830.0,213.8392
2025-08-05 14:15:00,1754421300000,213.72,213.981,213.52,213.86,1507897.0,213.7757
2025-08-05 14:30:00,1754422200000,213.87,214.2142,213.6,213.9,1574754.0,213.9163
2025-08-05 14:45:00,1754423100000,213.91,215.04,213.55,213.81,3555289.0,213.8305
2025-08-05 15:00:00,1754424000000,213.75,214.11,213.51,214.0601,480310.0,213.761
2025-08-05 15:15:00,1754424900000,213.9999,214.4,213.71,213.99,76453.0,214.0537
2025-08-05 15:30:00,1754425800000,213.76,214.0,213.45,213.65,48219.0,213.7641
2025-08-05 15:45:00,1754426700000,213.7,213.8,213.6,213.6001,331877.0,213.6676
2025-08-05 16:00:00,1754427600000,213.62,213.75,213.6001,213.7,18918.0,213.3487
2025-08-05 16:15:00,1754428500000,213.6652,213.98,213.664,213.94,23168.0,213.7896
2025-08-05 16:30:00,1754429400000,213.9396,213.9396,213.69,213.89,7446.0,213.8135
2025-08-05 16:45:00,1754430300000,213.8,213.89,213.64,213.6401,16963.0,213.7842
2025-08-05 17:00:00,1754431200000,213.7,213.81,213.4,213.41,26504.0,213.5321
2025-08-05 17:15:00,1754432100000,213.44,213.6,213.25,213.4,37172.0,213.3197
2025-08-05 17:30:00,1754433000000,213.5,213.58,213.28,213.47,34309.0,213.4113
2025-08-05 17:45:00,1754433900000,213.46,213.5,213.35,213.4,12670.0,213.3868
2025-08-05 18:00:00,1754434800000,213.4106,213.5716,213.4049,213.57,4539.0,213.4831
2025-08-05 18:15:00,1754435700000,213.5491,213.645,213.53,213.6,12417.0,213.5751
2025-08-05 18:30:00,1754436600000,213.6,213.74,213.52,213.57,11385.0,213.5826
2025-08-05 18:45:00,1754437500000,213.63,213.68,213.43,213.6,14076.0,213.5426
2025-08-06 03:00:00,1754467200000,215.0,215.52,214.94,215.39,21719.0,215.4319
2025-08-06 03:15:00,1754468100000,215.15,215.39,215.13,215.2,8215.0,215.2648
2025-08-06 03:30:00,1754469000000,215.25,215.27,215.05,215.08,4871.0,215.1983
2025-08-06 03:45:00,1754469900000,215.05,215.18,215.05,215.18,1453.0,215.1313
2025-08-06 04:00:00,1754470800000,215.27,215.35,215.19,215.19,6104.0,215.2693
2025-08-06 04:15:00,1754471700000,215.26,215.34,215.01,215.01,3368.0,215.1585
2025-08-06 04:30:00,1754472600000,215.11,215.11,214.99,215.1,8696.0,215.062
2025-08-06 04:45:00,1754473500000,215.11,215.3,215.1,215.1,2360.0,215.197
2025-08-06 05:00:00,1754474400000,215.1,215.21,214.97,215.21,6265.0,215.0677
2025-08-06 05:15:00,1754475300000,215.21,215.21,215.15,215.21,1702.0,215.1692
2025-08-06 05:30:00,1754476200000,215.01,215.01,214.81,214.82,5225.0,214.9265
2025-08-06 05:45:00,1754477100000,214.89,215.18,214.54,215.16,8194.0,214.897
2025-08-06 06:00:00,1754478000000,215.15,215.8,215.01,215.37,74984.0,215.481
2025-08-06 06:15:00,1754478900000,215.44,215.44,215.29,215.3,10286.0,215.3529
2025-08-06 06:30:00,1754479800000,215.39,215.46,215.3,215.34,8785.0,215.3883
2025-08-06 06:45:00,1754480700000,215.4,215.6,215.4,215.42,18360.0,215.4896
2025-08-06 07:00:00,1754481600000,215.58,215.67,214.38,215.0001,125038.0,215.1487
2025-08-06 07:15:00,1754482500000,215.0,215.3,214.8,215.0,36754.0,215.08
2025-08-06 07:30:00,1754483400000,214.85,215.0,214.63,214.88,32348.0,214.8688
2025-08-06 07:45:00,1754484300000,214.8,214.99,214.8,214.9899,28198.0,214.8688
2025-08-06 08:00:00,1754485200000,214.97,215.1,214.85,215.1,28350.0,214.9523
2025-08-06 08:15:00,1754486100000,215.12,215.25,214.47,214.6,63746.0,214.8882
2025-08-06 08:30:00,1754487000000,214.695,214.76,213.82,214.52,2684491.0,214.329
2025-08-06 08:45:00,1754487900000,214.54,214.59,213.75,213.82,1672642.0,214.0809
2025-08-06 09:00:00,1754488800000,213.825,215.77,213.7409,215.25,1997444.0,214.9358
2025-08-06 09:15:00,1754489700000,215.245,215.59,214.88,215.46,1565682.0,215.2868
2025-08-06 09:30:00,1754490600000,215.47,216.45,215.14,216.4,1802742.0,215.8003
2025-08-06 09:45:00,1754491500000,216.41,217.78,216.38,217.6453,2422423.0,217.0326
2025-08-06 10:00:00,1754492400000,217.6446,218.03,217.13,217.48,1941869.0,217.532
2025-08-06 10:15:00,1754493300000,217.475,217.68,217.18,217.51,1400317.0,217.4704
2025-08-06 10:30:00,1754494200000,217.49,217.89,217.43,217.79,1439656.0,217.7078
2025-08-06 10:45:00,1754495100000,217.78,218.57,217.7,218.485,1406436.0,218.1148
2025-08-06 11:00:00,1754496000000,218.49,218.89,218.29,218.87,1608486.0,218.6135
2025-08-06 11:15:00,1754496900000,218.865,219.2317,218.63,218.675,1539268.0,218.9673
2025-08-06 11:30:00,1754497800000,218.68,219.2,218.4,218.92,1042685.0,218.8693
2025-08-06 11:45:00,1754498700000,218.94,219.91,218.88,219.81,1315750.0,219.4438
2025-08-06 12:00:00,1754499600000,219.83,220.1865,219.54,219.92,1618380.0,219.9005
2025-08-06 12:15:00,1754500500000,219.94,220.91,219.89,220.81,1706654.0,220.488
2025-08-06 12:30:00,1754501400000,220.8,221.64,220.64,221.63,1986379.0,221.1771
2025-08-06 12:45:00,1754502300000,221.63,221.67,220.78,221.1,1721089.0,221.2617
2025-08-06 13:00:00,1754503200000,221.11,221.55,221.02,221.36,1191433.0,221.342
2025-08-06 13:15:00,1754504100000,221.34,221.925,221.31,221.46,1340347.0,221.6072
2025-08-06 13:30:00,1754505000000,221.445,221.5428,221.182,221.455,1054765.0,221.3938
2025-08-06 13:45:00,1754505900000,221.45,221.59,220.81,220.82,1102701.0,221.2794
2025-08-06 14:00:00,1754506800000,220.82,221.2234,220.773,221.03,1187227.0,221.0152
2025-08-06 14:15:00,1754507700000,221.04,221.26,220.93,221.2,1497632.0,221.1071
2025-08-06 14:30:00,1754508600000,221.21,221.88,221.03,221.695,1969672.0,221.4815
2025-08-06 14:45:00,1754509500000,221.695,222.65,221.56,222.33,5854160.0,222.1187
2025-08-06 15:00:00,1754510400000,222.3291,222.52,222.0,222.01,508609.0,222.2852
2025-08-06 15:15:00,1754511300000,222.01,222.31,221.8,221.96,759184.0,222.2742
2025-08-06 15:30:00,1754512200000,221.93,222.0,221.91,221.912,30246.0,221.9639
2025-08-06 15:45:00,1754513100000,221.93,221.99,221.76,221.8001,45982.0,221.7839
2025-08-06 16:00:00,1754514000000,221.8,222.31,221.8,221.8491,79405.0,222.1803
2025-08-06 16:15:00,1754514900000,221.8486,221.8486,221.1,221.3267,21274.0,221.5277
2025-08-06 16:30:00,1754515800000,221.0527,222.31,220.73,221.34,33670.0,221.1084
2025-08-06 16:45:00,1754516700000,221.2703,221.8,221.03,221.5,21479.0,221.5247
2025-08-06 17:00:00,1754517600000,221.32,221.65,220.45,221.1,40113.0,220.9033
2025-08-06 17:15:00,1754518500000,221.16,221.7499,221.04,221.57,20121.0,221.4202
2025-08-06 17:30:00,1754519400000,221.5799,221.64,221.22,221.22,13145.0,221.4621
2025-08-06 17:45:00,1754520300000,221.201,221.3995,221.0,221.33,14671.0,221.1348
2025-08-06 18:00:00,1754521200000,221.4,221.5,221.25,221.5,10603.0,221.4056
2025-08-06 18:15:00,1754522100000,221.45,221.5,221.4116,221.5,9295.0,221.4651
2025-08-06 18:30:00,1754523000000,221.45,221.49,221.0,221.49,12042.0,221.3763
2025-08-06 18:45:00,1754523900000,221.41,221.6384,221.277,221.55,21599.0,221.4819
2025-08-07 03:00:00,1754553600000,222.3,222.3,221.84,221.89,27360.0,221.9888
2025-08-07 03:15:00,1754554500000,221.99,222.3,221.99,222.3,13229.0,222.1147
2025-08-07 03:30:00,1754555400000,222.15,222.2,221.89,222.0,16097.0,222.095
2025-08-07 03:45:00,1754556300000,222.04,222.1,222.04,222.09,3333.0,222.0733
2025-08-07 04:00:00,1754557200000,221.94,222.12,221.85,222.0,6130.0,221.9689
2025-08-07 04:15:00,1754558100000,222.13,222.29,222.12,222.29,5370.0,222.1698
2025-08-07 04:30:00,1754559000000,222.29,222.49,222.28,222.49,10455.0,222.3387
2025-08-07 04:45:00,1754559900000,222.5,222.58,222.48,222.58,7926.0,222.5402
2025-08-07 05:00:00,1754560800000,222.57,222.59,222.5,222.56,10639.0,222.5428
2025-08-07 05:15:00,1754561700000,222.62,222.7,222.5,222.63,9554.0,222.5984
2025-08-07 05:30:00,1754562600000,222.5,222.56,222.12,222.25,24921.0,222.3595
2025-08-07 05:45:00,1754563500000,222.25,222.27,222.12,222.27,6831.0,222.1922
2025-08-07 06:00:00,1754564400000,222.11,222.75,222.11,222.53,65366.0,222.5278
2025-08-07 06:15:00,1754565300000,222.55,222.63,222.42,222.46,21720.0,222.5608
2025-08-07 06:30:00,1754566200000,222.45,222.51,221.67,222.04,44190.0,222.0449
2025-08-07 06:45:00,1754567100000,222.0,222.0,221.8,221.85,30938.0,221.8863
2025-08-07 07:00:00,1754568000000,222.67,222.7483,221.08,221.4678,233454.0,221.9195
2025-08-07 07:15:00,1754568900000,221.35,221.5,221.1,221.17,65352.0,221.319
2025-08-07 07:30:00,1754569800000,221.17,221.5,221.13,221.25,90296.0,221.3486
2025-08-07 07:45:00,1754570700000,221.2,221.48,221.15,221.25,116332.0,221.7608
2025-08-07 08:00:00,1754571600000,221.3,221.35,221.064,221.13,68858.0,221.2267
2025-08-07 08:15:00,1754572500000,221.1,221.1,220.7143,220.99,84179.0,221.006
2025-08-07 08:30:00,1754573400000,221.0,224.53,220.95,224.04,4487707.0,223.2691
2025-08-07 08:45:00,1754574300000,224.06,225.84,223.26,225.535,3525747.0,224.8197
2025-08-07 09:00:00,1754575200000,225.55,226.22,224.58,225.255,2908214.0,225.3325
2025-08-07 09:15:00,1754576100000,225.2595,225.55,224.51,224.63,1650209.0,225.0201
2025-08-07 09:30:00,1754577000000,224.62,224.62,223.62,224.005,1391584.0,224.0283
2025-08-07 09:45:00,1754577900000,224.005,224.2117,223.0401,223.45,1335615.0,223.4496
2025-08-07 10:00:00,1754578800000,223.435,223.7497,222.8017,223.37,1305369.0,223.3125
2025-08-07 10:15:00,1754579700000,223.365,223.65,222.92,223.1903,1005496.0,223.28
2025-08-07 10:30:00,1754580600000,223.18,223.4499,222.99,223.18,730059.0,223.2369
2025-08-07 10:45:00,1754581500000,223.185,223.215,222.76,222.83,789237.0,222.9986
2025-08-07 11:00:00,1754582400000,222.82,222.95,221.78,222.5,1253633.0,222.3027
2025-08-07 11:15:00,1754583300000,222.51,223.18,222.46,222.7897,977247.0,222.8737
2025-08-07 11:30:00,1754584200000,222.7903,223.22,222.28,222.41,1007477.0,222.7933
2025-08-07 11:45:00,1754585100000,222.4,223.18,222.14,222.92,912743.0,222.7047
2025-08-07 12:00:00,1754586000000,222.93,223.1563,222.43,222.66,583873.0,222.7387
2025-08-07 12:15:00,1754586900000,222.68,222.74,221.63,221.6699,699419.0,222.2416
2025-08-07 12:30:00,1754587800000,221.645,221.89,221.43,221.7699,778400.0,221.6241
2025-08-07 12:45:00,1754588700000,221.76,222.09,221.62,222.0,549399.0,221.8586
2025-08-07 13:00:00,1754589600000,222.0,222.1017,220.82,221.03,859830.0,221.4249
2025-08-07 13:15:00,1754590500000,221.03,221.52,220.84,221.4,839671.0,221.1318
2025-08-07 13:30:00,1754591400000,221.395,221.5051,220.9945,221.04,755635.0,221.2662
2025-08-07 13:45:00,1754592300000,221.04,221.59,221.0,221.4265,763229.0,221.3078
2025-08-07 14:00:00,1754593200000,221.425,221.54,221.1,221.3303,715319.0,221.3086
2025-08-07 14:15:00,1754594100000,221.33,221.55,221.26,221.48,781277.0,221.4334
2025-08-07 14:30:00,1754595000000,221.48,221.76,221.405,221.58,952844.0,221.5832
2025-08-07 14:45:00,1754595900000,221.57,223.22,221.57,223.175,3573512.0,222.6099
2025-08-07 15:00:00,1754596800000,223.13,223.33,223.01,223.31,522120.0,223.1408
2025-08-07 15:15:00,1754597700000,223.272,223.5,223.13,223.42,38338.0,223.4144
2025-08-07 15:30:00,1754598600000,223.45,223.45,223.13,223.3,31462.0,223.3204
2025-08-07 15:45:00,1754599500000,223.33,223.48,223.33,223.44,14899.0,223.1652
2025-08-07 16:00:00,1754600400000,223.45,223.45,223.3,223.3,32446.0,223.4031
2025-08-07 16:15:00,1754601300000,223.25,223.4749,223.2499,223.32,13410.0,223.2953
2025-08-07 16:30:00,1754602200000,223.26,223.39,223.22,223.2501,4864.0,223.2836
2025-08-07 16:45:00,1754603100000,223.25,223.3278,223.25,223.254,4615.0,223.2604
2025-08-07 17:00:00,1754604000000,223.34,223.49,223.26,223.46,12067.0,223.4142
2025-08-07 17:15:00,1754604900000,223.3729,223.67,223.35,223.4,15294.0,223.4987
2025-08-07 17:30:00,1754605800000,223.599,223.66,223.45,223.6,9488.0,223.5737
2025-08-07 17:45:00,1754606700000,223.56,223.56,223.43,223.5,9714.0,223.4944
2025-08-07 18:00:00,1754607600000,223.42,223.5,223.4001,223.5,3856.0,223.4611
2025-08-07 18:15:00,1754608500000,223.45,223.5,223.402,223.47,6730.0,223.4397
2025-08-07 18:30:00,1754609400000,223.45,223.56,223.25,223.45,9445.0,223.4345
2025-08-07 18:45:00,1754610300000,223.25,223.54,223.21,223.31,12490.0,223.3995
2025-08-08 03:00:00,1754640000000,223.96,223.96,223.73,223.9,4294.0,223.8384
2025-08-08 03:15:00,1754640900000,223.9,223.91,223.85,223.91,6101.0,223.8944
2025-08-08 03:30:00,1754641800000,223.94,223.94,223.85,223.94,3034.0,223.9032
2025-08-08 03:45:00,1754642700000,223.89,223.92,223.89,223.89,2028.0,223.9085
2025-08-08 04:00:00,1754643600000,223.9,223.94,223.9,223.93,2555.0,223.9135
2025-08-08 04:15:00,1754644500000,223.97,224.01,223.91,223.98,6084.0,223.9833
2025-08-08 04:30:00,1754645400000,223.96,223.98,223.9,223.93,2479.0,223.9445
2025-08-08 04:45:00,1754646300000,223.95,223.95,223.95,223.95,123.0,223.9507
2025-08-08 05:00:00,1754647200000,223.98,224.1,223.98,224.0,6324.0,224.0643
2025-08-08 05:15:00,1754648100000,224.08,224.08,224.0,224.0,3193.0,224.0184
2025-08-08 05:30:00,1754649000000,224.0,224.0,223.94,223.94,2430.0,223.9629
2025-08-08 05:45:00,1754649900000,223.99,224.01,223.96,224.01,3179.0,223.9787
2025-08-08 06:00:00,1754650800000,223.95,224.0,223.8,223.95,7325.0,223.9025
2025-08-08 06:15:00,1754651700000,223.95,223.95,223.84,223.84,2592.0,223.8796
2025-08-08 06:30:00,1754652600000,223.84,223.92,223.81,223.89,6692.0,223.8807
2025-08-08 06:45:00,1754653500000,223.89,223.92,223.89,223.89,11531.0,223.8904
2025-08-08 07:00:00,1754654400000,223.91,224.0,223.24,223.599,99711.0,223.56
2025-08-08 07:15:00,1754655300000,223.56,223.6779,223.4,223.6779,16022.0,223.5257
2025-08-08 07:30:00,1754656200000,223.67,223.67,223.22,223.4,18049.0,223.4044
2025-08-08 07:45:00,1754657100000,223.2756,223.85,223.2756,223.59,25472.0,223.5667
2025-08-08 08:00:00,1754658000000,223.59,223.89,223.4501,223.79,37291.0,223.7167
2025-08-08 08:15:00,1754658900000,223.8388,223.99,222.91,223.2,42966.0,223.4169
2025-08-08 08:30:00,1754659800000,223.14,223.8,222.5,223.38,2248969.0,223.1098
2025-08-08 08:45:00,1754660700000,223.4,223.75,222.5,222.95,1609134.0,223.1786
2025-08-08 09:00:00,1754661600000,222.95,223.31,222.185,222.395,1614281.0,222.7398
2025-08-08 09:15:00,1754662500000,222.3804,222.84,222.02,222.6197,1255875.0,222.4975
2025-08-08 09:30:00,1754663400000,222.62,223.18,222.55,222.9799,998015.0,222.9388
2025-08-08 09:45:00,1754664300000,222.93,223.1,222.66,222.811,784449.0,222.9004
2025-08-08 10:00:00,1754665200000,222.83,223.47,222.67,223.07,1124928.0,223.0809
2025-08-08 10:15:00,1754666100000,223.1005,223.4,222.78,222.8863,902482.0,223.0893
2025-08-08 10:30:00,1754667000000,222.89,222.93,222.255,222.39,965397.0,222.5842
2025-08-08 10:45:00,1754667900000,222.37,223.0,222.195,222.875,731310.0,222.7094
2025-08-08 11:00:00,1754668800000,222.86,223.16,222.776,222.815,868651.0,223.0127
2025-08-08 11:15:00,1754669700000,222.82,222.87,222.465,222.53,727524.0,222.6769
2025-08-08 11:30:00,1754670600000,222.54,222.6655,222.42,222.4602,631945.0,222.5291
2025-08-08 11:45:00,1754671500000,222.475,222.5781,222.21,222.485,739721.0,222.3906
2025-08-08 12:00:00,1754672400000,222.485,222.6899,222.35,222.505,522247.0,222.5296
2025-08-08 12:15:00,1754673300000,222.4961,222.65,222.4,222.45,454745.0,222.5213
2025-08-08 12:30:00,1754674200000,222.45,222.58,222.25,222.3601,732936.0,222.3839
2025-08-08 12:45:00,1754675100000,222.359,222.59,222.22,222.575,584706.0,222.4117
2025-08-08 13:00:00,1754676000000,222.59,222.69,222.07,222.115,633697.0,222.3712
2025-08-08 13:15:00,1754676900000,222.115,222.23,221.8836,222.085,794089.0,222.0756
2025-08-08 13:30:00,1754677800000,222.09,222.29,222.045,222.1417,661496.0,222.185
2025-08-08 13:45:00,1754678700000,222.15,222.38,222.125,222.2974,1638022.0,222.223
2025-08-08 14:00:00,1754679600000,222.3,222.44,222.14,222.2799,629432.0,222.2775
2025-08-08 14:15:00,1754680500000,222.28,222.56,222.215,222.44,1303776.0,222.358
2025-08-08 14:30:00,1754681400000,222.44,222.72,222.41,222.4799,1502513.0,222.5667
2025-08-08 14:45:00,1754682300000,222.46,222.73,222.25,222.69,2431157.0,222.521
2025-08-08 15:00:00,1754683200000,222.69,222.91,222.6,222.91,321327.0,222.7
2025-08-08 15:15:00,1754684100000,222.91,222.9151,222.69,222.69,26450.0,222.8207
2025-08-08 15:30:00,1754685000000,222.79,222.8919,222.68,222.68,37849.0,222.7886
2025-08-08 15:45:00,1754685900000,222.66,222.76,222.46,222.64,48645.0,222.2965
2025-08-08 16:00:00,1754686800000,222.64,222.73,222.55,222.65,32714.0,222.2244
2025-08-08 16:15:00,1754687700000,222.65,222.7,222.5501,222.7,7912.0,222.4087
2025-08-08 16:30:00,1754688600000,222.63,222.71,222.5994,222.71,3126.0,222.6905
2025-08-08 16:45:00,1754689500000,222.6562,222.67,222.59,222.59,2373.0,222.6321
2025-08-08 17:00:00,1754690400000,222.59,222.62,222.57,222.58,1266.0,222.6009
2025-08-08 17:15:00,1754691300000,222.6,222.67,222.6,222.66,3743.0,222.6592
2025-08-08 17:30:00,1754692200000,222.6601,222.6601,222.5,222.5891,11439.0,222.6129
2025-08-08 17:45:00,1754693100000,222.58,222.67,222.53,222.6487,5739.0,222.6056
2025-08-08 18:00:00,1754694000000,222.5499,222.67,222.53,222.65,4961.0,222.6388
2025-08-08 18:15:00,1754694900000,222.7,222.7,222.65,222.69,5581.0,222.6751
2025-08-08 18:30:00,1754695800000,222.6999,222.74,222.6708,222.72,4196.0,222.7122
2025-08-08 18:45:00,1754696700000,222.71,222.75,222.65,222.7,13358.0,222.6893
2025-08-11 03:00:00,1754899200000,222.69,223.36,222.58,222.88,23784.0,222.8323
2025-08-11 03:15:00,1754900100000,222.99,222.99,222.73,222.9,6338.0,222.8868
2025-08-11 03:30:00,1754901000000,222.93,223.2,222.9,223.2,7827.0,223.0288
2025-08-11 03:45:00,1754901900000,223.15,223.15,223.0,223.0,6720.0,223.0821
2025-08-11 04:00:00,1754902800000,223.0,223.04,222.99,223.04,2132.0,223.0171
2025-08-11 04:15:00,1754903700000,223.15,223.15,223.15,223.15,560.0,223.1446
2025-08-11 04:30:00,1754904600000,223.15,223.21,223.08,223.19,7013.0,223.1193
2025-08-11 04:45:00,1754905500000,223.15,223.21,223.11,223.21,2301.0,223.177
2025-08-11 05:00:00,1754906400000,223.1,223.1,223.01,223.05,3745.0,223.0785
2025-08-11 05:15:00,1754907300000,223.12,223.2,223.12,223.2,1234.0,223.1842
2025-08-11 05:30:00,1754908200000,223.12,223.12,223.01,223.01,2265.0,223.0768
2025-08-11 05:45:00,1754909100000,223.17,223.33,223.05,223.15,4888.0,223.1936
2025-08-11 06:00:00,1754910000000,223.12,223.18,223.05,223.13,9024.0,223.1079
2025-08-11 06:15:00,1754910900000,223.12,223.16,223.1,223.16,8160.0,223.1172
2025-08-11 06:30:00,1754911800000,223.17,223.29,223.17,223.19,12570.0,223.1928
2025-08-11 06:45:00,1754912700000,223.19,223.26,223.16,223.23,10226.0,223.1913
2025-08-11 07:00:00,1754913600000,223.21,223.75,222.53,223.67,115396.0,223.1495
2025-08-11 07:15:00,1754914500000,223.63,223.9,223.5114,223.547,53675.0,223.8075
2025-08-11 07:30:00,1754915400000,223.55,223.69,223.28,223.56,24987.0,223.4581
2025-08-11 07:45:00,1754916300000,223.47,223.56,223.19,223.28,13497.0,223.3635
2025-08-11 08:00:00,1754917200000,223.22,223.3396,223.17,223.23,19880.0,223.2144
2025-08-11 08:15:00,1754918100000,223.23,223.28,221.5,221.92,134292.0,222.4955
2025-08-11 08:30:00,1754919000000,221.78,223.05,221.04,221.52,3001651.0,222.0286
2025-08-11 08:45:00,1754919900000,221.525,221.615,220.4,221.0,1928765.0,220.8623
2025-08-11 09:00:00,1754920800000,220.99,221.45,220.85,221.345,1460883.0,221.1394
2025-08-11 09:15:00,1754921700000,221.35,221.985,221.3,221.52,1132233.0,221.7278
2025-08-11 09:30:00,1754922600000,221.525,222.04,221.525,221.76,1058108.0,221.7567
2025-08-11 09:45:00,1754923500000,221.75,221.91,221.38,221.49,892208.0,221.7056
2025-08-11 10:00:00,1754924400000,221.472,221.8,221.22,221.4101,905422.0,221.487
2025-08-11 10:15:00,1754925300000,221.41,221.87,221.26,221.71,823607.0,221.5821
2025-08-11 10:30:00,1754926200000,221.7,221.765,221.12,221.26,880416.0,221.3887
2025-08-11 10:45:00,1754927100000,221.27,221.57,221.04,221.515,1051688.0,221.277
2025-08-11 11:00:00,1754928000000,221.5,222.03,221.31,221.9399,960064.0,221.7036
2025-08-11 11:15:00,1754928900000,221.93,222.18,221.81,222.115,1163065.0,221.9813
2025-08-11 11:30:00,1754929800000,222.1185,222.2299,221.63,221.63,641904.0,221.9939
2025-08-11 11:45:00,1754930700000,221.62,221.885,221.47,221.82,369342.0,221.7357
2025-08-11 12:00:00,1754931600000,221.81,221.9,221.66,221.67,431971.0,221.7815
2025-08-11 12:15:00,1754932500000,221.66,221.89,221.541,221.69,465466.0,221.7074
2025-08-11 12:30:00,1754933400000,221.6835,221.84,221.1,221.25,868053.0,221.4293
2025-08-11 12:45:00,1754934300000,221.25,221.26,220.8217,221.0299,986080.0,220.9929
2025-08-11 13:00:00,1754935200000,221.03,221.09,220.7,220.82,848942.0,220.8796
2025-08-11 13:15:00,1754936100000,220.815,221.0,220.62,220.73,721185.0,220.8048
2025-08-11 13:30:00,1754937000000,220.72,221.11,220.68,220.695,790707.0,220.9377
2025-08-11 13:45:00,1754937900000,220.7,221.03,220.6268,220.995,699407.0,220.8556
2025-08-11 14:00:00,1754938800000,221.01,221.32,220.97,221.2262,619311.0,221.1718
2025-08-11 14:15:00,1754939700000,221.24,221.31,221.025,221.235,688641.0,221.1878
2025-08-11 14:30:00,1754940600000,221.23,221.3099,220.68,220.73,1012068.0,220.9753
2025-08-11 14:45:00,1754941500000,220.7314,221.47,220.4,221.37,3227066.0,220.9336
2025-08-11 15:00:00,1754942400000,221.3,221.72,221.02,221.2,372947.0,221.2992
2025-08-11 15:15:00,1754943300000,221.13,221.3,221.04,221.087,10491.0,221.1813
2025-08-11 15:30:00,1754944200000,221.1,221.3,221.0,221.0101,17658.0,221.1323
2025-08-11 15:45:00,1754945100000,221.0,221.3,220.92,221.1,10827.0,220.9416
2025-08-11 16:00:00,1754946000000,221.05,221.3,221.05,221.15,12590.0,220.9634
2025-08-11 16:15:00,1754946900000,221.15,221.2499,221.109,221.109,7297.0,219.5428
2025-08-11 16:30:00,1754947800000,221.1,221.2428,221.0562,221.17,4116.0,221.1083
2025-08-11 16:45:00,1754948700000,221.15,221.15,221.01,221.09,9318.0,221.0688
2025-08-11 17:00:00,1754949600000,221.13,221.35,221.0718,221.3,19647.0,221.2816
2025-08-11 17:15:00,1754950500000,221.28,221.28,221.13,221.13,6507.0,221.2514
2025-08-11 17:30:00,1754951400000,221.13,221.25,221.13,221.2446,2479.0,221.1833
2025-08-11 17:45:00,1754952300000,221.134,221.25,221.12,221.25,7311.0,221.1747
2025-08-11 18:00:00,1754953200000,221.25,221.2816,221.05,221.12,13922.0,221.1886
2025-08-11 18:15:00,1754954100000,221.2,221.24,221.16,221.18,7648.0,221.1964
2025-08-11 18:30:00,1754955000000,221.1304,221.24,221.121,221.2,3022.0,221.1709
2025-08-11 18:45:00,1754955900000,221.2,221.25,221.1325,221.18,8007.0,221.2059
2025-08-12 03:00:00,1754985600000,221.67,221.78,221.56,221.7,4822.0,221.6832
2025-08-12 03:15:00,1754986500000,221.63,221.63,221.55,221.55,1747.0,221.5748
2025-08-12 03:30:00,1754987400000,221.59,221.65,221.44,221.44,2615.0,221.5701
2025-08-12 04:00:00,1754989200000,221.38,221.44,221.35,221.35,2104.0,221.4034
2025-08-12 04:15:00,1754990100000,221.4,221.46,221.4,221.46,737.0,221.4205
2025-08-12 04:30:00,1754991000000,221.33,221.33,221.3,221.3,1179.0,221.3339
2025-08-12 04:45:00,1754991900000,221.37,221.5,221.37,221.46,2275.0,221.444
2025-08-12 05:00:00,1754992800000,221.35,221.4,221.32,221.32,907.0,221.3516
2025-08-12 05:15:00,1754993700000,221.36,221.36,221.3,221.3,1561.0,221.3155
2025-08-12 05:30:00,1754994600000,221.2,221.24,221.2,221.24,1374.0,221.2497
2025-08-12 05:45:00,1754995500000,221.23,221.23,221.23,221.23,219.0,221.2313
2025-08-12 06:00:00,1754996400000,221.31,221.31,221.21,221.21,5857.0,221.2351
2025-08-12 06:15:00,1754997300000,221.14,221.2,221.07,221.07,3250.0,221.1593
2025-08-12 06:30:00,1754998200000,221.1,221.16,221.1,221.1,1903.0,221.1286
2025-08-12 06:45:00,1754999100000,221.03,221.09,221.02,221.08,4811.0,221.0586
2025-08-12 07:00:00,1755000000000,221.1,221.8,221.0,221.16,54332.0,221.28
2025-08-12 07:15:00,1755000900000,221.1,221.2715,221.0,221.2715,21197.0,221.0824
2025-08-12 07:30:00,1755001800000,221.2,222.91,221.2,222.56,206218.0,222.4323
2025-08-12 07:45:00,1755002700000,222.54,223.0,222.51,222.64,101295.0,222.752
2025-08-12 08:00:00,1755003600000,222.65,222.76,222.25,222.39,53876.0,222.4438
2025-08-12 08:15:00,1755004500000,222.4392,222.44,221.52,222.23,91035.0,222.0292
2025-08-12 08:30:00,1755005400000,222.23,223.5,221.22,221.29,3451898.0,222.5625
2025-08-12 08:45:00,1755006300000,221.3,221.3,219.05,219.82,3406330.0,220.0173
2025-08-12 09:00:00,1755007200000,219.825,220.51,219.335,220.47,1856735.0,219.7917
2025-08-12 09:15:00,1755008100000,220.47,221.2,220.369,220.82,1347934.0,220.7497
2025-08-12 09:30:00,1755009000000,220.81,220.97,220.4614,220.67,1158278.0,220.7526
2025-08-12 09:45:00,1755009900000,220.65,221.07,220.5601,220.825,1031998.0,220.8387
2025-08-12 10:00:00,1755010800000,220.83,221.55,220.79,221.43,1005322.0,221.1491
2025-08-12 10:15:00,1755011700000,221.44,221.67,221.0569,221.09,1222049.0,221.4143
2025-08-12 10:30:00,1755012600000,221.11,221.4414,220.8601,221.345,909452.0,221.135
2025-08-12 10:45:00,1755013500000,221.345,222.07,221.2,222.04,799326.0,221.5416
2025-08-12 11:00:00,1755014400000,222.01,222.0159,221.38,221.465,774931.0,221.6571
2025-08-12 11:15:00,1755015300000,221.465,221.845,221.45,221.68,594350.0,221.6283
2025-08-12 11:30:00,1755016200000,221.68,222.0,221.675,221.825,568117.0,221.8376
2025-08-12 11:45:00,1755017100000,221.825,222.17,221.815,222.01,592925.0,222.0532
2025-08-12 12:00:00,1755018000000,222.015,222.1799,221.88,221.985,996507.0,221.9396
2025-08-12 12:15:00,1755018900000,221.985,222.26,221.985,222.12,1109710.0,221.9548
2025-08-12 12:30:00,1755019800000,222.125,222.14,221.67,221.97,1032986.0,221.8838
2025-08-12 12:45:00,1755020700000,221.98,222.43,221.965,222.0703,564820.0,222.212
2025-08-12 13:00:00,1755021600000,222.1,222.2,221.8704,221.91,721785.0,221.9953
2025-08-12 13:15:00,1755022500000,221.915,222.04,221.75,221.9699,634164.0,221.9089
2025-08-12 13:30:00,1755023400000,221.97,222.065,221.8002,221.99,506614.0,221.9375
2025-08-12 13:45:00,1755024300000,221.98,222.16,221.89,221.9515,564182.0,222.0232
2025-08-12 14:00:00,1755025200000,221.95,221.96,221.545,221.74,768057.0,221.7413
2025-08-12 14:15:00,1755026100000,221.75,221.951,221.71,221.865,721616.0,221.8268
2025-08-12 14:30:00,1755027000000,221.87,221.96,221.63,221.76,1132744.0,221.8321
2025-08-12 14:45:00,1755027900000,221.755,221.795,221.07,221.42,3566394.0,221.5004
2025-08-12 15:00:00,1755028800000,221.47,221.53,221.3275,221.43,629458.0,221.4664
2025-08-12 15:15:00,1755029700000,221.4,221.47,221.3,221.3847,18180.0,221.351
2025-08-12 15:30:00,1755030600000,221.34,221.5,221.34,221.4399,9090.0,221.4029
2025-08-12 15:45:00,1755031500000,221.43,221.6,221.4,221.58,30282.0,221.5174
2025-08-12 16:00:00,1755032400000,221.57,221.6835,221.4694,221.589,14677.0,221.5377
2025-08-12 16:15:00,1755033300000,221.5213,221.58,221.49,221.5,7227.0,221.4754
2025-08-12 16:30:00,1755034200000,221.55,221.55,221.42,221.42,3256.0,221.4757
2025-08-12 16:45:00,1755035100000,221.42,221.47,221.4041,221.42,5308.0,221.4247
2025-08-12 17:00:00,1755036000000,221.4,221.45,221.4,221.42,11974.0,221.4203
2025-08-12 17:15:00,1755036900000,221.4,221.47,221.4,221.43,7988.0,221.4282
2025-08-12 17:30:00,1755037800000,221.4,221.43,221.4,221.42,5517.0,221.4166
2025-08-12 17:45:00,1755038700000,221.4,221.42,221.36,221.4,3751.0,221.3914
2025-08-12 18:00:00,1755039600000,221.4,221.49,221.4,221.49,7012.0,221.4109
2025-08-12 18:15:00,1755040500000,221.48,221.58,221.37,221.4,5061.0,221.4334
2025-08-12 18:30:00,1755041400000,221.3804,221.41,221.34,221.4,9081.0,221.378
2025-08-12 18:45:00,1755042300000,221.4,221.58,221.38,221.4,26321.0,221.4371
2025-08-13 03:00:00,1755072000000,221.65,222.2,221.65,222.1,16769.0,222.057
2025-08-13 03:15:00,1755072900000,222.05,222.1,221.99,222.0,8252.0,222.0492
2025-08-13 03:30:00,1755073800000,222.05,222.1,222.05,222.05,2346.0,222.0759
2025-08-13 03:45:00,1755074700000,222.01,222.03,221.93,221.93,6266.0,221.9972
2025-08-13 04:00:00,1755075600000,221.93,222.0,221.9,222.0,3961.0,221.9511
2025-08-13 04:15:00,1755076500000,221.99,221.99,221.86,221.86,4247.0,221.9388
2025-08-13 04:30:00,1755077400000,221.86,221.86,221.7,221.7,3666.0,221.7847
2025-08-13 04:45:00,1755078300000,221.85,221.93,221.85,221.93,1740.0,221.8854
2025-08-13 05:00:00,1755079200000,221.99,222.01,221.98,221.98,901.0,221.9964
2025-08-13 05:15:00,1755080100000,222.03,222.08,221.93,221.93,5378.0,222.0102
2025-08-13 05:30:00,1755081000000,222.01,222.05,222.0,222.0,1778.0,222.0059
2025-08-13 05:45:00,1755081900000,222.0,222.13,222.0,222.1,6298.0,222.0836
2025-08-13 06:00:00,1755082800000,222.1,222.1,221.89,221.89,13811.0,221.9682
2025-08-13 06:15:00,1755083700000,221.92,221.935,221.78,221.8,13769.0,221.8321
2025-08-13 06:30:00,1755084600000,221.75,221.8,221.6,221.6,14166.0,221.6946
2025-08-13 06:45:00,1755085500000,221.61,221.69,221.6,221.6,18378.0,221.6253
2025-08-13 07:00:00,1755086400000,221.92,222.3,221.22,221.33,141131.0,221.7342
2025-08-13 07:15:00,1755087300000,221.48,221.7,221.33,221.65,30308.0,221.5642
2025-08-13 07:30:00,1755088200000,221.67,221.8,221.63,221.8,25110.0,221.7237
2025-08-13 07:45:00,1755089100000,221.84,221.8988,221.7,221.74,21519.0,221.8054
2025-08-13 08:00:00,1755090000000,221.66,222.09,221.65,222.09,56315.0,221.9615
2025-08-13 08:15:00,1755090900000,222.09,222.58,221.93,222.01,112969.0,222.2367
2025-08-13 08:30:00,1755091800000,222.0,224.72,222.0,224.0295,4057007.0,223.493
2025-08-13 08:45:00,1755092700000,224.01,224.9185,223.92,224.32,2335012.0,224.4638
2025-08-13 09:00:00,1755093600000,224.34,224.34,223.28,223.78,1702927.0,223.6315
2025-08-13 09:15:00,1755094500000,223.7963,223.98,222.58,222.6,1384511.0,223.3428
2025-08-13 09:30:00,1755095400000,222.6,223.2199,222.48,223.16,1377810.0,222.771
2025-08-13 09:45:00,1755096300000,223.16,223.6172,222.84,223.2045,1063624.0,223.2648
2025-08-13 10:00:00,1755097200000,223.19,223.65,222.8,223.59,1285881.0,223.2006
2025-08-13 10:15:00,1755098100000,223.59,224.88,223.43,224.201,1832481.0,224.19
2025-08-13 10:30:00,1755099000000,224.205,224.22,223.485,223.795,994333.0,223.8233
2025-08-13 10:45:00,1755099900000,223.795,223.94,223.27,223.395,895930.0,223.6602
2025-08-13 11:00:00,1755100800000,223.4,223.64,223.2,223.62,763039.0,223.4101
2025-08-13 11:15:00,1755101700000,223.63,224.585,223.6088,224.315,1222027.0,224.1494
2025-08-13 11:30:00,1755102600000,224.315,224.37,223.8725,224.0155,862366.0,224.0986
2025-08-13 11:45:00,1755103500000,224.02,224.4,223.995,224.38,554978.0,224.2068
2025-08-13 12:00:00,1755104400000,224.37,224.73,224.18,224.185,859942.0,224.4369
2025-08-13 12:15:00,1755105300000,224.19,224.7,224.18,224.65,544044.0,224.4337
2025-08-13 12:30:00,1755106200000,224.6601,224.71,224.305,224.46,748742.0,224.4911
2025-08-13 12:45:00,1755107100000,224.46,224.66,224.32,224.5336,578563.0,224.4769
2025-08-13 13:00:00,1755108000000,224.54,224.54,223.92,224.035,806404.0,224.108
2025-08-13 13:15:00,1755108900000,224.035,224.12,223.93,224.09,546026.0,224.0374
2025-08-13 13:30:00,1755109800000,224.095,224.21,223.9,224.05,798964.0,224.0803
2025-08-13 13:45:00,1755110700000,224.05,224.34,223.89,224.26,507367.0,224.0981
2025-08-13 14:00:00,1755111600000,224.25,224.395,224.16,224.325,456299.0,224.2835
2025-08-13 14:15:00,1755112500000,224.32,224.585,224.2327,224.385,703688.0,224.409
2025-08-13 14:30:00,1755113400000,224.39,224.5299,224.075,224.1015,1003616.0,224.3542
2025-08-13 14:45:00,1755114300000,224.11,224.8399,224.11,224.555,2684661.0,224.5756
2025-08-13 15:00:00,1755115200000,224.56,224.65,224.23,224.35,298595.0,224.5461
2025-08-13 15:15:00,1755116100000,224.32,224.54,224.0554,224.2,44551.0,224.2257
2025-08-13 15:30:00,1755117000000,224.1498,224.56,224.05,224.19,59614.0,224.3429
2025-08-13 15:45:00,1755117900000,224.09,224.56,224.09,224.1101,13999.0,224.1493
2025-08-13 16:00:00,1755118800000,224.17,224.33,224.12,224.22,5898.0,224.219
2025-08-13 16:15:00,1755119700000,224.25,224.347,224.2,224.27,5620.0,224.2698
2025-08-13 16:30:00,1755120600000,224.31,224.35,224.23,224.35,5532.0,224.1456
2025-08-13 16:45:00,1755121500000,224.31,224.4,224.21,224.21,3368.0,224.2567
2025-08-13 17:00:00,1755122400000,224.2014,224.3,224.11,224.13,5604.0,224.1908
2025-08-13 17:15:00,1755123300000,224.15,224.3,224.14,224.29,4489.0,224.197
2025-08-13 17:30:00,1755124200000,224.283,224.3,224.13,224.13,2763.0,224.2112
2025-08-13 17:45:00,1755125100000,224.25,224.3,224.2,224.2,5661.0,224.2467
2025-08-13 18:00:00,1755126000000,224.25,224.3,224.25,224.27,2144.0,224.2742
2025-08-13 18:15:00,1755126900000,224.27,224.3,224.26,224.27,5186.0,224.277
2025-08-13 18:30:00,1755127800000,224.3,224.43,224.2999,224.42,8075.0,224.3889
2025-08-13 18:45:00,1755128700000,224.45,224.5,224.39,224.4993,6312.0,224.4381
2025-08-14 03:00:00,1755158400000,224.54,224.54,224.4,224.47,5849.0,224.4682
2025-08-14 03:15:00,1755159300000,224.5,224.54,224.48,224.5,2600.0,224.4994
2025-08-14 03:30:00,1755160200000,224.44,224.44,224.39,224.39,2310.0,224.4185
2025-08-14 03:45:00,1755161100000,224.54,224.54,224.48,224.48,954.0,224.5014
2025-08-14 04:00:00,1755162000000,224.52,224.85,224.5,224.85,6341.0,224.6375
2025-08-14 04:15:00,1755162900000,224.78,224.89,224.75,224.89,1507.0,224.796
2025-08-14 04:30:00,1755163800000,224.87,224.92,224.87,224.92,1649.0,224.8915
2025-08-14 04:45:00,1755164700000,224.84,224.88,224.84,224.88,1102.0,224.8631
2025-08-14 05:00:00,1755165600000,224.85,224.85,224.85,224.85,118.0,224.8502
2025-08-14 05:15:00,1755166500000,224.88,225.1,224.79,225.1,18080.0,224.9731
2025-08-14 05:30:00,1755167400000,225.07,225.1,224.87,224.9,5260.0,224.9987
2025-08-14 05:45:00,1755168300000,225.02,225.16,225.0,225.16,9444.0,225.1031
2025-08-14 06:00:00,1755169200000,225.07,225.16,224.81,224.95,20160.0,224.9691
2025-08-14 06:15:00,1755170100000,224.95,225.04,224.94,225.0,12672.0,225.0
2025-08-14 06:30:00,1755171000000,224.95,225.2,224.93,225.12,9271.0,225.0626
2025-08-14 06:45:00,1755171900000,225.09,225.47,225.08,225.46,10817.0,225.2687
2025-08-14 07:00:00,1755172800000,225.0,225.85,224.06,225.75,144167.0,225.054
2025-08-14 07:15:00,1755173700000,225.71,226.55,225.5,226.49,119464.0,226.0357
2025-08-14 07:30:00,1755174600000,226.1,226.1,224.0785,225.59,281558.0,224.9267
2025-08-14 07:45:00,1755175500000,225.5299,225.92,225.3,225.911,169324.0,225.6667
2025-08-14 08:00:00,1755176400000,225.9,226.5,225.6001,226.47,183518.0,225.9622
2025-08-14 08:15:00,1755177300000,226.43,227.7,226.3814,227.41,411882.0,227.0152
2025-08-14 08:30:00,1755178200000,227.4,230.4899,227.02,230.46,9042338.0,229.2236
2025-08-14 08:45:00,1755179100000,230.47,230.47,229.04,230.19,3239300.0,229.7059
2025-08-14 09:00:00,1755180000000,230.19,230.49,228.59,228.64,2609556.0,229.4028
2025-08-14 09:15:00,1755180900000,228.64,229.74,228.52,229.32,1736804.0,229.2705
2025-08-14 09:30:00,1755181800000,229.3341,229.525,228.565,229.4788,1354203.0,229.0872
2025-08-14 09:45:00,1755182700000,229.46,230.055,229.27,229.92,1692629.0,229.7727
2025-08-14 10:00:00,1755183600000,229.93,230.1,228.94,229.17,1374611.0,229.4276
2025-08-14 10:15:00,1755184500000,229.17,229.4,228.25,228.601,1575928.0,228.8756
2025-08-14 10:30:00,1755185400000,228.61,229.1692,228.51,229.05,1080654.0,228.7777
2025-08-14 10:45:00,1755186300000,229.0431,229.9,228.95,229.78,1158652.0,229.5172
2025-08-14 11:00:00,1755187200000,229.79,230.29,229.56,230.145,1609998.0,229.9788
2025-08-14 11:15:00,1755188100000,230.14,231.64,230.13,230.455,2782396.0,230.9599
2025-08-14 11:30:00,1755189000000,230.45,230.91,230.41,230.9,864724.0,230.7167
2025-08-14 11:45:00,1755189900000,230.905,231.72,230.7375,231.5999,1240770.0,231.2344
2025-08-14 12:00:00,1755190800000,231.59,231.72,231.09,231.66,1409961.0,231.4245
2025-08-14 12:15:00,1755191700000,231.66,232.185,231.49,232.1489,1188894.0,231.783
2025-08-14 12:30:00,1755192600000,232.155,232.305,231.89,232.285,1586904.0,232.1308
2025-08-14 12:45:00,1755193500000,232.29,233.03,232.0825,232.97,2612786.0,232.5906
2025-08-14 13:00:00,1755194400000,232.97,233.11,232.32,232.36,1997643.0,232.8413
2025-08-14 13:15:00,1755195300000,232.39,232.84,232.1903,232.465,1668176.0,232.505
2025-08-14 13:30:00,1755196200000,232.46,232.6,232.24,232.52,1266701.0,232.4178
2025-08-14 13:45:00,1755197100000,232.52,232.53,231.5393,231.635,1139556.0,232.0582
2025-08-14 14:00:00,1755198000000,231.635,232.0697,231.51,231.87,1375867.0,231.8361
2025-08-14 14:15:00,1755198900000,231.87,232.04,231.05,231.37,1746539.0,231.5323
2025-08-14 14:30:00,1755199800000,231.38,231.6,231.08,231.4779,1874629.0,231.3757
2025-08-14 14:45:00,1755200700000,231.48,231.63,230.84,230.89,3947164.0,231.2381
2025-08-14 15:00:00,1755201600000,230.98,231.09,230.25,230.35,425571.0,230.927
2025-08-14 15:15:00,1755202500000,230.35,230.7,230.1,230.6,47568.0,230.2891
2025-08-14 15:30:00,1755203400000,230.61,232.5,230.51,231.15,102021.0,231.1609
2025-08-14 15:45:00,1755204300000,231.1,232.0,230.8,230.8,43127.0,231.063
2025-08-14 16:00:00,1755205200000,230.9001,230.98,230.6,230.6199,64160.0,230.9113
2025-08-14 16:15:00,1755206100000,230.6,230.99,230.6,230.75,14627.0,230.7855
2025-08-14 16:30:00,1755207000000,230.7,230.91,230.7,230.82,9524.0,230.8157
2025-08-14 16:45:00,1755207900000,230.83,230.89,230.66,230.75,9739.0,230.7976
2025-08-14 17:00:00,1755208800000,230.7,230.91,230.65,230.9,7657.0,230.8205
2025-08-14 17:15:00,1755209700000,230.91,230.91,230.76,230.76,5345.0,230.8382
2025-08-14 17:30:00,1755210600000,230.7,230.83,230.7,230.8,2967.0,230.7727
2025-08-14 17:45:00,1755211500000,230.7903,230.83,230.73,230.73,13403.0,230.7846
2025-08-14 18:00:00,1755212400000,230.73,230.85,230.66,230.73,8201.0,230.7422
2025-08-14 18:15:00,1755213300000,230.79,230.9,230.71,230.9,14488.0,230.8351
2025-08-14 18:30:00,1755214200000,230.9,230.9,230.86,230.9,5050.0,230.8809
2025-08-14 18:45:00,1755215100000,230.89,230.91,230.6,230.6,13352.0,230.8259
2025-08-15 03:00:00,1755244800000,231.02,231.74,230.98,231.62,9859.0,231.4153
2025-08-15 03:15:00,1755245700000,231.6,231.78,231.6,231.74,3583.0,231.7367
2025-08-15 03:30:00,1755246600000,231.75,231.75,231.54,231.62,3920.0,231.6067
2025-08-15 03:45:00,1755247500000,231.58,231.58,231.21,231.39,5020.0,231.4083
2025-08-15 04:00:00,1755248400000,231.43,231.51,231.43,231.51,3366.0,231.457
2025-08-15 04:15:00,1755249300000,231.66,231.69,231.6,231.6,1742.0,231.646
2025-08-15 04:30:00,1755250200000,231.55,231.55,231.4,231.43,2471.0,231.4791
2025-08-15 04:45:00,1755251100000,231.5,231.5,231.46,231.46,658.0,231.4784
2025-08-15 05:00:00,1755252000000,231.36,231.39,231.36,231.39,464.0,231.3869
2025-08-15 05:15:00,1755252900000,231.4,231.53,231.35,231.5,5936.0,231.4204
2025-08-15 05:30:00,1755253800000,231.51,231.83,231.45,231.71,5486.0,231.6616
2025-08-15 05:45:00,1755254700000,231.71,231.8,231.6,231.68,7166.0,231.7205
2025-08-15 06:00:00,1755255600000,231.61,232.0,231.61,231.79,17159.0,231.8453
2025-08-15 06:15:00,1755256500000,231.73,231.82,231.71,231.8,8044.0,231.7564
2025-08-15 06:30:00,1755257400000,231.76,231.89,231.54,231.89,10973.0,231.7314
2025-08-15 06:45:00,1755258300000,231.8,232.06,231.8,232.01,8430.0,232.0068
2025-08-15 07:00:00,1755259200000,231.8,232.597,231.17,232.3,193076.0,231.7945
2025-08-15 07:15:00,1755260100000,232.15,232.39,232.0,232.14,41384.0,232.1429
2025-08-15 07:30:00,1755261000000,232.08,232.47,232.07,232.47,43874.0,232.3064
2025-08-15 07:45:00,1755261900000,232.45,232.5666,232.36,232.487,69214.0,231.6155
2025-08-15 08:00:00,1755262800000,232.4891,232.52,232.01,232.2227,38619.0,232.3028
2025-08-15 08:15:00,1755263700000,232.1088,232.96,231.52,232.37,190549.0,232.4019
2025-08-15 08:30:00,1755264600000,232.58,234.08,231.31,231.92,7721420.0,232.6911
2025-08-15 08:45:00,1755265500000,231.92,232.3,231.2081,231.65,1995458.0,231.7423
2025-08-15 09:00:00,1755266400000,231.66,232.6852,231.25,232.29,1681368.0,232.1756
2025-08-15 09:15:00,1755267300000,232.2914,232.59,231.8,232.2501,1349487.0,232.2709
2025-08-15 09:30:00,1755268200000,232.25,232.4399,231.8,231.94,1205308.0,232.111
2025-08-15 09:45:00,1755269100000,231.935,231.98,231.27,231.44,1112321.0,231.5635
2025-08-15 10:00:00,1755270000000,231.42,231.8374,231.27,231.69,1009486.0,231.5866
2025-08-15 10:15:00,1755270900000,231.68,232.0,231.38,231.4,1089752.0,231.7243
2025-08-15 10:30:00,1755271800000,231.415,231.4999,230.36,230.42,1483362.0,230.9008
2025-08-15 10:45:00,1755272700000,230.405,230.99,230.35,230.65,855509.0,230.6551
2025-08-15 11:00:00,1755273600000,230.62,230.66,230.2,230.52,897327.0,230.3958
2025-08-15 11:15:00,1755274500000,230.48,230.48,229.807,229.9864,960699.0,230.0654
2025-08-15 11:30:00,1755275400000,230.0,230.4204,229.91,230.1114,630364.0,230.2041
2025-08-15 11:45:00,1755276300000,230.11,230.53,230.0815,230.51,614354.0,230.2399
2025-08-15 12:00:00,1755277200000,230.5,230.62,230.22,230.245,681486.0,230.4437
2025-08-15 12:15:00,1755278100000,230.245,230.34,229.95,230.19,736353.0,230.1343
2025-08-15 12:30:00,1755279000000,230.19,230.71,230.17,230.5652,538814.0,230.486
2025-08-15 12:45:00,1755279900000,230.56,230.84,230.375,230.8303,594289.0,230.5452
2025-08-15 13:00:00,1755280800000,230.8,231.015,230.1986,230.24,846480.0,230.6211
2025-08-15 13:15:00,1755281700000,230.23,230.5693,230.14,230.41,689440.0,230.3304
2025-08-15 13:30:00,1755282600000,230.4,230.445,230.08,230.2999,899791.0,230.3048
2025-08-15 13:45:00,1755283500000,230.295,230.59,230.2337,230.49,961122.0,230.479
2025-08-15 14:00:00,1755284400000,230.49,230.51,230.09,230.4901,556554.0,230.3639
2025-08-15 14:15:00,1755285300000,230.51,230.8099,230.41,230.765,707599.0,230.6176
2025-08-15 14:30:00,1755286200000,230.76,231.11,230.56,231.06,1481602.0,230.8292
2025-08-15 14:45:00,1755287100000,231.08,231.235,230.73,231.06,3172144.0,230.9973
2025-08-15 15:00:00,1755288000000,231.03,231.03,230.5261,230.8404,150409.0,230.9866
2025-08-15 15:15:00,1755288900000,230.99,231.03,230.75,230.8,14063.0,230.9024
2025-08-15 15:30:00,1755289800000,230.79,230.863,230.7,230.75,9027.0,230.762
2025-08-15 15:45:00,1755290700000,230.8,231.03,230.75,230.76,6708.0,230.8056
2025-08-15 16:00:00,1755291600000,230.75,230.76,230.6717,230.76,5871.0,230.7101
2025-08-15 16:15:00,1755292500000,230.69,230.73,230.61,230.61,9483.0,230.6641
2025-08-15 16:30:00,1755293400000,230.68,231.03,230.6147,230.69,6442.0,230.918
2025-08-15 16:45:00,1755294300000,230.68,231.03,230.67,230.75,7922.0,230.8808
2025-08-15 17:00:00,1755295200000,230.77,230.771,230.69,230.7296,2717.0,230.7228
2025-08-15 17:15:00,1755296100000,230.7,230.75,230.7,230.74,4019.0,230.719
2025-08-15 17:30:00,1755297000000,230.7401,230.9,230.7401,230.9,8143.0,230.7971
2025-08-15 17:45:00,1755297900000,230.92,231.0305,230.92,231.03,6727.0,230.9935
2025-08-15 18:00:00,1755298800000,231.0499,231.12,231.0499,231.12,6122.0,231.0803
2025-08-15 18:15:00,1755299700000,231.1,231.1,230.9,230.93,6084.0,231.0181
2025-08-15 18:30:00,1755300600000,231.0,231.0,230.9,230.96,3574.0,230.9296
2025-08-15 18:45:00,1755301500000,230.95,230.98,230.8109,230.8109,3718.0,230.9285
2025-08-18 03:00:00,1755504000000,230.9,231.02,230.59,230.59,8532.0,230.8129
2025-08-18 03:15:00,1755504900000,230.31,230.38,230.12,230.2,15794.0,230.2558
2025-08-18 03:30:00,1755505800000,230.14,230.48,230.06,230.48,10085.0,230.229
2025-08-18 03:45:00,1755506700000,230.27,230.31,230.27,230.31,939.0,230.3162
2025-08-18 04:00:00,1755507600000,230.25,230.29,230.1,230.15,6698.0,230.152
2025-08-18 04:15:00,1755508500000,230.1,230.1,229.76,229.91,7949.0,229.9348
2025-08-18 04:30:00,1755509400000,229.91,230.08,229.74,229.84,6748.0,229.9128
2025-08-18 04:45:00,1755510300000,229.89,229.9,229.51,229.76,22584.0,229.6945
2025-08-18 05:00:00,1755511200000,229.69,230.1,229.69,230.06,5925.0,229.9853
2025-08-18 05:15:00,1755512100000,230.03,230.2,230.0,230.2,2813.0,230.0764
2025-08-18 05:30:00,1755513000000,230.1,230.31,230.1,230.31,1851.0,230.2581
2025-08-18 05:45:00,1755513900000,230.29,230.29,230.2,230.29,1476.0,230.2653
2025-08-18 06:00:00,1755514800000,230.34,230.45,230.29,230.45,10668.0,230.3556
2025-08-18 06:15:00,1755515700000,230.35,230.35,230.21,230.25,4910.0,230.2791
2025-08-18 06:30:00,1755516600000,230.17,230.2,230.1,230.2,3657.0,230.1713
2025-08-18 06:45:00,1755517500000,230.2,230.57,230.2,230.49,15081.0,230.3748
2025-08-18 07:00:00,1755518400000,230.25,231.62,229.5119,230.2999,161759.0,230.6631
2025-08-18 07:15:00,1755519300000,230.3,230.42,230.23,230.29,6819.0,230.2991
2025-08-18 07:30:00,1755520200000,230.33,230.49,230.26,230.49,12918.0,230.4234
2025-08-18 07:45:00,1755521100000,230.49,230.6988,230.42,230.5101,18024.0,230.5744
2025-08-18 08:00:00,1755522000000,230.6896,230.69,230.24,230.24,15546.0,230.4845
2025-08-18 08:15:00,1755522900000,230.2514,230.58,229.8,230.32,39280.0,230.1208
2025-08-18 08:30:00,1755523800000,230.225,230.92,229.27,229.46,2379469.0,230.1389
2025-08-18 08:45:00,1755524700000,229.45,229.74,228.33,228.75,1834453.0,228.977
2025-08-18 09:00:00,1755525600000,228.75,229.62,228.69,229.44,1073776.0,229.2567
2025-08-18 09:15:00,1755526500000,229.435,230.5,229.35,230.29,1036691.0,230.0253
2025-08-18 09:30:00,1755527400000,230.26,230.45,229.75,229.7632,668749.0,230.1832
2025-08-18 09:45:00,1755528300000,229.7301,230.54,229.35,230.51,862346.0,229.9275
2025-08-18 10:00:00,1755529200000,230.5,230.7499,230.15,230.58,591761.0,230.5123
2025-08-18 10:15:00,1755530100000,230.585,230.76,230.1,230.1601,611243.0,230.5017
2025-08-18 10:30:00,1755531000000,230.2,230.53,230.06,230.41,398645.0,230.2605
2025-08-18 10:45:00,1755531900000,230.405,230.59,230.2501,230.36,365743.0,230.4447
2025-08-18 11:00:00,1755532800000,230.35,230.55,230.2,230.28,1071326.0,230.3153
2025-08-18 11:15:00,1755533700000,230.2548,230.58,230.2548,230.3,395837.0,230.391
2025-08-18 11:30:00,1755534600000,230.3,230.37,230.01,230.2,443968.0,230.2013
2025-08-18 11:45:00,1755535500000,230.21,230.295,229.74,230.09,1008512.0,229.979
2025-08-18 12:00:00,1755536400000,230.085,230.5886,230.08,230.545,419666.0,230.3882
2025-08-18 12:15:00,1755537300000,230.56,230.86,230.525,230.81,461736.0,230.7464
2025-08-18 12:30:00,1755538200000,230.8099,231.15,230.5,230.57,622775.0,230.8667
2025-08-18 12:45:00,1755539100000,230.579,230.62,230.465,230.49,268150.0,230.547
2025-08-18 13:00:00,1755540000000,230.48,230.77,230.4,230.52,387425.0,230.6339
2025-08-18 13:15:00,1755540900000,230.52,230.755,230.5,230.6,410570.0,230.6262
2025-08-18 13:30:00,1755541800000,230.6,231.0908,230.5673,231.0434,460222.0,230.8728
2025-08-18 13:45:00,1755542700000,231.06,231.18,230.87,231.14,611585.0,231.0576
2025-08-18 14:00:00,1755543600000,231.14,231.44,231.12,231.21,668198.0,231.2923
2025-08-18 14:15:00,1755544500000,231.22,231.33,231.06,231.325,579895.0,231.2082
2025-08-18 14:30:00,1755545400000,231.32,231.72,231.23,231.615,921783.0,231.4924
2025-08-18 14:45:00,1755546300000,231.61,231.91,231.42,231.42,1901230.0,231.6243
2025-08-18 15:00:00,1755547200000,231.49,231.49,231.3303,231.49,220487.0,231.4815
2025-08-18 15:15:00,1755548100000,231.34,231.49,231.19,231.24,12637.0,231.2842
2025-08-18 15:30:00,1755549000000,231.25,231.49,231.05,231.3382,12839.0,231.2738
2025-08-18 15:45:00,1755549900000,231.1203,231.32,231.11,231.1722,8035.0,231.1466
2025-08-18 16:00:00,1755550800000,231.16,231.17,231.16,231.17,1646.0,231.1829
2025-08-18 16:15:00,1755551700000,231.18,231.28,231.18,231.18,3543.0,231.2304
2025-08-18 16:30:00,1755552600000,231.2,231.2602,231.2,231.26,3412.0,231.2296
2025-08-18 16:45:00,1755553500000,231.26,231.28,231.16,231.16,7502.0,231.2031
2025-08-18 17:00:00,1755554400000,231.2198,231.65,231.1622,231.4995,12275.0,231.4464
2025-08-18 17:15:00,1755555300000,231.41,231.49,231.3,231.3,7265.0,231.3698
2025-08-18 17:30:00,1755556200000,231.35,231.35,231.25,231.25,4637.0,231.2808
2025-08-18 17:45:00,1755557100000,231.25,231.3,231.25,231.27,3791.0,231.2746
2025-08-18 18:00:00,1755558000000,231.25,231.33,231.25,231.33,1975.0,231.2852
2025-08-18 18:15:00,1755558900000,231.25,231.3,231.25,231.25,1116.0,231.2583
2025-08-18 18:30:00,1755559800000,231.2,231.25,231.16,231.16,4108.0,231.1814
2025-08-18 18:45:00,1755560700000,231.1996,231.2018,231.16,231.16,6291.0,231.1792
2025-08-19 03:00:00,1755590400000,230.68,230.96,230.45,230.45,3663.0,230.7015
2025-08-19 03:15:00,1755591300000,230.48,230.69,230.48,230.54,2086.0,230.5648
2025-08-19 03:30:00,1755592200000,230.64,230.71,230.64,230.71,1795.0,230.6862
2025-08-19 03:45:00,1755593100000,230.72,231.01,230.72,231.01,4515.0,230.9407
2025-08-19 04:00:00,1755594000000,230.88,230.97,230.86,230.88,3533.0,230.8974
2025-08-19 04:15:00,1755594900000,231.0,231.14,231.0,231.09,1848.0,231.0472
2025-08-19 04:30:00,1755595800000,230.99,230.99,230.96,230.96,1263.0,230.9767
2025-08-19 04:45:00,1755596700000,230.9,230.9,230.85,230.85,755.0,230.8847
2025-08-19 05:00:00,1755597600000,230.61,230.98,230.61,230.98,3091.0,230.8281
2025-08-19 05:15:00,1755598500000,230.75,230.75,230.75,230.75,188.0,230.7497
2025-08-19 05:30:00,1755599400000,230.75,230.75,230.72,230.72,1845.0,230.7416
2025-08-19 05:45:00,1755600300000,230.78,230.78,230.65,230.65,2500.0,230.6603
2025-08-19 06:00:00,1755601200000,230.69,230.78,230.69,230.77,4621.0,230.7397
2025-08-19 06:15:00,1755602100000,230.85,230.85,230.79,230.79,971.0,230.8233
2025-08-19 06:30:00,1755603000000,230.75,230.82,230.73,230.75,6292.0,230.7767
2025-08-19 06:45:00,1755603900000,230.94,231.02,230.94,231.02,2653.0,230.9779
2025-08-19 07:00:00,1755604800000,230.75,231.1733,230.31,230.96,49615.0,230.9611
2025-08-19 07:15:00,1755605700000,230.97,230.97,230.83,230.8394,3318.0,230.876
2025-08-19 07:30:00,1755606600000,230.9018,231.0971,230.9,230.99,7931.0,230.9853
2025-08-19 07:45:00,1755607500000,230.86,230.86,230.55,230.7,10406.0,230.7486
2025-08-19 08:00:00,1755608400000,230.619,230.68,230.44,230.4402,18710.0,230.5546
2025-08-19 08:15:00,1755609300000,230.53,230.63,229.68,230.02,59198.0,230.1148
2025-08-19 08:30:00,1755610200000,230.09,230.5283,229.03,229.04,2357672.0,229.6894
2025-08-19 08:45:00,1755611100000,229.04,229.54,228.57,229.085,1417936.0,229.0743
2025-08-19 09:00:00,1755612000000,229.07,229.55,228.645,228.835,990816.0,229.0378
2025-08-19 09:15:00,1755612900000,228.82,229.24,228.435,228.7601,1161294.0,228.8882
2025-08-19 09:30:00,1755613800000,228.81,228.87,227.68,227.9212,1314996.0,228.1801
2025-08-19 09:45:00,1755614700000,227.93,228.8,227.91,228.42,1367318.0,228.3671
2025-08-19 10:00:00,1755615600000,228.41,228.78,228.1301,228.46,843890.0,228.3869
2025-08-19 10:15:00,1755616500000,228.47,228.83,228.32,228.72,591368.0,228.5276
2025-08-19 10:30:00,1755617400000,228.72,228.855,228.47,228.64,407975.0,228.6693
2025-08-19 10:45:00,1755618300000,228.66,229.115,228.65,229.015,546991.0,228.9605
2025-08-19 11:00:00,1755619200000,229.01,229.3491,228.4201,228.57,852984.0,228.8346
2025-08-19 11:15:00,1755620100000,228.57,229.11,228.51,228.56,803296.0,228.9157
2025-08-19 11:30:00,1755621000000,228.57,228.6341,228.03,228.23,763547.0,228.3164
2025-08-19 11:45:00,1755621900000,228.23,228.62,228.0761,228.28,803162.0,228.3063
2025-08-19 12:00:00,1755622800000,228.3,228.35,227.8803,228.13,605384.0,228.064
2025-08-19 12:15:00,1755623700000,228.11,228.125,227.9,228.07,468329.0,228.0094
2025-08-19 12:30:00,1755624600000,228.06,228.425,228.05,228.415,468303.0,228.2684
2025-08-19 12:45:00,1755625500000,228.415,228.475,228.1054,228.18,581045.0,228.3182
2025-08-19 13:00:00,1755626400000,228.19,228.19,227.835,227.8906,653077.0,228.0115
2025-08-19 13:15:00,1755627300000,227.9,228.03,227.7784,227.99,468878.0,227.9286
2025-08-19 13:30:00,1755628200000,227.98,228.035,227.38,227.46,834928.0,227.659
2025-08-19 13:45:00,1755629100000,227.47,227.61,227.255,227.49,579796.0,227.4331
2025-08-19 14:00:00,1755630000000,227.47,227.47,227.155,227.2,601397.0,227.2768
2025-08-19 14:15:00,1755630900000,227.18,227.5676,227.12,227.51,598542.0,227.3499
2025-08-19 14:30:00,1755631800000,227.505,227.74,227.5001,227.68,701542.0,227.6223
2025-08-19 14:45:00,1755632700000,227.69,228.07,227.46,228.02,2464409.0,227.7259
2025-08-19 15:00:00,1755633600000,228.01,228.22,227.51,228.02,309535.0,228.018
2025-08-19 15:15:00,1755634500000,228.02,228.12,227.87,228.12,17261.0,228.0197
2025-08-19 15:30:00,1755635400000,228.09,228.12,228.0,228.0,31176.0,228.0286
2025-08-19 15:45:00,1755636300000,227.9555,228.03,227.9258,227.9899,3860.0,227.1539
2025-08-19 16:00:00,1755637200000,227.99,228.0913,227.94,228.03,1132106.0,228.0102
2025-08-19 16:15:00,1755638100000,228.01,228.01,227.91,227.93,5568.0,227.9593
2025-08-19 16:30:00,1755639000000,227.96,228.0,227.8,227.8,13859.0,227.9413
2025-08-19 16:45:00,1755639900000,227.8001,227.87,227.6406,227.71,7489.0,227.7746
2025-08-19 17:00:00,1755640800000,227.8,228.39,227.8,228.11,12676.0,228.1673
2025-08-19 17:15:00,1755641700000,228.0,228.0,227.6964,227.95,3087.0,227.948
2025-08-19 17:30:00,1755642600000,228.0,228.29,227.96,227.96,4850.0,228.0632
2025-08-19 17:45:00,1755643500000,227.95,228.08,227.81,227.81,4388.0,227.9464
2025-08-19 18:00:00,1755644400000,227.81,227.92,227.6,227.7,7535.0,227.6982
2025-08-19 18:15:00,1755645300000,227.64,227.6472,227.31,227.6,10455.0,227.5049
2025-08-19 18:30:00,1755646200000,227.42,227.5,227.1973,227.28,11011.0,227.3503
2025-08-19 18:45:00,1755647100000,227.5,227.8,227.27,227.33,11488.0,227.4034
2025-08-20 03:00:00,1755676800000,226.98,227.02,226.51,226.55,18949.0,226.84
2025-08-20 03:15:00,1755677700000,226.52,226.74,226.27,226.42,11065.0,226.5289
2025-08-20 03:30:00,1755678600000,226.63,226.85,226.63,226.76,3744.0,226.6785
2025-08-20 03:45:00,1755679500000,226.79,226.95,226.79,226.95,1407.0,226.8908
2025-08-20 04:00:00,1755680400000,226.82,226.95,226.8,226.95,1423.0,226.8824
2025-08-20 04:15:00,1755681300000,227.0,227.01,226.96,226.97,1800.0,226.9932
2025-08-20 04:30:00,1755682200000,226.86,226.96,226.86,226.87,3628.0,226.9161
2025-08-20 04:45:00,1755683100000,226.87,226.91,226.81,226.81,2493.0,226.8622
2025-08-20 05:00:00,1755684000000,226.81,226.92,226.81,226.92,1815.0,226.8601
2025-08-20 05:15:00,1755684900000,226.97,227.14,226.97,227.03,2962.0,227.0544
2025-08-20 05:30:00,1755685800000,226.99,227.05,226.76,226.84,4271.0,226.8442
2025-08-20 05:45:00,1755686700000,226.91,226.91,226.89,226.89,1007.0,226.8916
2025-08-20 06:00:00,1755687600000,226.9,227.39,226.75,227.39,14447.0,227.1218
2025-08-20 06:15:00,1755688500000,227.2,227.2,226.9,226.9,6284.0,227.0508
2025-08-20 06:30:00,1755689400000,226.85,226.87,226.66,226.66,6591.0,226.7703
2025-08-20 06:45:00,1755690300000,226.75,226.92,226.61,226.92,10278.0,226.8049
2025-08-20 07:00:00,1755691200000,227.1,227.45,226.14,226.75,111611.0,226.8054
2025-08-20 07:15:00,1755692100000,226.79,226.936,226.75,226.8,14481.0,226.8564
2025-08-20 07:30:00,1755693000000,226.8,226.95,226.6,226.62,22920.0,226.767
2025-08-20 07:45:00,1755693900000,226.76,226.85,226.65,226.7,9414.0,226.7293
2025-08-20 08:00:00,1755694800000,226.66,226.75,226.44,226.53,37302.0,226.6793
2025-08-20 08:15:00,1755695700000,226.45,227.27,226.02,227.06,58516.0,226.6049
2025-08-20 08:30:00,1755696600000,227.12,227.27,225.2,225.33,2711322.0,226.2718
2025-08-20 08:45:00,1755697500000,225.34,225.35,222.95,223.71,3049010.0,224.0321
2025-08-20 09:00:00,1755698400000,223.66,223.99,222.31,222.59,1979831.0,223.0006
2025-08-20 09:15:00,1755699300000,222.58,222.955,221.91,222.475,1593663.0,222.5052
2025-08-20 09:30:00,1755700200000,222.49,222.78,221.55,221.6586,1320868.0,222.0961
2025-08-20 09:45:00,1755701100000,221.64,222.1,220.915,221.27,1472737.0,221.4315
2025-08-20 10:00:00,1755702000000,221.27,222.3061,221.155,222.1836,1641814.0,221.6733
2025-08-20 10:15:00,1755702900000,222.18,223.405,222.1735,223.37,1118238.0,222.8028
2025-08-20 10:30:00,1755703800000,223.36,224.23,223.3194,223.5746,1095594.0,223.8268
2025-08-20 10:45:00,1755704700000,223.6,223.64,222.64,222.8525,845215.0,223.0847
2025-08-20 11:00:00,1755705600000,222.8525,223.63,222.81,223.55,584185.0,223.2524
2025-08-20 11:15:00,1755706500000,223.54,224.29,223.49,224.14,622899.0,223.8972
2025-08-20 11:30:00,1755707400000,224.145,224.185,223.82,224.07,516676.0,224.0169
2025-08-20 11:45:00,1755708300000,224.0775,224.33,223.34,223.405,598085.0,223.7173
2025-08-20 12:00:00,1755709200000,223.39,224.4524,223.31,224.3499,529315.0,223.9365
2025-08-20 12:15:00,1755710100000,224.31,224.4988,224.095,224.21,592469.0,224.3026
2025-08-20 12:30:00,1755711000000,224.24,224.755,224.21,224.52,936844.0,224.5787
2025-08-20 12:45:00,1755711900000,224.537,224.71,223.63,223.8,882696.0,224.148
2025-08-20 13:00:00,1755712800000,223.82,223.8799,223.195,223.58,622478.0,223.5345
2025-08-20 13:15:00,1755713700000,223.58,223.64,223.1854,223.34,430955.0,223.4043
2025-08-20 13:30:00,1755714600000,223.335,223.68,223.2336,223.51,389405.0,223.4907
2025-08-20 13:45:00,1755715500000,223.51,223.8,223.3499,223.3971,561764.0,223.6109
2025-08-20 14:00:00,1755716400000,223.4,224.07,223.3714,223.88,843234.0,223.5787
2025-08-20 14:15:00,1755717300000,223.87,224.28,223.82,223.98,910068.0,223.8402
2025-08-20 14:30:00,1755718200000,223.96,224.38,223.945,224.3128,845258.0,224.2133
2025-08-20 14:45:00,1755719100000,224.32,224.57,223.725,223.81,2043319.0,224.0912
2025-08-20 15:00:00,1755720000000,223.81,223.9032,223.6,223.6,742503.0,223.8095
2025-08-20 15:15:00,1755720900000,223.61,223.79,223.43,223.43,17667.0,223.5644
2025-08-20 15:30:00,1755721800000,223.57,223.81,223.3,223.4,101683.0,223.7505
2025-08-20 15:45:00,1755722700000,223.5644,223.69,223.45,223.69,10584.0,223.5786
2025-08-20 16:00:00,1755723600000,223.69,223.8,223.69,223.7969,7355.0,223.7607
2025-08-20 16:15:00,1755724500000,223.7996,223.89,223.78,223.8898,4413.0,223.8174
2025-08-20 16:30:00,1755725400000,223.8601,223.9,223.81,223.85,8771.0,223.8569
2025-08-20 16:45:00,1755726300000,223.84,223.86,223.6802,223.77,9640.0,223.8118
2025-08-20 17:00:00,1755727200000,223.8,223.9,223.78,223.8959,7259.0,223.8384
2025-08-20 17:15:00,1755728100000,223.8,223.81,223.0,223.6,19018.0,223.3109
2025-08-20 17:30:00,1755729000000,223.5163,223.78,223.1455,223.68,4321.0,223.4002
2025-08-20 17:45:00,1755729900000,223.69,223.69,223.3306,223.49,10381.0,223.419
2025-08-20 18:00:00,1755730800000,223.681,223.69,223.27,223.6386,6336.0,223.4769
2025-08-20 18:15:00,1755731700000,223.5999,223.6,223.31,223.388,3434.0,223.5029
2025-08-20 18:30:00,1755732600000,223.5,223.5,223.34,223.4,7165.0,223.4167
2025-08-20 18:45:00,1755733500000,223.49,223.49,223.3,223.3801,11389.0,223.3778
2025-08-21 03:00:00,1755763200000,224.11,224.35,224.11,224.21,8635.0,224.2679
2025-08-21 03:15:00,1755764100000,224.11,224.11,223.76,223.91,3740.0,223.8916
2025-08-21 03:30:00,1755765000000,223.91,224.0,223.83,223.99,1365.0,223.9293
2025-08-21 03:45:00,1755765900000,223.82,223.85,223.71,223.71,1683.0,223.7733
2025-08-21 04:00:00,1755766800000,223.5,223.5,223.37,223.44,4284.0,223.4655
2025-08-21 04:15:00,1755767700000,223.68,223.7,223.46,223.46,2901.0,223.5885
2025-08-21 04:30:00,1755768600000,223.51,223.51,223.47,223.47,1181.0,223.472
2025-08-21 04:45:00,1755769500000,223.3,223.32,223.2,223.2,3522.0,223.261
2025-08-21 05:00:00,1755770400000,223.18,223.18,222.96,223.09,3946.0,223.0504
2025-08-21 05:15:00,1755771300000,223.14,223.2,222.9,222.98,2342.0,223.0326
2025-08-21 05:30:00,1755772200000,223.08,223.08,223.08,223.08,352.0,223.0827
2025-08-21 05:45:00,1755773100000,223.2,223.24,222.84,222.84,6567.0,223.0975
2025-08-21 06:00:00,1755774000000,223.11,223.44,223.0,223.13,9388.0,223.1967
2025-08-21 06:15:00,1755774900000,223.1,223.1,222.99,222.99,1690.0,223.0418
2025-08-21 06:30:00,1755775800000,223.1,223.1,222.89,222.89,3960.0,222.9911
2025-08-21 06:45:00,1755776700000,222.9,222.9,222.55,222.7,6025.0,222.712
2025-08-21 07:00:00,1755777600000,223.0,224.48,222.25,222.25,62202.0,223.2247
2025-08-21 07:15:00,1755778500000,222.4,222.5549,222.23,222.54,37035.0,222.3447
2025-08-21 07:30:00,1755779400000,222.35,222.96,222.23,222.37,16994.0,222.6127
2025-08-21 07:45:00,1755780300000,222.3501,222.67,222.35,222.52,13472.0,222.443
2025-08-21 08:00:00,1755781200000,222.45,222.9165,222.35,222.74,23722.0,222.5816
2025-08-21 08:15:00,1755782100000,222.8,222.9137,221.91,222.6,56761.0,222.4332
2025-08-21 08:30:00,1755783000000,222.65,222.78,221.03,221.03,3363642.0,221.7788
2025-08-21 08:45:00,1755783900000,221.06,221.93,220.54,220.99,2308899.0,221.2908
2025-08-21 09:00:00,1755784800000,220.96,221.93,220.57,221.715,1934553.0,221.3817
2025-08-21 09:15:00,1755785700000,221.69,222.6,221.37,222.3075,1460859.0,222.021
2025-08-21 09:30:00,1755786600000,222.3,222.34,221.1397,221.4033,1196162.0,221.6794
2025-08-21 09:45:00,1755787500000,221.395,221.67,221.15,221.54,918111.0,221.4442
2025-08-21 10:00:00,1755788400000,221.54,221.89,221.01,221.06,926592.0,221.4703
2025-08-21 10:15:00,1755789300000,221.07,222.25,221.01,221.59,1032959.0,221.6662
2025-08-21 10:30:00,1755790200000,221.59,222.4,221.59,222.1268,867834.0,222.0123
2025-08-21 10:45:00,1755791100000,222.115,222.14,221.07,221.11,672407.0,221.5519
2025-08-21 11:00:00,1755792000000,221.1,221.32,220.81,221.075,817333.0,221.0602
2025-08-21 11:15:00,1755792900000,221.08,221.29,221.05,221.26,571781.0,221.1657
2025-08-21 11:30:00,1755793800000,221.3,221.6999,221.24,221.35,666159.0,221.5178
2025-08-21 11:45:00,1755794700000,221.35,221.74,221.07,221.1462,594976.0,221.4981
2025-08-21 12:00:00,1755795600000,221.16,221.395,221.01,221.02,639203.0,221.1932
2025-08-21 12:15:00,1755796500000,221.02,221.06,220.71,220.96,770513.0,220.8616
2025-08-21 12:30:00,1755797400000,220.945,221.46,220.5,221.43,538497.0,221.1845
2025-08-21 12:45:00,1755798300000,221.43,221.665,221.32,221.52,511681.0,221.4862
2025-08-21 13:00:00,1755799200000,221.5,221.61,221.33,221.55,575771.0,221.4794
2025-08-21 13:15:00,1755800100000,221.54,221.78,221.48,221.675,486037.0,221.6556
2025-08-21 13:30:00,1755801000000,221.69,221.945,221.4568,221.6,656474.0,221.762
2025-08-21 13:45:00,1755801900000,221.6,222.01,221.48,221.81,649912.0,221.7951
2025-08-21 14:00:00,1755802800000,221.81,221.92,221.72,221.86,568055.0,221.8186
2025-08-21 14:15:00,1755803700000,221.86,222.1,221.79,222.02,716321.0,221.9259
2025-08-21 14:30:00,1755804600000,222.01,222.13,221.81,222.085,571311.0,221.9589
2025-08-21 14:45:00,1755805500000,222.09,222.26,221.76,221.95,1828287.0,221.9721
2025-08-21 15:00:00,1755806400000,221.95,222.07,221.8,222.0,1814710.0,221.9496
2025-08-21 15:15:00,1755807300000,221.97,222.05,221.85,221.92,11202.0,221.9697
2025-08-21 15:30:00,1755808200000,221.8502,222.05,221.81,221.98,17071.0,221.9413
2025-08-21 15:45:00,1755809100000,221.98,222.05,221.95,221.95,10679.0,221.9849
2025-08-21 16:00:00,1755810000000,222.04,222.04,221.9,221.9,2684.0,220.6821
2025-08-21 16:15:00,1755810900000,221.93,222.12,221.9,222.0,10941.0,221.857
2025-08-21 16:30:00,1755811800000,221.9,221.95,221.9,221.95,716.0,221.9652
2025-08-21 16:45:00,1755812700000,221.95,222.0,221.95,222.0,1858.0,222.0026
2025-08-21 17:00:00,1755813600000,222.15,222.5,222.0,222.39,7110.0,222.2704
2025-08-21 17:15:00,1755814500000,222.11,222.45,222.07,222.07,3809.0,222.2283
2025-08-21 17:30:00,1755815400000,221.97,222.2,221.97,222.19,3938.0,222.148
2025-08-21 17:45:00,1755816300000,222.24,222.24,222.01,222.02,2553.0,222.1235
2025-08-21 18:00:00,1755817200000,221.96,222.158,221.96,221.9601,2359.0,222.0141
2025-08-21 18:15:00,1755818100000,222.11,222.1863,222.0,222.0166,1396.0,222.0763
2025-08-21 18:30:00,1755819000000,222.0218,222.1,222.0,222.1,2072.0,222.038
2025-08-21 18:45:00,1755819900000,222.01,222.29,222.01,222.29,8165.0,222.1309
2025-08-22 03:00:00,1755849600000,222.1,222.59,222.1,222.54,6925.0,222.3583
2025-08-22 03:15:00,1755850500000,222.5,222.66,222.4,222.4,9189.0,222.5467
2025-08-22 03:30:00,1755851400000,222.41,222.52,222.41,222.52,733.0,222.4768
2025-08-22 03:45:00,1755852300000,222.6,222.6,222.6,222.6,690.0,222.6009
2025-08-22 04:00:00,1755853200000,222.5,222.66,222.41,222.62,3860.0,222.5589
2025-08-22 04:15:00,1755854100000,222.59,222.62,222.55,222.55,1779.0,222.5915
2025-08-22 04:30:00,1755855000000,222.59,222.59,222.48,222.48,2063.0,222.5131
2025-08-22 04:45:00,1755855900000,222.46,222.65,222.46,222.65,3230.0,222.5824
2025-08-22 05:00:00,1755856800000,222.6,222.62,222.6,222.6,3028.0,222.6022
2025-08-22 05:15:00,1755857700000,222.63,222.63,222.58,222.62,1612.0,222.6036
2025-08-22 05:30:00,1755858600000,222.77,222.81,222.77,222.81,830.0,222.7963
2025-08-22 05:45:00,1755859500000,222.84,222.9,222.81,222.9,2205.0,222.8307
2025-08-22 06:00:00,1755860400000,222.82,222.97,222.79,222.83,5060.0,222.8616
2025-08-22 06:15:00,1755861300000,222.83,222.89,222.83,222.89,3706.0,222.8663
2025-08-22 06:30:00,1755862200000,222.77,222.77,222.75,222.75,2163.0,222.7615
2025-08-22 06:45:00,1755863100000,222.76,222.8,222.67,222.67,3573.0,222.7513
2025-08-22 07:00:00,1755864000000,222.94,223.0,220.94,222.8,75516.0,222.2872
2025-08-22 07:15:00,1755864900000,222.8,223.1,222.75,223.1,18005.0,222.979
2025-08-22 07:30:00,1755865800000,223.05,223.08,222.9,223.04,28664.0,222.9977
2025-08-22 07:45:00,1755866700000,223.04,223.0999,222.7861,222.79,21679.0,222.9599
2025-08-22 08:00:00,1755867600000,222.88,222.9885,222.6876,222.86,14600.0,222.8536
2025-08-22 08:15:00,1755868500000,222.86,222.99,222.4,222.71,33821.0,222.7524
2025-08-22 08:30:00,1755869400000,222.79,223.08,221.69,222.465,1766067.0,222.4409
2025-08-22 08:45:00,1755870300000,222.46,222.655,220.82,221.12,1641536.0,221.7881
2025-08-22 09:00:00,1755871200000,221.2,225.2483,221.11,225.0943,3018936.0,223.7686
2025-08-22 09:15:00,1755872100000,225.06,225.56,224.4401,225.3625,2068164.0,225.0111
2025-08-22 09:30:00,1755873000000,225.415,226.9073,225.25,226.64,1736052.0,226.1868
2025-08-22 09:45:00,1755873900000,226.67,226.8844,226.19,226.43,1153420.0,226.5527
2025-08-22 10:00:00,1755874800000,226.45,227.62,226.45,227.465,1349268.0,227.2526
2025-08-22 10:15:00,1755875700000,227.465,227.79,227.21,227.7008,1353886.0,227.5419
2025-08-22 10:30:00,1755876600000,227.71,227.8063,227.19,227.39,872026.0,227.5312
2025-08-22 10:45:00,1755877500000,227.4,227.5526,226.74,226.8,867491.0,227.1007
2025-08-22 11:00:00,1755878400000,226.83,227.33,226.75,226.79,715592.0,227.0894
2025-08-22 11:15:00,1755879300000,226.79,227.2453,226.46,226.88,1033890.0,226.8439
2025-08-22 11:30:00,1755880200000,226.8934,227.135,226.8,226.87,686319.0,226.9653
2025-08-22 11:45:00,1755881100000,226.88,227.04,226.65,226.9084,947306.0,226.8148
2025-08-22 12:00:00,1755882000000,226.89,227.52,226.89,227.159,549734.0,227.1721
2025-08-22 12:15:00,1755882900000,227.16,227.57,227.1001,227.56,531005.0,227.3159
2025-08-22 12:30:00,1755883800000,227.5671,227.86,227.39,227.82,577310.0,227.64
2025-08-22 12:45:00,1755884700000,227.8187,228.2854,227.73,228.12,928067.0,228.0222
2025-08-22 13:00:00,1755885600000,228.13,228.39,228.0,228.23,749939.0,228.1926
2025-08-22 13:15:00,1755886500000,228.2201,228.32,227.98,228.13,661419.0,228.1127
2025-08-22 13:30:00,1755887400000,228.13,228.47,228.08,228.405,780026.0,228.3234
2025-08-22 13:45:00,1755888300000,228.4054,229.019,228.3745,228.9,1234509.0,228.7217
2025-08-22 14:00:00,1755889200000,228.91,229.0,228.68,228.955,974618.0,228.8526
2025-08-22 14:15:00,1755890100000,228.96,229.0,228.725,228.83,1193823.0,228.9095
2025-08-22 14:30:00,1755891000000,228.82,228.88,228.215,228.63,1464654.0,228.6235
2025-08-22 14:45:00,1755891900000,228.62,229.14,228.5503,228.84,3188667.0,228.873
2025-08-22 15:00:00,1755892800000,228.84,228.89,228.61,228.72,170891.0,228.8012
2025-08-22 15:15:00,1755893700000,228.72,228.8505,228.68,228.68,17061.0,228.7482
2025-08-22 15:30:00,1755894600000,228.68,228.84,228.38,228.8,57926.0,228.8055
2025-08-22 15:45:00,1755895500000,228.75,228.8,228.6315,228.78,14689.0,228.7261
2025-08-22 16:00:00,1755896400000,228.75,228.82,228.7,228.77,3725.0,228.4556
2025-08-22 16:15:00,1755897300000,228.83,228.83,228.72,228.78,3455.0,228.4038
2025-08-22 16:30:00,1755898200000,228.7,228.8,228.7,228.77,5906.0,228.7575
2025-08-22 16:45:00,1755899100000,228.7709,228.8,228.68,228.7801,6086.0,228.7576
2025-08-22 17:00:00,1755900000000,228.74,228.74,228.66,228.6607,3740.0,228.6963
2025-08-22 17:15:00,1755900900000,228.7,228.7299,228.63,228.65,3699.0,228.6774
2025-08-22 17:30:00,1755901800000,228.73,228.73,228.61,228.61,3268.0,228.7045
2025-08-22 17:45:00,1755902700000,228.72,228.75,228.6504,228.6504,4636.0,228.709
2025-08-22 18:00:00,1755903600000,228.72,228.75,228.72,228.72,2449.0,228.7246
2025-08-22 18:15:00,1755904500000,228.7399,228.82,228.73,228.8,4694.0,228.7819
2025-08-22 18:30:00,1755905400000,228.8,228.82,228.78,228.82,4186.0,228.792
2025-08-22 18:45:00,1755906300000,228.82,228.87,228.8199,228.87,10880.0,228.8506
2025-08-25 03:00:00,1756108800000,228.88,228.88,227.68,227.85,11822.0,227.8814
2025-08-25 03:15:00,1756109700000,227.79,227.79,227.58,227.7,10813.0,227.6945
2025-08-25 03:30:00,1756110600000,227.85,227.88,227.63,227.7,6375.0,227.7478
2025-08-25 03:45:00,1756111500000,227.7,227.78,227.58,227.58,11161.0,227.6196
2025-08-25 04:00:00,1756112400000,227.56,227.68,227.38,227.38,7449.0,227.535
2025-08-25 04:15:00,1756113300000,227.39,227.39,227.35,227.37,1892.0,227.3921
2025-08-25 04:30:00,1756114200000,227.35,227.66,227.35,227.66,2397.0,227.3883
2025-08-25 04:45:00,1756115100000,227.58,227.63,227.58,227.63,761.0,227.5961
2025-08-25 05:00:00,1756116000000,227.6,227.6,227.4,227.42,2647.0,227.4535
2025-08-25 05:15:00,1756116900000,227.46,227.58,227.46,227.51,7654.0,227.5002
2025-08-25 05:30:00,1756117800000,227.55,227.57,227.34,227.39,6444.0,227.4525
2025-08-25 05:45:00,1756118700000,227.31,227.31,227.06,227.16,12540.0,227.1442
2025-08-25 06:00:00,1756119600000,227.13,227.3,227.0,227.0,23973.0,227.1268
2025-08-25 06:15:00,1756120500000,227.32,227.42,227.26,227.26,4070.0,227.4004
2025-08-25 06:30:00,1756121400000,227.4,227.47,227.4,227.46,1125.0,227.423
2025-08-25 06:45:00,1756122300000,227.54,227.56,227.5,227.5,2366.0,227.5361
2025-08-25 07:00:00,1756123200000,227.1,228.5,227.0002,227.3,143647.0,228.2945
2025-08-25 07:15:00,1756124100000,227.2892,227.3749,227.15,227.3749,8591.0,227.226
2025-08-25 07:30:00,1756125000000,227.25,227.39,227.12,227.39,16199.0,227.2645
2025-08-25 07:45:00,1756125900000,227.38,227.48,227.35,227.35,9453.0,227.41
2025-08-25 08:00:00,1756126800000,227.3001,227.5,227.25,227.4874,16027.0,227.3986
2025-08-25 08:15:00,1756127700000,227.43,227.56,227.1,227.32,18927.0,227.3915
2025-08-25 08:30:00,1756128600000,227.35,229.13,227.31,227.88,2547463.0,228.0879
2025-08-25 08:45:00,1756129500000,227.885,228.53,227.385,228.3956,1082640.0,227.9558
2025-08-25 09:00:00,1756130400000,228.39,228.83,227.97,228.73,788874.0,228.4692
2025-08-25 09:15:00,1756131300000,228.73,228.92,228.32,228.52,600559.0,228.622
2025-08-25 09:30:00,1756132200000,228.51,229.12,228.472,228.9,699113.0,228.9177
2025-08-25 09:45:00,1756133100000,228.925,229.3399,228.8492,229.25,685829.0,229.0998
2025-08-25 10:00:00,1756134000000,229.22,229.53,229.17,229.42,735382.0,229.343
2025-08-25 10:15:00,1756134900000,229.415,229.6,229.26,229.4201,690843.0,229.4218
2025-08-25 10:30:00,1756135800000,229.425,229.53,228.94,229.0,874857.0,229.2264
2025-08-25 10:45:00,1756136700000,229.0,229.21,228.7,228.75,652360.0,228.9693
2025-08-25 11:00:00,1756137600000,228.77,228.8799,228.57,228.695,594951.0,228.7523
2025-08-25 11:15:00,1756138500000,228.6983,228.83,228.255,228.2661,594283.0,228.5571
2025-08-25 11:30:00,1756139400000,228.265,228.4499,228.15,228.39,499053.0,228.2746
2025-08-25 11:45:00,1756140300000,228.39,228.4416,228.245,228.4001,381404.0,228.367
2025-08-25 12:00:00,1756141200000,228.4084,228.49,228.13,228.41,421010.0,228.307
2025-08-25 12:15:00,1756142100000,228.4002,228.4269,228.23,228.3312,279037.0,228.3664
2025-08-25 12:30:00,1756143000000,228.335,228.54,228.2801,228.53,340287.0,228.4128
2025-08-25 12:45:00,1756143900000,228.53,228.675,228.52,228.5396,356439.0,228.5993
2025-08-25 13:00:00,1756144800000,228.55,228.65,228.375,228.5416,348402.0,228.5296
2025-08-25 13:15:00,1756145700000,228.54,228.58,228.29,228.5099,371219.0,228.4031
2025-08-25 13:30:00,1756146600000,228.5,228.58,228.395,228.42,373159.0,228.4791
2025-08-25 13:45:00,1756147500000,228.4142,228.64,228.34,228.455,369505.0,228.4958
2025-08-25 14:00:00,1756148400000,228.46,228.86,228.385,228.77,492250.0,228.5948
2025-08-25 14:15:00,1756149300000,228.78,228.795,228.5,228.77,548710.0,228.6962
2025-08-25 14:30:00,1756150200000,228.765,228.8199,228.6,228.7707,854292.0,228.5302
2025-08-25 14:45:00,1756151100000,228.77,228.9,227.89,227.89,2241513.0,228.3257
2025-08-25 15:00:00,1756152000000,227.94,228.07,227.6,227.9,298695.0,227.9261
2025-08-25 15:15:00,1756152900000,227.92,227.94,227.8129,227.8129,8211.0,227.9055
2025-08-25 15:30:00,1756153800000,227.85,227.94,227.82,227.84,11384.0,227.8739
2025-08-25 15:45:00,1756154700000,227.82,227.9,227.75,227.8,12243.0,227.7132
2025-08-25 16:00:00,1756155600000,227.8,227.8817,227.7,227.78,5708.0,227.7633
2025-08-25 16:15:00,1756156500000,227.757,227.757,227.61,227.61,4521.0,227.528
2025-08-25 16:30:00,1756157400000,227.6721,227.6721,227.5582,227.58,2381.0,227.6529
2025-08-25 16:45:00,1756158300000,227.66,227.7,227.65,227.65,7071.0,227.6629
2025-08-25 17:00:00,1756159200000,227.65,227.9,227.61,227.66,11528.0,227.6877
2025-08-25 17:15:00,1756160100000,227.62,227.8,227.62,227.74,4811.0,227.6935
2025-08-25 17:30:00,1756161000000,227.73,227.79,227.7,227.718,994.0,227.7603
2025-08-25 17:45:00,1756161900000,227.75,227.8985,227.75,227.84,1167.0,227.8334
2025-08-25 18:00:00,1756162800000,227.7016,227.73,227.62,227.7,3963.0,227.6788
2025-08-25 18:15:00,1756163700000,227.73,227.8,227.58,227.58,3372.0,227.6696
2025-08-25 18:30:00,1756164600000,227.7,227.7,227.55,227.55,1098.0,227.6101
2025-08-25 18:45:00,1756165500000,227.567,227.65,227.52,227.5501,5911.0,227.5503
2025-08-26 03:00:00,1756195200000,227.0,227.65,227.0,227.44,18124.0,227.3947
2025-08-26 03:15:00,1756196100000,227.46,227.5,227.46,227.5,410.0,227.49
2025-08-26 03:30:00,1756197000000,227.46,227.46,227.45,227.45,343.0,227.4544
2025-08-26 03:45:00,1756197900000,227.58,227.58,227.51,227.51,640.0,227.5379
2025-08-26 04:15:00,1756199700000,227.51,227.52,227.51,227.52,732.0,227.5149
2025-08-26 04:30:00,1756200600000,227.56,227.56,227.55,227.55,1781.0,227.5509
2025-08-26 04:45:00,1756201500000,227.62,227.62,227.62,227.62,335.0,227.6189
2025-08-26 05:00:00,1756202400000,227.59,227.59,227.54,227.54,767.0,227.5667
2025-08-26 05:15:00,1756203300000,227.55,227.56,227.5,227.55,2006.0,227.5298
2025-08-26 05:30:00,1756204200000,227.62,227.62,227.59,227.59,1639.0,227.6058
2025-08-26 05:45:00,1756205100000,227.47,227.5,227.44,227.44,1383.0,227.4658
2025-08-26 06:00:00,1756206000000,227.44,227.44,227.22,227.42,9331.0,227.4024
2025-08-26 06:15:00,1756206900000,227.35,227.44,227.27,227.44,3006.0,227.3615
2025-08-26 06:30:00,1756207800000,227.4,227.4,227.2,227.23,6461.0,227.2687
2025-08-26 06:45:00,1756208700000,227.2,227.2,227.03,227.08,12584.0,227.1486
2025-08-26 07:00:00,1756209600000,227.44,227.66,226.85,226.85,49008.0,227.1106
2025-08-26 07:15:00,1756210500000,226.82,227.01,226.68,227.0,17042.0,226.9287
2025-08-26 07:30:00,1756211400000,226.91,227.15,226.91,227.04,4851.0,227.0079
2025-08-26 07:45:00,1756212300000,227.04,227.22,227.04,227.18,16853.0,227.1205
2025-08-26 08:00:00,1756213200000,227.17,227.3,227.05,227.06,11578.0,227.1817
2025-08-26 08:15:00,1756214100000,227.1318,227.28,226.92,227.24,19131.0,227.0976
2025-08-26 08:30:00,1756215000000,227.11,228.2,226.94,226.99,1692052.0,227.459
2025-08-26 08:45:00,1756215900000,226.96,227.1,226.02,226.9,1214346.0,226.6784
2025-08-26 09:00:00,1756216800000,226.92,227.39,226.72,227.35,803002.0,227.06
2025-08-26 09:15:00,1756217700000,227.345,228.0,227.25,227.945,747956.0,227.7097
2025-08-26 09:30:00,1756218600000,227.9351,228.07,227.59,228.05,634177.0,227.749
2025-08-26 09:45:00,1756219500000,228.06,228.6,228.0,228.3574,731052.0,228.3241
2025-08-26 10:00:00,1756220400000,228.34,228.5,228.07,228.44,469982.0,228.2791
2025-08-26 10:15:00,1756221300000,228.43,228.52,227.99,228.03,423626.0,228.3292
2025-08-26 10:30:00,1756222200000,228.04,228.205,227.82,228.05,373056.0,228.0331
2025-08-26 10:45:00,1756223100000,228.07,228.27,227.965,228.16,420496.0,228.1006
2025-08-26 11:00:00,1756224000000,228.17,228.3,228.075,228.26,320975.0,228.1754
2025-08-26 11:15:00,1756224900000,228.25,228.45,228.15,228.1805,347514.0,228.2965
2025-08-26 11:30:00,1756225800000,228.2,228.31,228.02,228.045,297174.0,228.1333
2025-08-26 11:45:00,1756226700000,228.05,228.07,227.78,227.98,355103.0,227.9314
2025-08-26 12:00:00,1756227600000,227.97,227.985,227.54,227.71,449776.0,227.7956
2025-08-26 12:15:00,1756228500000,227.7,227.88,227.62,227.85,403520.0,227.7579
2025-08-26 12:30:00,1756229400000,227.85,227.9,227.48,227.565,272810.0,227.6396
2025-08-26 12:45:00,1756230300000,227.55,227.6,227.32,227.475,300526.0,227.4778
2025-08-26 13:00:00,1756231200000,227.47,227.7366,227.45,227.6557,322751.0,227.6063
2025-08-26 13:15:00,1756232100000,227.66,227.85,227.66,227.7989,270701.0,227.7488
2025-08-26 13:30:00,1756233000000,227.805,227.975,227.7976,227.8884,274437.0,227.8969
2025-08-26 13:45:00,1756233900000,227.89,228.1,227.8407,228.015,388904.0,227.9766
2025-08-26 14:00:00,1756234800000,228.02,228.02,227.84,227.93,385209.0,227.9182
2025-08-26 14:15:00,1756235700000,227.92,228.41,227.875,228.295,529256.0,228.1686
2025-08-26 14:30:00,1756236600000,228.29,228.32,227.89,227.9516,1605331.0,228.2166
2025-08-26 14:45:00,1756237500000,227.95,229.0,227.92,228.72,1951618.0,228.4914
2025-08-26 15:00:00,1756238400000,228.71,228.94,228.3717,228.94,1725020.0,228.7087
2025-08-26 15:15:00,1756239300000,228.71,228.77,228.55,228.553,20326.0,228.688
2025-08-26 15:30:00,1756240200000,228.69,228.71,228.5,228.6963,15274.0,228.6429
2025-08-26 15:45:00,1756241100000,228.69,228.69,228.4655,228.6,3931.0,228.5584
2025-08-26 16:00:00,1756242000000,228.559,228.62,228.43,228.52,10969.0,228.4661
2025-08-26 16:15:00,1756242900000,228.5,228.6,228.4754,228.52,2222.0,228.5248
2025-08-26 16:30:00,1756243800000,228.5388,228.64,228.4819,228.6001,12599.0,228.5843
2025-08-26 16:45:00,1756244700000,228.5989,228.75,228.5986,228.65,3648.0,228.6577
2025-08-26 17:00:00,1756245600000,228.62,228.69,228.62,228.69,4944.0,228.6554
2025-08-26 17:15:00,1756246500000,228.6801,228.7,228.5101,228.5101,1679.0,228.629
2025-08-26 17:30:00,1756247400000,228.6,228.69,228.55,228.69,1641.0,228.6126
2025-08-26 17:45:00,1756248300000,228.65,228.82,228.58,228.82,9565.0,228.7247
2025-08-26 18:00:00,1756249200000,228.7,228.79,228.6,228.61,5058.0,228.7108
2025-08-26 18:15:00,1756250100000,228.61,228.75,228.61,228.75,1050.0,228.6627
2025-08-26 18:30:00,1756251000000,228.67,228.89,228.67,228.89,2153.0,228.7881
2025-08-26 18:45:00,1756251900000,228.84,229.0,228.7517,229.0,15142.0,228.9453
2025-08-27 03:00:00,1756281600000,228.33,228.71,228.3,228.3,11959.0,228.4456
2025-08-27 03:15:00,1756282500000,228.23,228.31,228.2,228.31,1249.0,228.2284
2025-08-27 03:30:00,1756283400000,228.31,228.4,228.19,228.19,6384.0,228.2423
2025-08-27 03:45:00,1756284300000,228.34,228.37,228.25,228.37,7579.0,228.3442
2025-08-27 04:00:00,1756285200000,228.45,228.71,228.45,228.61,7937.0,228.6251
2025-08-27 04:15:00,1756286100000,228.58,228.59,228.55,228.59,916.0,228.5849
2025-08-27 04:30:00,1756287000000,228.63,228.76,228.63,228.76,3168.0,228.6989
2025-08-27 04:45:00,1756287900000,228.68,228.79,228.62,228.62,1539.0,228.7147
2025-08-27 05:00:00,1756288800000,228.67,228.71,228.67,228.7,1679.0,228.6776
2025-08-27 05:15:00,1756289700000,228.63,229.34,228.63,229.34,15568.0,228.9645
2025-08-27 05:30:00,1756290600000,229.32,229.34,229.03,229.13,4177.0,229.1842
2025-08-27 05:45:00,1756291500000,229.06,229.07,228.85,228.85,2682.0,228.9223
2025-08-27 06:00:00,1756292400000,228.82,228.85,228.57,228.71,3941.0,228.729
2025-08-27 06:15:00,1756293300000,228.74,229.22,228.74,229.0,11095.0,228.9922
2025-08-27 06:30:00,1756294200000,228.87,228.87,228.76,228.76,1666.0,228.8269
2025-08-27 06:45:00,1756295100000,228.82,228.82,228.82,228.82,336.0,228.8178
2025-08-27 07:00:00,1756296000000,228.61,229.34,228.27,228.9296,50762.0,228.7526
2025-08-27 07:15:00,1756296900000,228.87,228.8862,228.48,228.48,17589.0,228.7005
2025-08-27 07:30:00,1756297800000,228.48,228.57,228.26,228.4,36048.0,228.3751
2025-08-27 07:45:00,1756298700000,228.41,228.75,228.37,228.7496,23106.0,228.6443
2025-08-27 08:00:00,1756299600000,228.7799,228.8982,228.27,228.59,26573.0,228.6314
2025-08-27 08:15:00,1756300500000,228.66,228.9,228.0,228.58,42438.0,228.3857
2025-08-27 08:30:00,1756301400000,228.57,229.87,227.81,229.21,2640619.0,228.9562
2025-08-27 08:45:00,1756302300000,229.19,229.3321,228.36,229.2099,1476773.0,228.8552
2025-08-27 09:00:00,1756303200000,229.175,229.61,228.93,229.125,880792.0,229.3098
2025-08-27 09:15:00,1756304100000,229.125,229.44,228.99,229.1599,814250.0,229.1682
2025-08-27 09:30:00,1756305000000,229.14,229.705,229.12,229.3703,674221.0,229.384
2025-08-27 09:45:00,1756305900000,229.395,229.41,228.9537,228.96,524282.0,229.1434
2025-08-27 10:00:00,1756306800000,228.97,229.21,228.68,228.6863,589929.0,228.953
2025-08-27 10:15:00,1756307700000,228.69,228.98,228.58,228.825,536339.0,228.7443
2025-08-27 10:30:00,1756308600000,228.81,229.17,228.69,229.08,446344.0,228.9585
2025-08-27 10:45:00,1756309500000,229.08,229.35,228.96,229.25,367293.0,229.206
2025-08-27 11:00:00,1756310400000,229.26,229.34,228.93,228.93,321868.0,229.1694
2025-08-27 11:15:00,1756311300000,228.93,228.94,228.2803,228.69,545095.0,228.6013
2025-08-27 11:30:00,1756312200000,228.68,228.83,228.46,228.7307,377246.0,228.6627
2025-08-27 11:45:00,1756313100000,228.735,228.9,228.6901,228.825,411895.0,228.7879
2025-08-27 12:00:00,1756314000000,228.83,228.855,228.6,228.74,340293.0,228.7138
2025-08-27 12:15:00,1756314900000,228.75,228.75,228.41,228.705,286625.0,228.5963
2025-08-27 12:30:00,1756315800000,228.695,228.95,228.63,228.88,299873.0,228.7474
2025-08-27 12:45:00,1756316700000,228.8701,228.97,228.81,228.855,222837.0,228.8789
2025-08-27 13:00:00,1756317600000,228.86,229.23,228.8301,229.2,430139.0,228.9749
2025-08-27 13:15:00,1756318500000,229.2,229.27,229.09,229.1,314568.0,229.1711
2025-08-27 13:30:00,1756319400000,229.1,229.16,228.925,228.94,291297.0,229.0311
2025-08-27 13:45:00,1756320300000,228.95,229.14,228.75,228.86,396506.0,228.936
2025-08-27 14:00:00,1756321200000,228.87,228.9,228.28,228.41,503184.0,228.6774
2025-08-27 14:15:00,1756322100000,228.42,228.81,228.405,228.65,433332.0,228.6486
2025-08-27 14:30:00,1756323000000,228.645,229.09,228.61,229.065,562585.0,228.8346
2025-08-27 14:45:00,1756323900000,229.065,229.39,229.02,229.05,1897116.0,229.2066
2025-08-27 15:00:00,1756324800000,229.06,229.12,228.56,228.8,870711.0,229.1165
2025-08-27 15:15:00,1756325700000,228.85,229.1,227.8,228.9498,50454.0,228.4837
2025-08-27 15:30:00,1756326600000,228.95,229.12,228.1,228.54,26300.0,228.6863
2025-08-27 15:45:00,1756327500000,228.81,228.85,228.2655,228.56,476923.0,229.0136
2025-08-27 16:00:00,1756328400000,228.54,228.73,228.409,228.63,12661.0,227.9831
2025-08-27 16:15:00,1756329300000,228.63,228.75,228.55,228.7,11616.0,228.7179
2025-08-27 16:30:00,1756330200000,228.7,228.8,228.6402,228.8,4878.0,228.7228
2025-08-27 16:45:00,1756331100000,228.84,228.9,228.72,228.72,4861.0,228.8383
2025-08-27 17:00:00,1756332000000,228.6808,228.6808,228.4,228.47,10498.0,228.5257
2025-08-27 17:15:00,1756332900000,228.4897,228.5,228.37,228.5,3979.0,228.4306
2025-08-27 17:30:00,1756333800000,228.52,228.7626,228.51,228.63,2242.0,228.6195
2025-08-27 17:45:00,1756334700000,228.5075,228.84,228.5,228.5,4278.0,228.6288
2025-08-27 18:00:00,1756335600000,228.5018,228.6895,228.4962,228.51,1318.0,228.5527
2025-08-27 18:15:00,1756336500000,228.4465,228.68,228.4465,228.68,3220.0,228.5967
2025-08-27 18:30:00,1756337400000,228.61,228.776,228.6,228.776,3156.0,228.6958
2025-08-27 18:45:00,1756338300000,228.68,228.78,228.42,228.44,5024.0,228.6206
2025-08-28 03:00:00,1756368000000,229.55,229.84,229.47,229.84,9088.0,229.6116
2025-08-28 03:15:00,1756368900000,229.83,229.83,229.62,229.75,7555.0,229.7046
2025-08-28 03:30:00,1756369800000,229.75,229.75,229.58,229.58,3967.0,229.7135
2025-08-28 03:45:00,1756370700000,229.58,229.59,229.58,229.59,824.0,229.5875
2025-08-28 04:00:00,1756371600000,229.34,229.46,229.34,229.43,3108.0,229.4027
2025-08-28 04:15:00,1756372500000,229.49,229.5,229.49,229.5,1055.0,229.4759
2025-08-28 04:30:00,1756373400000,229.5,229.5,229.4,229.4,4012.0,229.4545
2025-08-28 04:45:00,1756374300000,229.34,229.55,229.34,229.55,4278.0,229.4385
2025-08-28 05:00:00,1756375200000,229.54,229.55,229.37,229.37,5928.0,229.5254
2025-08-28 05:30:00,1756377000000,229.44,229.49,229.33,229.33,2033.0,229.3975
2025-08-28 05:45:00,1756377900000,229.38,229.39,229.38,229.39,736.0,229.3729
2025-08-28 06:00:00,1756378800000,229.29,229.5,229.22,229.29,11049.0,229.4193
2025-08-28 06:15:00,1756379700000,229.27,229.27,229.0,229.0,5433.0,229.1435
2025-08-28 06:30:00,1756380600000,229.0,229.02,228.92,229.0,3102.0,228.9738
2025-08-28 06:45:00,1756381500000,229.1,229.2,229.1,229.2,3219.0,229.149
2025-08-28 07:00:00,1756382400000,229.55,229.88,228.9,229.0,117241.0,229.2852
2025-08-28 07:15:00,1756383300000,229.0,229.14,228.87,229.06,7010.0,229.0356
2025-08-28 07:30:00,1756384200000,229.06,229.35,229.0,229.2,68591.0,229.1316
2025-08-28 07:45:00,1756385100000,229.14,229.3,228.95,229.25,46372.0,229.0976
2025-08-28 08:00:00,1756386000000,229.2501,229.35,229.1,229.3489,14851.0,229.2139
2025-08-28 08:15:00,1756386900000,229.3499,229.4,228.86,229.12,25011.0,229.1801
2025-08-28 08:30:00,1756387800000,229.005,230.86,228.86,229.64,2592271.0,230.0231
2025-08-28 08:45:00,1756388700000,229.67,229.69,228.02,229.12,1467138.0,228.8466
2025-08-28 09:00:00,1756389600000,229.13,230.13,228.99,230.051,1153462.0,229.5474
2025-08-28 09:15:00,1756390500000,230.03,230.53,229.75,229.9701,882925.0,230.2048
2025-08-28 09:30:00,1756391400000,230.0,231.09,229.96,230.83,981955.0,230.5827
2025-08-28 09:45:00,1756392300000,230.815,231.5599,230.57,231.44,1190388.0,231.0886
2025-08-28 10:00:00,1756393200000,231.44,232.6616,231.29,232.52,1856390.0,232.0622
2025-08-28 10:15:00,1756394100000,232.53,232.675,231.61,231.705,1166086.0,232.2182
2025-08-28 10:30:00,1756395000000,231.695,232.34,231.6801,231.93,732245.0,232.0462
2025-08-28 10:45:00,1756395900000,231.92,231.92,231.5,231.58,454867.0,231.7249
2025-08-28 11:00:00,1756396800000,231.58,232.0167,231.46,231.99,682365.0,231.7402
2025-08-28 11:15:00,1756397700000,232.0,232.71,232.0,232.43,723489.0,232.3253
2025-08-28 11:30:00,1756398600000,232.44,232.53,232.155,232.335,473980.0,232.3715
2025-08-28 11:45:00,1756399500000,232.33,232.3583,231.79,231.84,541319.0,232.1426
2025-08-28 12:00:00,1756400400000,231.84,231.96,231.55,231.9582,428120.0,231.7985
2025-08-28 12:15:00,1756401300000,231.955,231.96,231.575,231.675,915208.0,231.7856
2025-08-28 12:30:00,1756402200000,231.68,231.96,231.58,231.8284,992650.0,231.7381
2025-08-28 12:45:00,1756403100000,231.84,232.14,231.84,232.07,384894.0,232.0278
2025-08-28 13:00:00,1756404000000,232.06,232.215,232.05,232.21,410127.0,232.1456
2025-08-28 13:15:00,1756404900000,232.22,232.24,231.85,232.025,947602.0,232.1101
2025-08-28 13:30:00,1756405800000,232.03,232.2,231.97,231.9985,495442.0,232.0916
2025-08-28 13:45:00,1756406700000,232.01,232.055,231.8442,231.8501,552929.0,231.9401
2025-08-28 14:00:00,1756407600000,231.855,231.92,231.67,231.7351,558104.0,231.7766
2025-08-28 14:15:00,1756408500000,231.735,231.91,231.6,231.61,688781.0,231.713
2025-08-28 14:30:00,1756409400000,231.6046,231.7,231.485,231.66,795115.0,231.595
2025-08-28 14:45:00,1756410300000,231.66,231.9,231.38,231.56,2572992.0,231.6462
2025-08-28 15:00:00,1756411200000,231.6,231.68,231.35,231.4639,787634.0,231.5964
2025-08-28 15:15:00,1756412100000,231.45,231.45,231.3,231.3001,11148.0,231.3546
2025-08-28 15:30:00,1756413000000,231.36,231.45,231.32,231.32,4938.0,231.3775
2025-08-28 15:45:00,1756413900000,231.35,231.6,231.25,231.3203,27539.0,231.5302
2025-08-28 16:00:00,1756414800000,231.34,231.43,231.34,231.36,2081.0,231.3882
2025-08-28 16:15:00,1756415700000,231.5,231.5,231.32,231.4788,2041.0,231.8725
2025-08-28 16:30:00,1756416600000,231.2797,231.42,231.25,231.4,5068.0,231.1107
2025-08-28 16:45:00,1756417500000,231.3515,231.38,231.3505,231.38,1363.0,231.3591
2025-08-28 17:00:00,1756418400000,231.41,231.43,231.3405,231.43,2466.0,231.3897
2025-08-28 17:15:00,1756419300000,231.4294,231.4294,231.3401,231.3401,4266.0,231.387
2025-08-28 17:30:00,1756420200000,231.35,231.4,231.25,231.35,2340.0,231.3378
2025-08-28 17:45:00,1756421100000,231.35,231.4,231.1962,231.3715,4265.0,231.3278
2025-08-28 18:00:00,1756422000000,231.3,231.3,231.2,231.203,1343.0,231.2436
2025-08-28 18:15:00,1756422900000,231.27,231.35,231.223,231.223,1405.0,231.2756
2025-08-28 18:30:00,1756423800000,231.32,231.32,231.29,231.29,658.0,231.3018
2025-08-28 18:45:00,1756424700000,231.3,231.3,231.2,231.2,5443.0,231.2641
2025-08-29 03:00:00,1756454400000,230.95,230.95,230.57,230.62,9284.0,230.8089
2025-08-29 03:15:00,1756455300000,230.59,230.67,230.55,230.65,5449.0,230.6146
2025-08-29 03:30:00,1756456200000,230.74,230.74,230.61,230.61,817.0,230.6469
2025-08-29 03:45:00,1756457100000,230.61,230.61,230.37,230.37,5918.0,230.513
2025-08-29 04:00:00,1756458000000,230.4,230.52,230.27,230.5,9849.0,230.3972
2025-08-29 04:15:00,1756458900000,230.58,230.58,230.58,230.58,201.0,230.5805
2025-08-29 04:45:00,1756460700000,230.53,230.57,230.52,230.52,1059.0,230.5419
2025-08-29 05:00:00,1756461600000,230.55,230.8,230.52,230.8,2507.0,230.6598
2025-08-29 05:15:00,1756462500000,230.84,231.0,230.8,230.8,1448.0,230.8691
2025-08-29 05:30:00,1756463400000,230.94,230.94,230.76,230.76,1390.0,230.837
2025-08-29 05:45:00,1756464300000,230.87,230.87,230.61,230.61,1044.0,230.8047
2025-08-29 06:00:00,1756465200000,230.79,231.0,230.7,230.82,5107.0,230.8667
2025-08-29 06:15:00,1756466100000,230.8,230.8,230.7,230.73,1194.0,230.7627
2025-08-29 06:30:00,1756467000000,230.72,230.72,230.63,230.63,1294.0,230.6782
2025-08-29 06:45:00,1756467900000,230.69,230.69,230.63,230.63,1875.0,230.6698
2025-08-29 07:00:00,1756468800000,230.95,231.4,230.2,230.6793,54494.0,230.8036
2025-08-29 07:15:00,1756469700000,230.64,230.6933,230.4261,230.45,13922.0,230.5332
2025-08-29 07:30:00,1756470600000,230.7,231.23,230.6,231.13,40110.0,231.0289
2025-08-29 07:45:00,1756471500000,231.2,231.4983,231.0747,231.2209,12957.0,231.3293
2025-08-29 08:00:00,1756472400000,231.36,231.6131,231.36,231.49,18665.0,231.4828
2025-08-29 08:15:00,1756473300000,231.47,231.61,231.18,231.59,22312.0,231.4235
2025-08-29 08:30:00,1756474200000,231.32,231.8125,230.6574,230.67,1665992.0,231.2619
2025-08-29 08:45:00,1756475100000,230.67,230.68,229.5801,229.82,1368608.0,230.0212
2025-08-29 09:00:00,1756476000000,229.85,230.38,229.21,229.3,1424069.0,229.9276
2025-08-29 09:15:00,1756476900000,229.29,229.7178,228.73,229.665,943025.0,229.307
2025-08-29 09:30:00,1756477800000,229.68,229.68,229.01,229.05,602653.0,229.3427
2025-08-29 09:45:00,1756478700000,229.06,229.21,228.4801,228.73,796660.0,228.7248
2025-08-29 10:00:00,1756479600000,228.72,229.19,228.7,228.835,669793.0,228.9386
2025-08-29 10:15:00,1756480500000,228.835,229.1641,228.71,228.93,616835.0,228.9277
2025-08-29 10:30:00,1756481400000,228.95,229.125,228.71,228.725,524777.0,228.9154
2025-08-29 10:45:00,1756482300000,228.733,228.93,228.45,228.4701,589939.0,228.6843
2025-08-29 11:00:00,1756483200000,228.49,228.84,228.4417,228.65,499442.0,228.6904
2025-08-29 11:15:00,1756484100000,228.645,228.83,228.435,228.51,392448.0,228.6652
2025-08-29 11:30:00,1756485000000,228.53,228.935,228.52,228.915,376091.0,228.7931
2025-08-29 11:45:00,1756485900000,228.9,229.05,228.605,228.8,405526.0,228.8053
2025-08-29 12:00:00,1756486800000,228.79,228.8,228.2101,228.347,605208.0,228.4419
2025-08-29 12:15:00,1756487700000,228.36,228.5751,228.16,228.45,424626.0,228.3901
2025-08-29 12:30:00,1756488600000,228.51,228.73,228.33,228.6402,349913.0,228.5507
2025-08-29 12:45:00,1756489500000,228.64,228.93,228.59,228.82,376608.0,228.7802
2025-08-29 13:00:00,1756490400000,228.81,228.815,228.535,228.805,360684.0,228.6781
2025-08-29 13:15:00,1756491300000,228.81,228.8899,228.555,228.66,479032.0,228.7359
2025-08-29 13:30:00,1756492200000,228.67,228.97,228.5914,228.6,412899.0,228.7771
2025-08-29 13:45:00,1756493100000,228.595,228.9,228.55,228.87,401911.0,228.734
2025-08-29 14:00:00,1756494000000,228.87,229.11,228.84,228.95,507757.0,228.9524
2025-08-29 14:15:00,1756494900000,228.96,229.16,228.8599,228.935,487642.0,229.0046
2025-08-29 14:30:00,1756495800000,228.94,229.055,228.705,228.97,693537.0,228.898
2025-08-29 14:45:00,1756496700000,228.98,229.2,228.41,229.05,2882945.0,228.7993
2025-08-29 15:00:00,1756497600000,229.0284,229.15,228.801,228.83,707358.0,228.9979
2025-08-29 15:15:00,1756498500000,228.94,229.0,228.7132,229.0,21130.0,228.8648
2025-08-29 15:30:00,1756499400000,228.75,229.01,228.75,228.9443,31680.0,228.9129
2025-08-29 15:45:00,1756500300000,228.92,229.0,228.6,228.8,32562.0,228.9097
2025-08-29 16:00:00,1756501200000,228.71,228.81,228.5,228.8,13015.0,227.5193
2025-08-29 16:15:00,1756502100000,228.75,228.8082,228.71,228.7287,2480.0,228.7415
2025-08-29 16:30:00,1756503000000,228.75,228.84,228.55,228.84,6996.0,228.6821
2025-08-29 16:45:00,1756503900000,228.87,228.91,228.75,228.75,4628.0,228.8518
2025-08-29 17:00:00,1756504800000,228.75,228.75,228.72,228.72,4956.0,228.749
2025-08-29 17:15:00,1756505700000,228.7,228.77,228.6003,228.6003,4766.0,228.7001
2025-08-29 17:30:00,1756506600000,228.7,228.7899,228.7,228.71,1985.0,228.754
2025-08-29 17:45:00,1756507500000,228.7015,228.73,228.65,228.7,1438.0,228.6997
2025-08-29 18:00:00,1756508400000,228.73,228.8,228.6241,228.6318,3652.0,228.733
2025-08-29 18:15:00,1756509300000,228.6179,228.79,228.6179,228.76,1426.0,228.674
2025-08-29 18:30:00,1756510200000,228.75,228.7991,228.75,228.7991,1193.0,228.7622
2025-08-29 18:45:00,1756511100000,228.69,228.7988,228.69,228.6967,3036.0,228.7401
2025-09-02 03:00:00,1756800000000,228.47,228.48,226.6,226.75,23135.0,226.9661
2025-09-02 03:15:00,1756800900000,226.86,227.07,226.86,226.86,3103.0,226.9578
2025-09-02 03:30:00,1756801800000,226.81,227.21,226.81,227.21,6325.0,227.0487
2025-09-02 03:45:00,1756802700000,226.94,227.09,226.94,227.09,463.0,226.9733
2025-09-02 04:00:00,1756803600000,227.14,227.18,227.05,227.1,1751.0,227.1298
2025-09-02 04:15:00,1756804500000,227.2,227.21,227.15,227.2,3130.0,227.2124
2025-09-02 04:45:00,1756806300000,227.01,227.01,226.94,226.97,3402.0,226.9789
2025-09-02 05:00:00,1756807200000,226.85,226.85,226.33,226.71,12979.0,226.4579
2025-09-02 05:15:00,1756808100000,226.6,226.6,226.2,226.2,4985.0,226.3749
2025-09-02 05:30:00,1756809000000,226.15,226.47,226.1,226.3,9832.0,226.2651
2025-09-02 05:45:00,1756809900000,226.23,226.31,226.03,226.1,16819.0,226.1636
2025-09-02 06:00:00,1756810800000,226.16,226.2,225.6,225.62,31634.0,225.8392
2025-09-02 06:15:00,1756811700000,225.7,225.7,225.57,225.69,19525.0,225.6656
2025-09-02 06:30:00,1756812600000,225.58,225.9,225.58,225.89,13728.0,225.7295
2025-09-02 06:45:00,1756813500000,225.88,225.98,225.58,225.58,9973.0,225.7637
2025-09-02 07:00:00,1756814400000,226.8,228.7,224.2702,224.78,183366.0,225.7129
2025-09-02 07:15:00,1756815300000,224.76,225.0,224.65,224.66,33339.0,224.7449
2025-09-02 07:30:00,1756816200000,224.69,224.98,224.35,224.55,42632.0,224.5929
2025-09-02 07:45:00,1756817100000,224.5835,224.81,223.95,223.95,75058.0,224.3282
2025-09-02 08:00:00,1756818000000,223.86,224.46,223.8,224.3,52301.0,224.1437
2025-09-02 08:15:00,1756818900000,224.3,224.8,222.66,223.72,122958.0,223.9109
2025-09-02 08:30:00,1756819800000,223.52,225.41,223.1,224.0599,3953238.0,224.1347
2025-09-02 08:45:00,1756820700000,224.025,225.3,223.6,224.685,2102038.0,224.4332
2025-09-02 09:00:00,1756821600000,224.65,225.08,224.48,224.555,1364227.0,224.7689
2025-09-02 09:15:00,1756822500000,224.5501,225.02,224.02,224.96,1160444.0,224.6255
2025-09-02 09:30:00,1756823400000,224.96,225.07,224.14,224.25,922733.0,224.6613
2025-09-02 09:45:00,1756824300000,224.235,224.42,223.5,223.99,1354107.0,223.914
2025-09-02 10:00:00,1756825200000,223.995,224.1,223.5,223.63,910336.0,223.7445
2025-09-02 10:15:00,1756826100000,223.63,223.83,223.06,223.25,1719953.0,223.3517
2025-09-02 10:30:00,1756827000000,223.23,223.2301,222.2,222.22,1767883.0,222.7485
2025-09-02 10:45:00,1756827900000,222.2,222.47,221.83,222.0402,1353247.0,222.156
2025-09-02 11:00:00,1756828800000,222.05,223.1098,222.05,223.03,1078448.0,222.6681
2025-09-02 11:15:00,1756829700000,223.02,223.78,223.015,223.7486,915062.0,223.4909
2025-09-02 11:30:00,1756830600000,223.745,224.2,223.64,224.0,764705.0,223.9301
2025-09-02 11:45:00,1756831500000,223.99,224.5,223.87,224.378,689715.0,224.2055
2025-09-02 12:00:00,1756832400000,224.37,224.79,224.36,224.56,684095.0,224.578
2025-09-02 12:15:00,1756833300000,224.55,225.129,224.4502,225.03,638735.0,224.8316
2025-09-02 12:30:00,1756834200000,225.03,225.965,225.03,225.513,1027021.0,225.5087
2025-09-02 12:45:00,1756835100000,225.495,225.64,225.21,225.27,501617.0,225.4089
2025-09-02 13:00:00,1756836000000,225.275,225.49,225.2,225.28,912254.0,225.392
2025-09-02 13:15:00,1756836900000,225.295,225.4,225.14,225.16,350552.0,225.2662
2025-09-02 13:30:00,1756837800000,225.16,225.385,224.905,225.015,505691.0,225.0865
2025-09-02 13:45:00,1756838700000,225.01,225.655,224.97,225.24,523471.0,225.3082
2025-09-02 14:00:00,1756839600000,225.24,225.49,225.24,225.41,481108.0,225.368
2025-09-02 14:15:00,1756840500000,225.4,225.64,225.36,225.52,512965.0,225.5098
2025-09-02 14:30:00,1756841400000,225.52,225.8,225.335,225.67,659526.0,225.575
2025-09-02 14:45:00,1756842300000,225.66,226.17,225.24,225.33,2651440.0,225.6025
2025-09-02 15:00:00,1756843200000,225.3212,225.86,224.541,225.75,370594.0,225.3493
2025-09-02 15:15:00,1756844100000,225.73,225.75,224.57,225.01,63667.0,225.2545
2025-09-02 15:30:00,1756845000000,224.88,225.7,224.88,225.28,25021.0,225.2607
2025-09-02 15:45:00,1756845900000,225.35,225.4,225.0,225.1,79371.0,225.2538
2025-09-02 16:00:00,1756846800000,225.01,225.34,225.01,225.13,10208.0,225.5773
2025-09-02 16:15:00,1756847700000,225.2,225.6,225.0262,225.5,24145.0,225.5104
2025-09-02 16:30:00,1756848600000,225.4995,225.5999,225.25,225.3499,15763.0,225.2661
2025-09-02 16:45:00,1756849500000,225.45,225.55,225.26,225.45,16382.0,225.4152
2025-09-02 17:00:00,1756850400000,225.34,225.35,225.04,225.212,13689.0,225.3795
2025-09-02 17:15:00,1756851300000,225.2,225.47,225.05,225.16,7211.0,225.2138
2025-09-02 17:30:00,1756852200000,225.2402,225.3,225.03,225.1,6212.0,225.1282
2025-09-02 17:45:00,1756853100000,225.0308,225.3,224.9501,224.9502,13555.0,225.0946
2025-09-02 18:00:00,1756854000000,224.88,225.0,224.8148,224.8148,7811.0,224.8686
2025-09-02 18:15:00,1756854900000,224.88,224.95,224.71,224.72,6560.0,224.8465
2025-09-02 18:30:00,1756855800000,224.9004,225.0,224.72,224.8005,4949.0,224.9121
2025-09-02 18:45:00,1756856700000,224.9397,224.94,224.6,224.8971,10667.0,224.7684
2025-09-03 03:00:00,1756886400000,225.22,225.9,225.01,225.9,16736.0,225.5814
2025-09-03 03:15:00,1756887300000,225.84,226.1,225.84,226.01,6690.0,225.9946
2025-09-03 03:30:00,1756888200000,225.83,225.83,225.81,225.81,700.0,225.8195
2025-09-03 03:45:00,1756889100000,225.7,225.85,225.7,225.85,1378.0,225.7902
2025-09-03 04:00:00,1756890000000,225.98,225.98,225.78,225.78,2606.0,225.8861
2025-09-03 04:15:00,1756890900000,225.73,225.98,225.73,225.98,3180.0,225.8934
2025-09-03 04:30:00,1756891800000,226.07,226.08,226.06,226.06,619.0,226.0712
2025-09-03 04:45:00,1756892700000,226.06,226.06,226.0,226.0,4250.0,226.0151
2025-09-03 05:00:00,1756893600000,226.09,226.09,225.88,225.92,1548.0,225.928
2025-09-03 05:15:00,1756894500000,225.86,225.87,225.81,225.81,3607.0,225.8411
2025-09-03 05:45:00,1756896300000,225.96,225.98,225.81,225.81,1457.0,225.9183
2025-09-03 06:00:00,1756897200000,225.94,225.97,225.61,225.61,10990.0,225.7992
2025-09-03 06:15:00,1756898100000,225.65,225.65,225.38,225.38,2788.0,225.4785
2025-09-03 06:30:00,1756899000000,225.39,225.69,225.38,225.69,2880.0,225.5179
2025-09-03 06:45:00,1756899900000,225.63,225.63,225.55,225.55,4526.0,225.5332
2025-09-03 07:00:00,1756900800000,225.9,226.05,224.45,225.72,77082.0,225.3885
2025-09-03 07:15:00,1756901700000,225.76,225.76,225.33,225.61,16727.0,225.555
2025-09-03 07:30:00,1756902600000,225.57,225.65,225.1122,225.26,17449.0,225.3503
2025-09-03 07:45:00,1756903500000,225.3,225.4826,225.2,225.34,9014.0,225.3104
2025-09-03 08:00:00,1756904400000,225.34,225.86,225.34,225.71,22750.0,225.6223
2025-09-03 08:15:00,1756905300000,225.74,225.7994,225.21,225.31,24014.0,225.5797
2025-09-03 08:30:00,1756906200000,225.21,227.1699,224.9,226.65,2990034.0,226.0798
2025-09-03 08:45:00,1756907100000,226.621,226.75,225.68,226.3,1471382.0,226.3599
2025-09-03 09:00:00,1756908000000,226.29,226.96,225.9296,225.96,1188320.0,226.4857
2025-09-03 09:15:00,1756908900000,225.975,226.96,225.86,226.43,1035812.0,226.4237
2025-09-03 09:30:00,1756909800000,226.42,226.9701,226.385,226.92,696538.0,226.7211
2025-09-03 09:45:00,1756910700000,226.91,227.105,226.43,226.46,787664.0,226.8163
2025-09-03 10:00:00,1756911600000,226.45,226.56,225.81,225.975,844949.0,226.2064
2025-09-03 10:15:00,1756912500000,225.96,226.2,225.56,225.625,709331.0,225.903
2025-09-03 10:30:00,1756913400000,225.6,225.84,225.305,225.73,657288.0,225.5952
2025-09-03 10:45:00,1756914300000,225.735,226.02,225.6,225.87,487896.0,225.7905
2025-09-03 11:00:00,1756915200000,225.86,225.94,225.555,225.72,516216.0,225.7445
2025-09-03 11:15:00,1756916100000,225.74,225.9401,225.5,225.64,500652.0,225.7272
2025-09-03 11:30:00,1756917000000,225.65,225.79,225.16,225.34,563324.0,225.4673
2025-09-03 11:45:00,1756917900000,225.35,225.375,224.895,225.145,647254.0,225.1589
2025-09-03 12:00:00,1756918800000,225.14,226.0,225.12,225.895,695370.0,225.6173
2025-09-03 12:15:00,1756919700000,225.8809,226.0997,225.44,225.625,485905.0,225.8149
2025-09-03 12:30:00,1756920600000,225.61,225.63,225.02,225.06,462069.0,225.301
2025-09-03 12:45:00,1756921500000,225.06,225.33,224.775,225.04,417849.0,225.0675
2025-09-03 13:00:00,1756922400000,225.0,225.0,224.59,224.83,555030.0,224.7965
2025-09-03 13:15:00,1756923300000,224.82,224.888,224.59,224.71,394317.0,224.736
2025-09-03 13:30:00,1756924200000,224.7,224.7099,224.36,224.64,621309.0,224.5093
2025-09-03 13:45:00,1756925100000,224.63,224.69,224.48,224.6,425648.0,224.583
2025-09-03 14:00:00,1756926000000,224.59,224.9,224.51,224.56,536206.0,224.686
2025-09-03 14:15:00,1756926900000,224.54,224.955,224.54,224.88,464523.0,224.7626
2025-09-03 14:30:00,1756927800000,224.89,225.555,224.875,225.52,906825.0,225.2235
2025-09-03 14:45:00,1756928700000,225.52,226.0,225.4,226.0,2959053.0,225.7503
2025-09-03 15:00:00,1756929600000,225.99,226.0,225.8,225.9596,211378.0,225.9844
2025-09-03 15:15:00,1756930500000,225.88,225.98,225.8,225.98,6854.0,225.8843
2025-09-03 15:30:00,1756931400000,225.9,226.3,225.9,225.99,116881.0,225.988
2025-09-03 15:45:00,1756932300000,225.99,225.99,225.7102,225.81,11398.0,225.8961
2025-09-03 16:00:00,1756933200000,225.81,225.93,225.6,225.9,17553.0,225.8101
2025-09-03 16:15:00,1756934100000,225.92,226.21,225.92,226.21,512571.0,225.9926
2025-09-03 16:30:00,1756935000000,226.2,226.3674,226.0546,226.2476,4823.0,226.1679
2025-09-03 16:45:00,1756935900000,226.28,227.1884,226.28,227.17,67561.0,226.8916
2025-09-03 17:00:00,1756936800000,227.13,227.99,226.9,227.99,59275.0,227.3893
2025-09-03 17:15:00,1756937700000,227.9886,231.01,227.81,229.5,209209.0,229.6716
2025-09-03 17:30:00,1756938600000,229.3027,229.49,228.66,229.2996,41976.0,229.1041
2025-09-03 17:45:00,1756939500000,229.29,229.29,228.1266,228.66,49062.0,228.6863
2025-09-03 18:00:00,1756940400000,228.58,228.58,228.22,228.24,15009.0,228.433
2025-09-03 18:15:00,1756941300000,228.24,228.48,228.24,228.35,9719.0,228.3336
2025-09-03 18:30:00,1756942200000,228.37,228.48,228.05,228.26,16746.0,228.3092
2025-09-03 18:45:00,1756943100000,228.38,228.45,227.71,227.8991,35399.0,228.0166
2025-09-04 03:00:00,1756972800000,228.23,228.66,228.2,228.6,12816.0,228.5451
2025-09-04 03:15:00,1756973700000,228.59,229.02,228.58,229.0,13085.0,228.9258
2025-09-04 03:30:00,1756974600000,229.0,229.09,228.93,229.09,6808.0,229.0106
2025-09-04 03:45:00,1756975500000,229.15,229.15,229.11,229.15,2544.0,229.1354
2025-09-04 04:00:00,1756976400000,229.0,229.01,228.91,229.01,2018.0,228.9715
2025-09-04 04:15:00,1756977300000,228.88,229.12,228.88,229.12,3584.0,229.0483
2025-09-04 04:30:00,1756978200000,228.91,228.95,228.86,228.86,2054.0,228.9203
2025-09-04 04:45:00,1756979100000,228.82,229.0,228.77,229.0,6715.0,228.8533
2025-09-04 05:00:00,1756980000000,229.01,229.96,229.01,229.96,15627.0,229.387
2025-09-04 05:15:00,1756980900000,229.89,229.9,229.45,229.48,6253.0,229.6462
2025-09-04 05:30:00,1756981800000,229.48,229.55,229.31,229.36,7067.0,229.4127
2025-09-04 05:45:00,1756982700000,229.3,229.63,229.3,229.5,21666.0,229.436
2025-09-04 06:00:00,1756983600000,229.5,229.74,229.5,229.73,54405.0,229.6304
2025-09-04 06:15:00,1756984500000,229.7,229.85,229.58,229.59,28909.0,229.7437
2025-09-04 06:30:00,1756985400000,229.6,230.42,229.5,230.41,49503.0,229.8478
2025-09-04 06:45:00,1756986300000,230.4,230.4,230.04,230.08,39120.0,230.2062
2025-09-04 07:00:00,1756987200000,229.74,231.08,227.8,230.94,306065.0,230.0679
2025-09-04 07:15:00,1756988100000,231.0,231.4499,230.8,231.33,148811.0,231.1352
2025-09-04 07:30:00,1756989000000,231.35,231.7489,231.09,231.1,154137.0,231.3171
2025-09-04 07:45:00,1756989900000,231.1883,231.19,230.75,231.14,88057.0,230.963
2025-09-04 08:00:00,1756990800000,231.15,231.15,230.59,230.83,76846.0,230.8066
2025-09-04 08:15:00,1756991700000,230.8,231.55,230.71,231.16,198407.0,231.185
2025-09-04 08:30:00,1756992600000,231.185,234.89,230.78,234.105,10480989.0,233.2956
2025-09-04 08:45:00,1756993500000,234.09,234.41,233.02,233.875,3960049.0,233.9001
2025-09-04 09:00:00,1756994400000,233.91,233.95,232.53,232.8939,3522289.0,233.053
2025-09-04 09:15:00,1756995300000,232.8753,234.14,232.73,233.2,2485497.0,233.5009
2025-09-04 09:30:00,1756996200000,233.19,233.7527,232.5,232.67,1645851.0,233.052
2025-09-04 09:45:00,1756997100000,232.67,232.76,232.07,232.425,1591005.0,232.4191
2025-09-04 10:00:00,1756998000000,232.4,232.86,232.14,232.63,1278012.0,232.4882
2025-09-04 10:15:00,1756998900000,232.64,233.48,232.52,233.41,1460709.0,232.9532
2025-09-04 10:30:00,1756999800000,233.4,233.69,232.89,233.41,1201790.0,233.2559
2025-09-04 10:45:00,1757000700000,233.41,233.67,233.2629,233.5143,1223306.0,233.4861
2025-09-04 11:00:00,1757001600000,233.515,234.57,233.31,234.02,2457589.0,234.0884
2025-09-04 11:15:00,1757002500000,234.03,234.1123,233.35,233.515,1098091.0,233.7651
2025-09-04 11:30:00,1757003400000,233.515,233.95,233.4101,233.8307,820655.0,233.7265
2025-09-04 11:45:00,1757004300000,233.83,234.34,233.77,233.83,954915.0,234.0647
2025-09-04 12:00:00,1757005200000,233.845,234.36,233.8,234.03,939970.0,234.2141
2025-09-04 12:15:00,1757006100000,234.04,234.5191,234.0,234.42,885511.0,234.2859
2025-09-04 12:30:00,1757007000000,234.41,234.65,234.33,234.3654,933261.0,234.4889
2025-09-04 12:45:00,1757007900000,234.37,234.81,234.34,234.76,951181.0,234.5849
2025-09-04 13:00:00,1757008800000,234.76,235.7,234.76,235.34,2799932.0,235.2553
2025-09-04 13:15:00,1757009700000,235.34,235.37,234.96,235.17,1214538.0,235.1692
2025-09-04 13:30:00,1757010600000,235.19,235.59,234.84,234.875,1158722.0,235.2116
2025-09-04 13:45:00,1757011500000,234.88,235.33,234.86,235.14,1023716.0,235.0999
2025-09-04 14:00:00,1757012400000,235.13,235.24,234.935,235.205,1054969.0,235.0598
2025-09-04 14:15:00,1757013300000,235.205,235.35,234.93,234.9501,1246304.0,235.1706
2025-09-04 14:30:00,1757014200000,234.945,235.53,234.8,235.515,1767920.0,235.1509
2025-09-04 14:45:00,1757015100000,235.51,235.77,235.34,235.69,3922297.0,235.5421
2025-09-04 15:00:00,1757016000000,235.68,236.1,235.45,235.85,777395.0,235.7001
2025-09-04 15:15:00,1757016900000,235.72,235.99,235.68,235.85,110668.0,235.752
2025-09-04 15:30:00,1757017800000,235.86,235.92,235.75,235.85,15538.0,235.831
2025-09-04 15:45:00,1757018700000,235.84,235.8488,235.53,235.7,97588.0,235.6818
2025-09-04 16:00:00,1757019600000,235.7,235.85,235.7,235.7983,25944.0,235.7818
2025-09-04 16:15:00,1757020500000,235.73,235.7957,235.67,235.67,11380.0,235.7413
2025-09-04 16:30:00,1757021400000,235.6505,235.68,235.5,235.6,20593.0,235.5849
2025-09-04 16:45:00,1757022300000,235.5501,235.6501,235.5004,235.59,32621.0,235.5876
2025-09-04 17:00:00,1757023200000,235.6,235.6,235.4116,235.45,21326.0,235.488
2025-09-04 17:15:00,1757024100000,235.5,235.6,235.4802,235.51,11730.0,235.5406
2025-09-04 17:30:00,1757025000000,235.5,235.5,235.22,235.44,20351.0,235.3875
2025-09-04 17:45:00,1757025900000,235.3955,235.5,235.3,235.41,9159.0,235.4246
2025-09-04 18:00:00,1757026800000,235.43,235.51,235.43,235.47,8828.0,235.4715
2025-09-04 18:15:00,1757027700000,235.46,235.56,235.43,235.56,7087.0,235.5017
2025-09-04 18:30:00,1757028600000,235.51,235.6,235.45,235.6,9030.0,235.5491
2025-09-04 18:45:00,1757029500000,235.5182,235.67,235.5,235.61,11203.0,235.6034
2025-09-05 03:00:00,1757059200000,235.82,235.82,235.3,235.68,19655.0,235.489
2025-09-05 03:15:00,1757060100000,235.68,235.8,235.53,235.53,7680.0,235.6185
2025-09-05 03:30:00,1757061000000,235.58,235.58,235.58,235.58,757.0,235.5702
2025-09-05 03:45:00,1757061900000,235.5,235.5,235.2,235.29,4922.0,235.3918
2025-09-05 04:00:00,1757062800000,235.2,235.2,234.8,235.15,7844.0,235.0203
2025-09-05 04:15:00,1757063700000,235.11,235.13,235.0,235.0,1610.0,235.0596
2025-09-05 04:30:00,1757064600000,235.05,235.1,234.82,234.82,3930.0,234.9666
2025-09-05 04:45:00,1757065500000,234.9,235.09,234.9,235.02,4481.0,234.9752
2025-09-05 05:00:00,1757066400000,234.99,235.01,234.99,235.01,2158.0,234.9889
2025-09-05 05:15:00,1757067300000,234.92,235.0,234.81,234.81,3711.0,234.9309
2025-09-05 05:30:00,1757068200000,234.69,234.74,234.54,234.67,10036.0,234.6291
2025-09-05 05:45:00,1757069100000,234.72,234.73,234.7,234.7,3221.0,234.7019
2025-09-05 06:00:00,1757070000000,234.8,235.0,234.6,235.0,16224.0,234.7851
2025-09-05 06:15:00,1757070900000,235.0,235.2,234.95,235.07,15662.0,235.071
2025-09-05 06:30:00,1757071800000,235.06,235.07,234.89,235.05,12041.0,234.9933
2025-09-05 06:45:00,1757072700000,235.07,235.15,234.8,234.8,10609.0,235.076
2025-09-05 07:00:00,1757073600000,234.94,236.08,234.51,234.58,142943.0,235.3629
2025-09-05 07:15:00,1757074500000,234.5799,234.76,234.51,234.6401,29347.0,234.6202
2025-09-05 07:30:00,1757075400000,234.8,235.54,234.1,235.0,160787.0,235.0658
2025-09-05 07:45:00,1757076300000,235.1,235.58,234.88,235.5,62607.0,235.2757
2025-09-05 08:00:00,1757077200000,235.56,236.23,235.52,235.62,126590.0,235.9225
2025-09-05 08:15:00,1757078100000,235.788,235.8,234.86,235.29,97992.0,235.5147
2025-09-05 08:30:00,1757079000000,235.19,235.19,234.02,234.145,3879207.0,234.6528
2025-09-05 08:45:00,1757079900000,234.18,235.4845,234.031,235.31,2547726.0,234.9268
2025-09-05 09:00:00,1757080800000,235.37,236.0,235.04,235.585,1846677.0,235.4836
2025-09-05 09:15:00,1757081700000,235.56,235.69,233.9202,234.0763,1723962.0,234.7282
2025-09-05 09:30:00,1757082600000,234.06,234.74,233.15,233.44,1257734.0,233.9106
2025-09-05 09:45:00,1757083500000,233.43,233.71,232.66,232.91,1393711.0,233.1326
2025-09-05 10:00:00,1757084400000,232.89,232.93,231.93,232.82,1551919.0,232.5213
2025-09-05 10:15:00,1757085300000,232.81,233.315,232.66,233.035,1074766.0,232.9757
2025-09-05 10:30:00,1757086200000,233.025,233.57,232.45,233.545,1100975.0,233.0272
2025-09-05 10:45:00,1757087100000,233.54,233.82,233.27,233.655,870984.0,233.5399
2025-09-05 11:00:00,1757088000000,233.67,234.15,233.44,234.1,686105.0,233.794
2025-09-05 11:15:00,1757088900000,234.1,234.295,233.54,233.72,934788.0,234.0278
2025-09-05 11:30:00,1757089800000,233.74,233.79,233.345,233.58,406598.0,233.5705
2025-09-05 11:45:00,1757090700000,233.57,233.69,233.21,233.64,372236.0,233.4721
2025-09-05 12:00:00,1757091600000,233.645,233.65,232.94,233.285,501863.0,233.2367
2025-09-05 12:15:00,1757092500000,233.28,233.4899,232.92,232.985,524992.0,233.2719
2025-09-05 12:30:00,1757093400000,232.99,233.39,232.71,232.99,500558.0,233.0973
2025-09-05 12:45:00,1757094300000,233.0,233.145,232.88,233.06,465434.0,233.018
2025-09-05 13:00:00,1757095200000,233.05,233.2,232.91,233.07,489557.0,233.0449
2025-09-05 13:15:00,1757096100000,233.08,233.15,232.7263,232.95,462075.0,232.976
2025-09-05 13:30:00,1757097000000,232.94,233.28,232.77,233.055,781401.0,233.0347
2025-09-05 13:45:00,1757097900000,233.0519,233.1,232.735,232.99,421498.0,232.9414
2025-09-05 14:00:00,1757098800000,232.98,233.0,232.655,232.74,874846.0,232.7882
2025-09-05 14:15:00,1757099700000,232.735,233.09,232.59,232.8767,966737.0,232.8158
2025-09-05 14:30:00,1757100600000,232.88,232.89,232.205,232.375,1315360.0,232.4141
2025-09-05 14:45:00,1757101500000,232.375,232.63,231.96,232.32,4160339.0,232.2723
2025-09-05 15:00:00,1757102400000,232.33,232.5,232.2,232.3299,461477.0,232.3313
2025-09-05 15:15:00,1757103300000,232.281,232.33,232.1983,232.28,6717.0,232.2902
2025-09-05 15:30:00,1757104200000,232.3,232.59,232.3,232.3,36335.0,232.3484
2025-09-05 15:45:00,1757105100000,232.35,232.79,232.33,232.46,123206.0,232.3404
2025-09-05 16:00:00,1757106000000,232.43,232.43,232.2,232.2,12873.0,232.2644
2025-09-05 16:15:00,1757106900000,232.2181,232.4,232.2181,232.3,6670.0,232.1792
2025-09-05 16:30:00,1757107800000,232.33,232.3464,232.2,232.2,3239.0,232.2842
2025-09-05 16:45:00,1757108700000,232.2,232.21,232.05,232.07,5491.0,232.121
2025-09-05 17:00:00,1757109600000,232.1,232.2395,232.05,232.2,4193.0,232.1568
2025-09-05 17:15:00,1757110500000,232.05,232.15,232.05,232.15,1433.0,232.1255
2025-09-05 17:30:00,1757111400000,232.1715,232.19,232.14,232.1501,2836.0,232.1498
2025-09-05 17:45:00,1757112300000,232.1501,232.1758,232.08,232.15,4457.0,232.1395
2025-09-05 18:00:00,1757113200000,232.12,232.22,232.12,232.22,923.0,232.1701
2025-09-05 18:15:00,1757114100000,232.12,232.13,232.1,232.1,1998.0,232.1241
2025-09-05 18:30:00,1757115000000,232.15,232.1601,232.0635,232.1601,3839.0,232.1014
2025-09-05 18:45:00,1757115900000,232.06,232.1,232.01,232.091,6001.0,232.0355
2025-09-08 03:00:00,1757318400000,233.34,233.4,233.11,233.22,3378.0,233.2008
2025-09-08 03:15:00,1757319300000,233.22,233.22,233.09,233.21,4592.0,233.1511
2025-09-08 03:30:00,1757320200000,233.2,233.56,233.2,233.5,4170.0,233.429
2025-09-08 03:45:00,1757321100000,233.53,233.53,233.38,233.38,700.0,233.43
2025-09-08 04:00:00,1757322000000,233.39,233.5,233.39,233.4,1932.0,233.4471
2025-09-08 04:30:00,1757323800000,233.48,233.48,233.28,233.33,5665.0,233.3985
2025-09-08 05:00:00,1757325600000,233.25,233.31,233.2,233.2,3483.0,233.2403
2025-09-08 05:15:00,1757326500000,233.23,233.34,233.13,233.34,4044.0,233.2349
2025-09-08 05:30:00,1757327400000,233.13,233.27,233.09,233.09,2590.0,233.1314
2025-09-08 05:45:00,1757328300000,233.0,233.0,233.0,233.0,1226.0,233.0057
2025-09-08 06:00:00,1757329200000,233.0,233.3,232.98,233.3,7422.0,233.074
2025-09-08 06:15:00,1757330100000,233.32,233.32,233.25,233.25,10693.0,233.2552
2025-09-08 06:30:00,1757331000000,233.2,233.2,233.2,233.2,455.0,233.2006
2025-09-08 06:45:00,1757331900000,233.32,233.67,233.29,233.51,14250.0,233.4796
2025-09-08 07:00:00,1757332800000,233.08,233.79,232.81,233.6499,80724.0,233.4509
2025-09-08 07:15:00,1757333700000,233.55,233.94,233.5,233.89,14554.0,233.7594
2025-09-08 07:30:00,1757334600000,233.9,234.2177,233.8758,233.91,47053.0,234.0415
2025-09-08 07:45:00,1757335500000,233.9,234.1377,233.9,234.05,19571.0,234.0225
2025-09-08 08:00:00,1757336400000,234.0,234.07,233.75,234.07,28391.0,233.9396
2025-09-08 08:15:00,1757337300000,234.02,235.03,233.8,235.0,107472.0,234.4569
2025-09-08 08:30:00,1757338200000,234.94,235.49,233.85,234.925,3516468.0,234.692
2025-09-08 08:45:00,1757339100000,234.94,235.255,233.87,234.182,1525473.0,234.4299
2025-09-08 09:00:00,1757340000000,234.2,234.3699,233.75,233.98,1083625.0,234.0406
2025-09-08 09:15:00,1757340900000,233.975,235.365,233.87,235.36,1005982.0,234.5522
2025-09-08 09:30:00,1757341800000,235.35,237.2099,235.3472,236.84,3040656.0,236.4403
2025-09-08 09:45:00,1757342700000,236.88,236.99,236.51,236.917,1448977.0,236.8207
2025-09-08 10:00:00,1757343600000,236.91,237.2904,236.68,237.04,1220898.0,237.027
2025-09-08 10:15:00,1757344500000,237.05,237.49,236.9,237.3301,1255808.0,237.1811
2025-09-08 10:30:00,1757345400000,237.33,237.6,236.93,236.99,958212.0,237.3745
2025-09-08 10:45:00,1757346300000,236.98,237.21,236.73,237.1,892777.0,236.9233
2025-09-08 11:00:00,1757347200000,237.085,237.14,236.645,236.77,626694.0,236.9362
2025-09-08 11:15:00,1757348100000,236.75,236.75,236.36,236.585,638266.0,236.5777
2025-09-08 11:30:00,1757349000000,236.58,236.6099,235.715,235.7601,820761.0,236.0438
2025-09-08 11:45:00,1757349900000,235.775,235.925,235.4701,235.78,754796.0,235.72
2025-09-08 12:00:00,1757350800000,235.8,236.21,235.7354,235.955,538485.0,236.01
2025-09-08 12:15:00,1757351700000,235.97,236.16,235.9312,236.1342,477471.0,236.0623
2025-09-08 12:30:00,1757352600000,236.14,236.26,235.76,236.035,605819.0,236.0202
2025-09-08 12:45:00,1757353500000,236.035,236.07,235.72,235.92,444241.0,235.9225
2025-09-08 13:00:00,1757354400000,235.9184,236.38,235.73,236.3,473665.0,236.0291
2025-09-08 13:15:00,1757355300000,236.2992,236.67,236.2599,236.5001,610571.0,236.4598
2025-09-08 13:30:00,1757356200000,236.51,236.53,236.1,236.27,465318.0,236.3028
2025-09-08 13:45:00,1757357100000,236.26,236.619,236.23,236.475,773495.0,236.4566
2025-09-08 14:00:00,1757358000000,236.48,236.49,235.9601,236.05,1050108.0,236.2423
2025-09-08 14:15:00,1757358900000,236.055,236.21,235.9202,236.17,740846.0,236.0602
2025-09-08 14:30:00,1757359800000,236.18,236.43,236.14,236.38,774203.0,236.2679
2025-09-08 14:45:00,1757360700000,236.38,236.59,235.55,235.86,3149589.0,235.9106
2025-09-08 15:00:00,1757361600000,235.84,235.8526,235.71,235.84,226848.0,235.8368
2025-09-08 15:15:00,1757362500000,235.85,235.85,235.7625,235.8,11076.0,235.8069
2025-09-08 15:30:00,1757363400000,235.8,235.84,235.7141,235.84,6277.0,235.793
2025-09-08 15:45:00,1757364300000,235.75,235.8499,235.7444,235.7444,24777.0,235.8361
2025-09-08 16:00:00,1757365200000,235.7518,235.7518,235.7,235.7231,3501.0,228.3212
2025-09-08 16:15:00,1757366100000,235.72,235.839,235.7,235.7226,2804.0,235.7681
2025-09-08 16:30:00,1757367000000,235.7102,235.85,235.71,235.74,2215.0,235.7673
2025-09-08 16:45:00,1757367900000,235.79,235.8,235.77,235.79,4647.0,235.7817
2025-09-08 17:00:00,1757368800000,235.78,235.92,235.78,235.92,4795.0,235.863
2025-09-08 17:15:00,1757369700000,235.95,236.1,235.8542,236.06,3413.0,236.0307
2025-09-08 17:30:00,1757370600000,236.1641,236.2,235.84,236.18,3280.0,236.1334
2025-09-08 17:45:00,1757371500000,236.13,236.14,236.02,236.02,5294.0,236.1045
2025-09-08 18:00:00,1757372400000,235.93,236.1,235.93,236.1,1013.0,236.0491
2025-09-08 18:15:00,1757373300000,236.0,236.1,236.0,236.1,956.0,236.0821
2025-09-08 18:30:00,1757374200000,236.02,236.1,235.9007,235.9029,2983.0,235.9864
2025-09-08 18:45:00,1757375100000,235.98,236.09,235.9,236.06,6697.0,236.0136
2025-09-09 03:00:00,1757404800000,236.61,236.68,236.49,236.49,6332.0,236.581
2025-09-09 03:15:00,1757405700000,236.43,236.48,236.36,236.41,4423.0,236.4262
2025-09-09 03:30:00,1757406600000,236.35,236.42,236.05,236.05,6917.0,236.2745
2025-09-09 03:45:00,1757407500000,236.05,236.05,235.74,235.88,9066.0,235.8606
2025-09-09 04:00:00,1757408400000,235.99,236.0,235.85,235.85,1347.0,235.9624
2025-09-09 04:15:00,1757409300000,235.87,236.0,235.87,236.0,870.0,235.9101
2025-09-09 04:30:00,1757410200000,236.04,236.1,236.04,236.1,810.0,236.0535
2025-09-09 04:45:00,1757411100000,236.11,236.11,235.99,235.99,2663.0,236.0808
2025-09-09 05:00:00,1757412000000,236.08,236.08,236.01,236.04,1417.0,236.0421
2025-09-09 05:15:00,1757412900000,236.1,236.15,236.1,236.15,3371.0,236.1169
2025-09-09 05:30:00,1757413800000,236.12,236.12,236.1,236.1,623.0,236.0986
2025-09-09 05:45:00,1757414700000,236.01,236.02,235.81,235.9,6136.0,235.9121
2025-09-09 06:00:00,1757415600000,235.95,236.02,235.89,235.89,3352.0,235.9812
2025-09-09 06:15:00,1757416500000,235.87,235.87,235.51,235.62,18306.0,235.6789
2025-09-09 06:30:00,1757417400000,235.8,235.88,235.8,235.8,4292.0,235.8123
2025-09-09 06:45:00,1757418300000,235.9,236.01,235.9,236.01,2952.0,235.9844
2025-09-09 07:00:00,1757419200000,236.5,236.81,235.481,236.1399,52079.0,236.1028
2025-09-09 07:15:00,1757420100000,236.1181,236.1292,235.9601,236.08,7715.0,236.038
2025-09-09 07:30:00,1757421000000,235.96,235.9999,235.8,235.85,16084.0,235.8715
2025-09-09 07:45:00,1757421900000,235.8,235.9097,235.69,235.9097,11428.0,235.7368
2025-09-09 08:00:00,1757422800000,235.7743,235.8264,235.41,235.6,15101.0,235.6056
2025-09-09 08:15:00,1757423700000,235.7,236.5,235.47,236.29,32120.0,236.0384
2025-09-09 08:30:00,1757424600000,236.355,236.355,235.08,236.31,1637086.0,235.9648
2025-09-09 08:45:00,1757425500000,236.3,236.8,235.96,236.345,1120533.0,236.4377
2025-09-09 09:00:00,1757426400000,236.36,236.63,235.73,235.93,1060304.0,235.9846
2025-09-09 09:15:00,1757427300000,235.93,236.13,235.66,235.88,1234810.0,235.9028
2025-09-09 09:30:00,1757428200000,235.87,235.87,235.1,235.4918,833084.0,235.3849
2025-09-09 09:45:00,1757429100000,235.49,236.71,235.41,236.605,755834.0,236.1118
2025-09-09 10:00:00,1757430000000,236.61,236.76,236.09,236.31,656520.0,236.4317
2025-09-09 10:15:00,1757430900000,236.29,236.44,236.0233,236.19,470009.0,236.2321
2025-09-09 10:30:00,1757431800000,236.2,236.25,235.74,235.865,386213.0,236.008
2025-09-09 10:45:00,1757432700000,235.85,236.7,235.79,236.14,690846.0,236.2736
2025-09-09 11:00:00,1757433600000,236.14,236.77,236.05,236.75,399110.0,236.341
2025-09-09 11:15:00,1757434500000,236.75,237.64,236.75,237.19,995274.0,237.2398
2025-09-09 11:30:00,1757435400000,237.16,237.56,237.02,237.42,601593.0,237.2172
2025-09-09 11:45:00,1757436300000,237.41,237.84,237.37,237.55,600542.0,237.6266
2025-09-09 12:00:00,1757437200000,237.56,237.89,237.38,237.3852,749942.0,237.6151
2025-09-09 12:15:00,1757438100000,237.38,237.9,237.3304,237.765,488817.0,237.6649
2025-09-09 12:30:00,1757439000000,237.77,237.8,237.42,237.735,454400.0,237.6188
2025-09-09 12:45:00,1757439900000,237.74,237.89,237.66,237.7599,452136.0,237.7963
2025-09-09 13:00:00,1757440800000,237.76,238.15,237.63,237.8,958744.0,237.9112
2025-09-09 13:15:00,1757441700000,237.805,238.65,237.48,237.8,1609783.0,237.967
2025-09-09 13:30:00,1757442600000,237.8,238.62,237.74,238.5769,1095627.0,238.0804
2025-09-09 13:45:00,1757443500000,238.58,238.74,238.2,238.35,836990.0,238.4547
2025-09-09 14:00:00,1757444400000,238.35,238.815,238.2271,238.2701,902428.0,238.529
2025-09-09 14:15:00,1757445300000,238.275,238.57,238.19,238.235,759783.0,238.3467
2025-09-09 14:30:00,1757446200000,238.235,238.4158,238.1193,238.39,783116.0,238.2298
2025-09-09 14:45:00,1757447100000,238.39,238.85,238.03,238.23,2315176.0,238.3941
2025-09-09 15:00:00,1757448000000,238.24,238.6,237.75,238.27,315346.0,238.2422
2025-09-09 15:15:00,1757448900000,238.05,238.74,237.75,238.1,31418.0,238.1993
2025-09-09 15:30:00,1757449800000,238.0507,238.42,237.92,238.3381,42640.0,238.1203
2025-09-09 15:45:00,1757450700000,238.3315,239.2,238.24,238.85,82562.0,238.7
2025-09-09 16:00:00,1757451600000,238.85,238.85,238.5,238.8,22500.0,238.5857
2025-09-09 16:15:00,1757452500000,238.7989,238.7989,238.35,238.38,17664.0,238.6072
2025-09-09 16:30:00,1757453400000,238.31,238.5,238.08,238.43,40570.0,238.2103
2025-09-09 16:45:00,1757454300000,238.5,238.5,237.81,237.82,16204.0,238.1971
2025-09-09 17:00:00,1757455200000,237.81,237.9927,237.55,237.93,14199.0,237.7492
2025-09-09 17:15:00,1757456100000,237.93,237.95,237.86,237.94,5505.0,237.9271
2025-09-09 17:30:00,1757457000000,238.0,238.2,237.49,237.601,31238.0,237.6291
2025-09-09 17:45:00,1757457900000,237.53,237.5501,237.16,237.25,24580.0,237.2631
2025-09-09 18:00:00,1757458800000,237.23,237.25,236.3,237.0,30992.0,236.8802
2025-09-09 18:15:00,1757459700000,237.15,237.48,237.0,237.12,6154.0,237.1564
2025-09-09 18:30:00,1757460600000,237.0511,237.29,237.0,237.0,13085.0,237.1403
2025-09-09 18:45:00,1757461500000,237.0,237.2386,236.6,237.2386,12964.0,236.9657
2025-09-10 03:00:00,1757491200000,238.0,238.0,236.8,237.07,21405.0,237.3568
2025-09-10 03:15:00,1757492100000,237.2,237.2,236.76,236.87,10367.0,236.8714
2025-09-10 03:30:00,1757493000000,236.69,236.73,236.4,236.5,12780.0,236.5782
2025-09-10 03:45:00,1757493900000,236.48,236.72,236.47,236.72,6280.0,236.5788
2025-09-10 04:00:00,1757494800000,236.88,236.88,236.58,236.7,4306.0,236.7741
2025-09-10 04:15:00,1757495700000,236.61,236.61,236.0,236.36,18237.0,236.3259
2025-09-10 04:30:00,1757496600000,236.79,237.0,236.49,236.72,7620.0,236.8481
2025-09-10 04:45:00,1757497500000,236.73,236.79,236.73,236.79,1593.0,236.763
2025-09-10 05:00:00,1757498400000,236.99,237.01,236.96,236.97,1891.0,236.9845
2025-09-10 05:15:00,1757499300000,236.96,237.66,236.87,237.53,21068.0,237.3268
2025-09-10 05:30:00,1757500200000,237.57,237.9,237.0,237.0,20514.0,237.2626
2025-09-10 05:45:00,1757501100000,237.05,237.05,236.54,236.97,10585.0,236.7829
2025-09-10 06:00:00,1757502000000,237.0,237.28,236.77,237.01,19455.0,237.0435
2025-09-10 06:15:00,1757502900000,237.03,237.31,237.01,237.07,10002.0,237.1659
2025-09-10 06:30:00,1757503800000,237.11,237.89,237.07,237.89,38594.0,237.4377
2025-09-10 06:45:00,1757504700000,237.85,237.89,236.94,236.98,40500.0,237.3151
2025-09-10 07:00:00,1757505600000,237.0,238.03,236.11,236.65,148342.0,237.1378
2025-09-10 07:15:00,1757506500000,236.74,236.85,236.3,236.65,37536.0,236.5297
2025-09-10 07:30:00,1757507400000,236.7,237.99,236.7,236.9,115198.0,237.3491
2025-09-10 07:45:00,1757508300000,237.3,237.3,236.8,237.1,41667.0,236.9924
2025-09-10 08:00:00,1757509200000,237.05,237.15,236.64,236.97,197860.0,237.3198
2025-09-10 08:15:00,1757510100000,236.9,237.95,236.81,237.69,133526.0,237.2695
2025-09-10 08:30:00,1757511000000,237.515,237.68,231.85,231.88,6652365.0,234.3725
2025-09-10 08:45:00,1757511900000,231.87,232.7399,230.595,232.6899,6458851.0,231.5706
2025-09-10 09:00:00,1757512800000,232.685,234.02,232.2,233.62,3658006.0,233.1166
2025-09-10 09:15:00,1757513700000,233.625,234.4,233.045,233.87,2578831.0,233.8939
2025-09-10 09:30:00,1757514600000,233.8284,234.2,233.59,233.6594,1539564.0,233.8839
2025-09-10 09:45:00,1757515500000,233.64,233.99,232.78,232.82,1685908.0,233.3749
2025-09-10 10:00:00,1757516400000,232.82,233.64,232.82,233.005,1271723.0,233.1273
2025-09-10 10:15:00,1757517300000,232.99,233.03,232.16,232.585,1399871.0,232.5162
2025-09-10 10:30:00,1757518200000,232.587,233.32,231.91,233.29,1399128.0,232.496
2025-09-10 10:45:00,1757519100000,233.2999,233.54,232.595,232.64,1167524.0,233.1262
2025-09-10 11:00:00,1757520000000,232.65,232.68,231.8,231.8,1153979.0,232.2833
2025-09-10 11:15:00,1757520900000,231.8,231.94,231.17,231.71,1526038.0,231.5896
2025-09-10 11:30:00,1757521800000,231.7136,231.92,231.495,231.57,889187.0,231.7147
2025-09-10 11:45:00,1757522700000,231.565,231.79,231.42,231.71,819831.0,231.5942
2025-09-10 12:00:00,1757523600000,231.72,232.13,231.66,231.73,951551.0,231.9276
2025-09-10 12:15:00,1757524500000,231.725,231.82,231.2,231.5646,1107017.0,231.5672
2025-09-10 12:30:00,1757525400000,231.5573,231.64,230.88,230.9,1336385.0,231.2644
2025-09-10 12:45:00,1757526300000,230.88,231.1567,230.66,231.13,1343810.0,230.8652
2025-09-10 13:00:00,1757527200000,231.12,231.25,230.76,230.93,980766.0,230.9783
2025-09-10 13:15:00,1757528100000,230.931,231.5,230.9048,231.17,1829422.0,231.1646
2025-09-10 13:30:00,1757529000000,231.16,231.37,230.56,230.56,1344374.0,230.9973
2025-09-10 13:45:00,1757529900000,230.57,230.66,229.62,230.435,2389399.0,230.1237
2025-09-10 14:00:00,1757530800000,230.43,230.59,230.03,230.0639,1295468.0,230.2853
2025-09-10 14:15:00,1757531700000,230.06,230.36,229.64,229.65,1755915.0,230.0804
2025-09-10 14:30:00,1757532600000,229.65,229.7501,229.3029,229.63,2359390.0,229.5505
2025-09-10 14:45:00,1757533500000,229.635,230.38,229.0962,230.35,5454654.0,229.8124
2025-09-10 15:00:00,1757534400000,230.34,231.8493,227.97,230.4399,317242.0,230.261
2025-09-10 15:15:00,1757535300000,230.43,231.44,230.33,231.2,151519.0,231.0557
2025-09-10 15:30:00,1757536200000,231.13,231.25,230.8101,231.1,33769.0,231.0481
2025-09-10 15:45:00,1757537100000,231.09,231.19,230.65,230.75,26002.0,230.8779
2025-09-10 16:00:00,1757538000000,230.33,230.88,230.33,230.88,292194.0,230.3525
2025-09-10 16:15:00,1757538900000,230.9822,231.1892,230.8665,230.9874,15142.0,231.0384
2025-09-10 16:30:00,1757539800000,230.99,231.1,230.89,231.1,15011.0,230.9352
2025-09-10 16:45:00,1757540700000,231.02,231.1001,230.8741,231.0351,11407.0,231.0026
2025-09-10 17:00:00,1757541600000,231.0398,231.1,230.99,231.06,8129.0,231.0639
2025-09-10 17:15:00,1757542500000,231.04,231.1,230.93,230.97,11468.0,231.0064
2025-09-10 17:30:00,1757543400000,231.06,231.37,231.06,231.3,14947.0,231.2196
2025-09-10 17:45:00,1757544300000,231.3,231.36,231.1117,231.29,10834.0,231.2167
2025-09-10 18:00:00,1757545200000,231.2975,231.34,231.15,231.2198,7674.0,231.2567
2025-09-10 18:15:00,1757546100000,231.18,231.33,231.15,231.32,13115.0,231.2503
2025-09-10 18:30:00,1757547000000,231.31,231.3163,231.05,231.21,13370.0,231.1942
2025-09-10 18:45:00,1757547900000,231.11,231.2,231.0986,231.1971,15376.0,231.1508
2025-09-11 03:00:00,1757577600000,231.47,232.19,231.47,231.84,25098.0,231.8693
2025-09-11 03:15:00,1757578500000,231.9,232.11,231.86,232.11,12351.0,231.9939
2025-09-11 03:30:00,1757579400000,232.1,232.11,231.88,231.92,7867.0,231.9743
2025-09-11 03:45:00,1757580300000,231.92,232.0,231.75,231.75,10634.0,231.9135
2025-09-11 04:00:00,1757581200000,231.91,232.05,231.9,231.9,6350.0,231.9674
2025-09-11 04:15:00,1757582100000,232.05,232.2,231.99,232.09,5973.0,232.0839
2025-09-11 04:30:00,1757583000000,232.02,232.02,231.89,231.89,4776.0,231.9459
2025-09-11 04:45:00,1757583900000,231.78,231.8,231.61,231.61,3989.0,231.6972
2025-09-11 05:00:00,1757584800000,231.73,232.0,231.73,232.0,7899.0,231.884
2025-09-11 05:15:00,1757585700000,232.07,232.18,232.0,232.0,5236.0,232.1029
2025-09-11 05:30:00,1757586600000,232.1,232.32,232.07,232.07,5764.0,232.1329
2025-09-11 05:45:00,1757587500000,232.0,232.2,231.9,232.05,9110.0,232.0191
2025-09-11 06:00:00,1757588400000,232.01,232.05,231.85,231.85,12159.0,231.9899
2025-09-11 06:15:00,1757589300000,231.85,231.86,231.74,231.79,5574.0,231.7992
2025-09-11 06:30:00,1757590200000,231.7,231.88,231.65,231.88,5291.0,231.7252
2025-09-11 06:45:00,1757591100000,231.87,232.0,231.84,232.0,8788.0,231.9139
2025-09-11 07:00:00,1757592000000,232.0,232.14,230.74,231.95,131988.0,231.6886
2025-09-11 07:15:00,1757592900000,231.92,231.9887,231.7,231.8,32191.0,231.8681
2025-09-11 07:30:00,1757593800000,231.71,232.21,231.21,231.68,76580.0,231.6675
2025-09-11 07:45:00,1757594700000,231.68,232.25,231.5,232.17,70365.0,231.958
2025-09-11 08:00:00,1757595600000,232.18,232.55,232.0,232.2499,100928.0,232.2814
2025-09-11 08:15:00,1757596500000,232.22,232.3173,231.25,231.4,95099.0,231.7429
2025-09-11 08:30:00,1757597400000,231.49,231.53,229.5,229.5672,3353448.0,230.7388
2025-09-11 08:45:00,1757598300000,229.57,231.48,229.5301,231.015,2459573.0,230.6968
2025-09-11 09:00:00,1757599200000,231.025,231.06,229.73,229.805,1670642.0,230.4696
2025-09-11 09:15:00,1757600100000,229.82,230.12,229.3377,229.59,1296228.0,229.7113
2025-09-11 09:30:00,1757601000000,229.62,230.98,229.4904,230.8248,1468428.0,230.4001
2025-09-11 09:45:00,1757601900000,230.81,231.0399,230.25,231.025,1010361.0,230.5761
2025-09-11 10:00:00,1757602800000,231.02,231.3,230.68,230.935,899259.0,230.9469
2025-09-11 10:15:00,1757603700000,230.94,231.3,230.835,230.94,913279.0,231.0647
2025-09-11 10:30:00,1757604600000,230.95,231.48,230.89,231.11,974355.0,231.1745
2025-09-11 10:45:00,1757605500000,231.105,231.19,230.57,230.99,641851.0,230.8787
2025-09-11 11:00:00,1757606400000,231.02,231.42,230.75,230.78,619635.0,231.1009
2025-09-11 11:15:00,1757607300000,230.7729,231.095,230.77,230.8499,1050417.0,230.9536
2025-09-11 11:30:00,1757608200000,230.85,231.3697,230.85,231.31,657785.0,231.0302
2025-09-11 11:45:00,1757609100000,231.315,231.43,230.91,231.17,608220.0,231.1964
2025-09-11 12:00:00,1757610000000,231.17,231.245,230.89,231.2,531865.0,231.1034
2025-09-11 12:15:00,1757610900000,231.2,231.52,230.985,231.26,699266.0,231.2781
2025-09-11 12:30:00,1757611800000,231.2718,231.52,231.14,231.23,540434.0,231.3169
2025-09-11 12:45:00,1757612700000,231.26,231.27,230.9201,231.15,593529.0,231.0811
2025-09-11 13:00:00,1757613600000,231.15,231.295,230.745,230.765,578391.0,231.1045
2025-09-11 13:15:00,1757614500000,230.7613,231.315,230.72,231.23,528342.0,231.0533
2025-09-11 13:30:00,1757615400000,231.23,231.265,230.76,231.0,842570.0,230.9503
2025-09-11 13:45:00,1757616300000,231.0,231.04,230.45,230.4801,749421.0,230.7282
2025-09-11 14:00:00,1757617200000,230.49,230.5,230.12,230.21,832632.0,230.3338
2025-09-11 14:15:00,1757618100000,230.21,230.26,230.01,230.0827,982551.0,230.127
2025-09-11 14:30:00,1757619000000,230.08,230.145,229.711,230.105,1361616.0,229.966
2025-09-11 14:45:00,1757619900000,230.11,230.4,229.53,229.955,3437448.0,230.0107
2025-09-11 15:00:00,1757620800000,229.95,230.0,229.45,229.64,556313.0,229.9861
2025-09-11 15:15:00,1757621700000,229.64,229.95,229.52,229.65,453290.0,229.9367
2025-09-11 15:30:00,1757622600000,229.63,229.72,229.63,229.67,12341.0,229.653
2025-09-11 15:45:00,1757623500000,229.69,229.95,229.6,229.7,23220.0,229.8376
2025-09-11 16:00:00,1757624400000,229.69,229.72,229.65,229.7166,8833.0,229.6825
2025-09-11 16:15:00,1757625300000,229.67,229.72,229.67,229.72,9602.0,229.6851
2025-09-11 16:30:00,1757626200000,229.68,230.22,229.67,229.82,26150.0,229.9052
2025-09-11 16:45:00,1757627100000,229.75,229.9599,229.7,229.856,8154.0,229.7788
2025-09-11 17:00:00,1757628000000,229.7,229.82,229.5,229.7,24386.0,229.6118
2025-09-11 17:15:00,1757628900000,229.66,229.79,229.63,229.7499,4921.0,229.7243
2025-09-11 17:30:00,1757629800000,229.69,229.75,229.6,229.75,5378.0,229.6879
2025-09-11 17:45:00,1757630700000,229.7003,229.95,229.7002,229.9376,11103.0,229.8579
2025-09-11 18:00:00,1757631600000,229.9,229.9,229.7509,229.7509,3385.0,229.831
2025-09-11 18:15:00,1757632500000,229.89,229.93,229.8025,229.93,6414.0,229.8822
2025-09-11 18:30:00,1757633400000,229.93,229.94,229.87,229.94,11792.0,229.9201
2025-09-11 18:45:00,1757634300000,229.88,229.95,229.8,229.85,7974.0,229.8857
2025-09-12 03:00:00,1757664000000,229.7,229.76,229.35,229.4,13734.0,229.6262
2025-09-12 03:15:00,1757664900000,229.4,229.49,229.26,229.49,3592.0,229.3559
2025-09-12 03:30:00,1757665800000,229.53,229.66,229.53,229.66,1644.0,229.6177
2025-09-12 03:45:00,1757666700000,229.76,229.88,229.72,229.88,2120.0,229.775
2025-09-12 04:00:00,1757667600000,229.88,229.95,229.84,229.93,2534.0,229.9061
2025-09-12 04:15:00,1757668500000,229.9,230.0,229.89,229.96,7471.0,229.9319
2025-09-12 04:30:00,1757669400000,230.0,230.25,230.0,230.25,9185.0,230.113
2025-09-12 04:45:00,1757670300000,230.38,230.58,230.36,230.44,9593.0,230.4907
2025-09-12 05:00:00,1757671200000,230.53,230.53,230.3,230.3,3626.0,230.331
2025-09-12 05:15:00,1757672100000,230.35,230.37,230.31,230.37,4236.0,230.3529
2025-09-12 05:30:00,1757673000000,230.28,230.32,230.27,230.3,3087.0,230.287
2025-09-12 05:45:00,1757673900000,230.26,230.29,230.07,230.1,1921.0,230.1852
2025-09-12 06:00:00,1757674800000,230.16,230.16,229.78,229.8,12342.0,229.952
2025-09-12 06:15:00,1757675700000,229.8,229.8,229.6,229.74,5048.0,229.6934
2025-09-12 06:30:00,1757676600000,229.89,229.92,229.8,229.92,3165.0,229.8822
2025-09-12 06:45:00,1757677500000,229.95,230.05,229.95,230.05,3437.0,229.9996
2025-09-12 07:00:00,1757678400000,229.85,230.56,229.57,230.09,101134.0,229.9924
2025-09-12 07:15:00,1757679300000,230.15,230.25,230.07,230.07,17556.0,230.1398
2025-09-12 07:30:00,1757680200000,230.07,230.18,230.0,230.04,18230.0,230.0795
2025-09-12 07:45:00,1757681100000,230.12,230.2442,230.01,230.17,14384.0,230.1794
2025-09-12 08:00:00,1757682000000,230.1501,231.43,230.1501,231.25,215801.0,230.9807
2025-09-12 08:15:00,1757682900000,231.2,231.2,230.25,230.35,58701.0,230.7844
2025-09-12 08:30:00,1757683800000,230.35,230.79,228.51,229.175,3271246.0,229.6429
2025-09-12 08:45:00,1757684700000,229.1689,229.26,228.37,229.08,1931049.0,228.8072
2025-09-12 09:00:00,1757685600000,229.02,229.27,228.48,228.625,1273192.0,228.8129
2025-09-12 09:15:00,1757686500000,228.6165,229.1,228.41,229.05,1005786.0,228.6918
2025-09-12 09:30:00,1757687400000,229.0448,230.15,228.83,229.93,1396980.0,229.4652
2025-09-12 09:45:00,1757688300000,229.925,230.2,229.76,230.16,950464.0,230.0288
2025-09-12 10:00:00,1757689200000,230.16,230.38,229.32,229.416,1131394.0,229.9267
2025-09-12 10:15:00,1757690100000,229.41,229.75,228.98,229.05,851542.0,229.3113
2025-09-12 10:30:00,1757691000000,229.03,229.15,228.74,228.895,777843.0,228.9705
2025-09-12 10:45:00,1757691900000,228.89,229.1,228.71,229.08,660731.0,228.8487
2025-09-12 11:00:00,1757692800000,229.08,229.08,228.21,228.91,1621753.0,228.5334
2025-09-12 11:15:00,1757693700000,228.9,228.97,228.36,228.675,924346.0,228.5945
2025-09-12 11:30:00,1757694600000,228.68,228.7,228.25,228.3155,573926.0,228.4389
2025-09-12 11:45:00,1757695500000,228.32,228.56,228.13,228.55,680144.0,228.3568
2025-09-12 12:00:00,1757696400000,228.545,228.605,228.34,228.52,475646.0,228.4916
2025-09-12 12:15:00,1757697300000,228.51,228.58,228.35,228.53,516007.0,228.4848
2025-09-12 12:30:00,1757698200000,228.54,228.54,226.29,227.39,3563430.0,227.2442
2025-09-12 12:45:00,1757699100000,227.39,227.615,226.85,227.34,1282747.0,227.2157
2025-09-12 13:00:00,1757700000000,227.33,227.95,227.161,227.914,854245.0,227.5246
2025-09-12 13:15:00,1757700900000,227.9,227.99,227.59,227.63,770793.0,227.836
2025-09-12 13:30:00,1757701800000,227.63,227.76,227.4201,227.5658,803822.0,227.5837
2025-09-12 13:45:00,1757702700000,227.565,228.0385,227.5645,227.93,1001654.0,227.7623
2025-09-12 14:00:00,1757703600000,227.93,228.13,227.77,227.81,789854.0,227.9962
2025-09-12 14:15:00,1757704500000,227.81,227.83,227.515,227.77,1055090.0,227.7056
2025-09-12 14:30:00,1757705400000,227.78,227.925,227.5628,227.925,1031076.0,227.7307
2025-09-12 14:45:00,1757706300000,227.925,228.42,227.7435,228.0886,3320993.0,228.1093
2025-09-12 15:00:00,1757707200000,228.15,228.19,227.78,227.94,956583.0,228.143
2025-09-12 15:15:00,1757708100000,227.94,228.0933,227.88,228.05,15814.0,227.9953
2025-09-12 15:30:00,1757709000000,228.01,228.15,227.81,228.09,17014.0,228.0444
2025-09-12 15:45:00,1757709900000,228.08,228.25,228.06,228.08,24228.0,228.1519
2025-09-12 16:00:00,1757710800000,228.05,228.1902,228.05,228.1902,12157.0,228.0849
2025-09-12 16:15:00,1757711700000,228.17,228.3,228.17,228.26,9210.0,226.3591
2025-09-12 16:30:00,1757712600000,228.2698,228.2699,228.21,228.2607,3936.0,228.2482
2025-09-12 16:45:00,1757713500000,228.26,228.28,228.16,228.23,7046.0,228.2297
2025-09-12 17:00:00,1757714400000,228.22,228.22,228.17,228.1872,6688.0,228.1962
2025-09-12 17:15:00,1757715300000,228.1998,228.2,228.15,228.15,3998.0,228.1844
2025-09-12 17:30:00,1757716200000,228.16,228.28,228.15,228.28,10949.0,228.212
2025-09-12 17:45:00,1757717100000,228.27,228.28,228.2,228.2,2952.0,228.2465
2025-09-12 18:00:00,1757718000000,228.2,228.27,228.1999,228.22,4990.0,228.2338
2025-09-12 18:15:00,1757718900000,228.2202,228.23,228.1012,228.15,8667.0,228.1867
2025-09-12 18:30:00,1757719800000,228.15,228.15,228.11,228.11,4516.0,228.1414
2025-09-12 18:45:00,1757720700000,228.1244,228.2799,228.1244,228.2799,7114.0,228.2213
2025-09-15 03:00:00,1757923200000,229.88,229.88,229.03,229.63,29725.0,229.4401
2025-09-15 03:15:00,1757924100000,229.63,229.76,229.59,229.61,13183.0,229.677
2025-09-15 03:30:00,1757925000000,229.64,230.0,229.57,230.0,18708.0,229.8232
2025-09-15 03:45:00,1757925900000,230.0,230.42,230.0,230.06,29223.0,230.1501
2025-09-15 04:00:00,1757926800000,230.01,230.16,229.8,230.01,11033.0,229.9378
2025-09-15 04:15:00,1757927700000,230.03,230.28,230.01,230.15,3150.0,230.1708
2025-09-15 04:30:00,1757928600000,230.2,230.42,230.1,230.42,12672.0,230.2896
2025-09-15 04:45:00,1757929500000,230.49,230.8,230.45,230.6,15504.0,230.6104
2025-09-15 05:00:00,1757930400000,230.64,230.7,230.54,230.65,8101.0,230.6217
2025-09-15 05:15:00,1757931300000,230.51,231.23,230.51,231.05,35826.0,230.933
2025-09-15 05:30:00,1757932200000,231.05,232.0,230.94,231.86,73575.0,231.4918
2025-09-15 05:45:00,1757933100000,231.8,232.65,231.8,232.05,69597.0,232.2967
2025-09-15 06:00:00,1757934000000,232.05,232.07,230.95,231.12,76143.0,231.4099
2025-09-15 06:15:00,1757934900000,231.13,231.3,230.64,230.68,32195.0,231.0785
2025-09-15 06:30:00,1757935800000,230.64,230.72,230.57,230.62,18015.0,230.6157
2025-09-15 06:45:00,1757936700000,230.6,230.66,230.55,230.57,17290.0,230.607
2025-09-15 07:00:00,1757937600000,231.7,232.8,228.7,230.64,743511.0,228.9387
2025-09-15 07:15:00,1757938500000,230.64,231.01,230.5259,230.8,46455.0,230.8656
2025-09-15 07:30:00,1757939400000,230.76,230.79,230.01,230.6,55943.0,230.3548
2025-09-15 07:45:00,1757940300000,230.6,230.69,230.3201,230.42,33235.0,230.4491
2025-09-15 08:00:00,1757941200000,230.4,230.441,230.15,230.297,30878.0,230.2568
2025-09-15 08:15:00,1757942100000,230.2304,231.29,230.0011,230.74,63079.0,230.5257
2025-09-15 08:30:00,1757943000000,230.625,232.1699,230.32,230.52,3844010.0,231.2191
2025-09-15 08:45:00,1757943900000,230.515,231.77,230.33,231.73,1622584.0,231.0417
2025-09-15 09:00:00,1757944800000,231.73,231.9,231.3001,231.46,1425518.0,231.5844
2025-09-15 09:15:00,1757945700000,231.46,231.69,231.01,231.065,965069.0,231.2957
2025-09-15 09:30:00,1757946600000,231.05,231.8151,230.92,231.745,1039134.0,231.4366
2025-09-15 09:45:00,1757947500000,231.7555,233.41,231.65,233.3801,2461165.0,232.517
2025-09-15 10:00:00,1757948400000,233.38,233.73,232.88,233.1486,1525195.0,233.367
2025-09-15 10:15:00,1757949300000,233.15,233.17,232.66,232.845,1215088.0,232.8824
2025-09-15 10:30:00,1757950200000,232.84,232.9299,232.42,232.65,865236.0,232.6266
2025-09-15 10:45:00,1757951100000,232.66,232.78,232.515,232.62,652957.0,232.6159
2025-09-15 11:00:00,1757952000000,232.6,233.14,232.5904,232.9839,829105.0,232.9263
2025-09-15 11:15:00,1757952900000,232.99,233.27,231.948,231.9503,1035760.0,232.6116
2025-09-15 11:30:00,1757953800000,231.9728,232.267,231.78,231.9729,692873.0,232.0223
2025-09-15 11:45:00,1757954700000,231.99,232.0,231.73,231.83,477086.0,231.8558
2025-09-15 12:00:00,1757955600000,231.8286,231.8499,231.26,231.54,709807.0,231.5824
2025-09-15 12:15:00,1757956500000,231.55,231.6414,231.03,231.345,588895.0,231.3349
2025-09-15 12:30:00,1757957400000,231.34,231.86,231.31,231.78,526764.0,231.635
2025-09-15 12:45:00,1757958300000,231.78,231.86,231.53,231.79,373221.0,231.7315
2025-09-15 13:00:00,1757959200000,231.78,232.21,231.63,231.875,541196.0,231.9161
2025-09-15 13:15:00,1757960100000,231.89,231.99,231.54,231.55,581594.0,231.8005
2025-09-15 13:30:00,1757961000000,231.56,231.59,231.15,231.237,556680.0,231.3508
2025-09-15 13:45:00,1757961900000,231.25,231.505,231.08,231.495,570700.0,231.2571
2025-09-15 14:00:00,1757962800000,231.49,231.89,231.48,231.89,594633.0,231.6584
2025-09-15 14:15:00,1757963700000,231.9,231.96,231.14,231.2624,754399.0,231.517
2025-09-15 14:30:00,1757964600000,231.2665,231.2694,230.85,230.97,979882.0,231.0441
2025-09-15 14:45:00,1757965500000,230.96,231.48,230.83,231.45,2186304.0,231.1545
2025-09-15 15:00:00,1757966400000,231.43,231.43,231.0,231.2598,254800.0,231.4109
2025-09-15 15:15:00,1757967300000,231.28,231.39,231.24,231.39,18101.0,231.2786
2025-09-15 15:30:00,1757968200000,231.24,231.43,231.1231,231.1356,37455.0,231.3443
2025-09-15 15:45:00,1757969100000,231.27,231.3,231.12,231.23,6574.0,231.2329
2025-09-15 16:00:00,1757970000000,231.2509,231.3,231.1336,231.1336,5500.0,231.2285
2025-09-15 16:15:00,1757970900000,231.2591,231.29,231.25,231.28,304104.0,231.4264
2025-09-15 16:30:00,1757971800000,231.26,231.29,231.25,231.29,3030.0,231.2663
2025-09-15 16:45:00,1757972700000,231.26,231.39,231.22,231.39,2889.0,231.2805
2025-09-15 17:00:00,1757973600000,231.3588,231.3588,231.2217,231.2217,1138.0,231.286
2025-09-15 17:15:00,1757974500000,231.26,231.39,231.26,231.35,6076.0,231.2739
2025-09-15 17:30:00,1757975400000,231.3,231.43,231.25,231.25,4485.0,231.2716
2025-09-15 17:45:00,1757976300000,231.34,231.35,231.28,231.35,2624.0,231.3101
2025-09-15 18:00:00,1757977200000,231.3,231.34,231.2,231.2497,6298.0,231.2905
2025-09-15 18:15:00,1757978100000,231.21,231.34,231.2,231.3,3082.0,231.2795
2025-09-15 18:30:00,1757979000000,231.32,231.49,231.32,231.49,9694.0,231.4272
2025-09-15 18:45:00,1757979900000,231.45,231.54,231.4017,231.4599,8161.0,231.466
2025-09-16 03:00:00,1758009600000,232.35,232.87,232.05,232.79,15277.0,232.5971
2025-09-16 03:15:00,1758010500000,232.82,232.82,232.73,232.8,6095.0,232.7882
2025-09-16 03:30:00,1758011400000,232.76,232.76,232.75,232.75,1833.0,232.7507
2025-09-16 03:45:00,1758012300000,232.78,232.78,232.59,232.59,4409.0,232.676
2025-09-16 04:00:00,1758013200000,232.6,232.63,232.5,232.6,5219.0,232.5802
2025-09-16 04:15:00,1758014100000,232.49,232.62,232.44,232.62,4600.0,232.5432
2025-09-16 04:30:00,1758015000000,232.59,232.73,232.47,232.7,27245.0,232.6459
2025-09-16 04:45:00,1758015900000,232.61,232.61,232.5,232.5,9381.0,232.517
2025-09-16 05:00:00,1758016800000,232.5,233.06,232.5,233.06,15437.0,232.8416
2025-09-16 05:15:00,1758017700000,233.24,233.56,233.24,233.39,21409.0,233.3973
2025-09-16 05:30:00,1758018600000,233.4,233.41,233.1,233.26,14521.0,233.3151
2025-09-16 05:45:00,1758019500000,233.25,233.25,233.2,233.23,2251.0,233.222
2025-09-16 06:00:00,1758020400000,233.12,233.2,232.36,232.7,39433.0,232.7525
2025-09-16 06:15:00,1758021300000,232.68,232.92,232.57,232.92,14622.0,232.6881
2025-09-16 06:30:00,1758022200000,232.91,232.91,232.63,232.76,12158.0,232.7373
2025-09-16 06:45:00,1758023100000,232.84,232.98,232.84,232.97,6226.0,232.9164
2025-09-16 07:00:00,1758024000000,232.71,233.56,232.0,232.99,131998.0,232.6666
2025-09-16 07:15:00,1758024900000,232.7565,233.02,232.7565,232.97,17371.0,232.9319
2025-09-16 07:30:00,1758025800000,232.9,233.5,232.8,233.3,65062.0,233.2708
2025-09-16 07:45:00,1758026700000,233.3,233.55,233.28,233.429,52981.0,233.4158
2025-09-16 08:00:00,1758027600000,233.38,233.9,233.32,233.33,67348.0,233.6297
2025-09-16 08:15:00,1758028500000,233.36,233.82,232.7,232.9,109404.0,233.4148
2025-09-16 08:30:00,1758029400000,232.935,234.18,232.23,232.57,3642731.0,233.0448
2025-09-16 08:45:00,1758030300000,232.58,234.12,232.44,232.8,2917294.0,233.4583
2025-09-16 09:00:00,1758031200000,232.795,235.2,232.66,235.0101,2800717.0,234.0648
2025-09-16 09:15:00,1758032100000,235.03,235.6,234.64,235.1899,2238430.0,235.2172
2025-09-16 09:30:00,1758033000000,235.19,235.38,234.06,234.38,1534786.0,234.6935
2025-09-16 09:45:00,1758033900000,234.385,235.0,234.33,234.7752,1179403.0,234.7531
2025-09-16 10:00:00,1758034800000,234.79,235.33,234.51,235.105,1115753.0,234.9467
2025-09-16 10:15:00,1758035700000,235.09,235.9,234.99,235.645,1231831.0,235.4781
2025-09-16 10:30:00,1758036600000,235.63,235.78,234.86,235.063,1749261.0,235.4362
2025-09-16 10:45:00,1758037500000,235.075,235.39,234.99,235.255,668628.0,235.2113
2025-09-16 11:00:00,1758038400000,235.25,235.55,234.87,235.42,1311085.0,235.184
2025-09-16 11:15:00,1758039300000,235.415,235.48,235.1,235.415,596106.0,235.3175
2025-09-16 11:30:00,1758040200000,235.42,235.471,234.62,234.92,780655.0,234.8984
2025-09-16 11:45:00,1758041100000,234.92,234.99,234.65,234.69,733209.0,234.84
2025-09-16 12:00:00,1758042000000,234.69,234.98,234.6256,234.79,497310.0,234.7885
2025-09-16 12:15:00,1758042900000,234.81,235.075,234.7186,234.83,493618.0,234.8927
2025-09-16 12:30:00,1758043800000,234.83,234.99,234.655,234.97,433923.0,234.7941
2025-09-16 12:45:00,1758044700000,234.9725,235.4599,234.93,235.3,598688.0,235.1935
2025-09-16 13:00:00,1758045600000,235.3,235.3696,234.8857,234.8857,510155.0,235.1347
2025-09-16 13:15:00,1758046500000,234.89,235.0799,234.84,234.91,458223.0,234.9459
2025-09-16 13:30:00,1758047400000,234.91,235.08,234.6702,234.74,646821.0,234.9037
2025-09-16 13:45:00,1758048300000,234.765,235.02,234.709,234.87,549109.0,234.903
2025-09-16 14:00:00,1758049200000,234.865,234.97,234.77,234.81,626061.0,234.8689
2025-09-16 14:15:00,1758050100000,234.82,234.975,234.34,234.42,891934.0,234.6951
2025-09-16 14:30:00,1758051000000,234.42,234.57,234.25,234.4043,1028210.0,234.3902
2025-09-16 14:45:00,1758051900000,234.38,234.7,233.97,234.02,2557275.0,234.3374
2025-09-16 15:00:00,1758052800000,234.05,234.19,233.8964,234.15,698674.0,234.0497
2025-09-16 15:15:00,1758053700000,234.19,234.2,234.05,234.06,17403.0,234.1468
2025-09-16 15:30:00,1758054600000,234.1504,234.2,233.9,234.05,16383.0,234.0796
2025-09-16 15:45:00,1758055500000,234.0793,234.1,233.7457,233.8,7711.0,233.8657
2025-09-16 16:00:00,1758056400000,233.75,233.8,233.5999,233.79,10996.0,233.2153
2025-09-16 16:15:00,1758057300000,233.66,233.75,233.6511,233.6609,7709.0,232.9734
2025-09-16 16:30:00,1758058200000,233.7,233.7101,233.5843,233.5843,9841.0,233.6436
2025-09-16 16:45:00,1758059100000,233.7,233.75,233.65,233.75,8376.0,233.6804
2025-09-16 17:00:00,1758060000000,233.75,234.05,233.7,233.8199,27979.0,233.9353
2025-09-16 17:15:00,1758060900000,233.8326,233.8326,233.69,233.81,5304.0,233.7682
2025-09-16 17:30:00,1758061800000,233.81,233.9,233.73,233.8755,3763.0,233.8089
2025-09-16 17:45:00,1758062700000,233.78,233.9,233.78,233.85,1529.0,233.7997
2025-09-16 18:00:00,1758063600000,233.89,233.93,233.8137,233.9,2999.0,233.8786
2025-09-16 18:15:00,1758064500000,233.88,233.9,233.8,233.81,5364.0,233.8331
2025-09-16 18:30:00,1758065400000,233.85,233.8994,233.81,233.86,5050.0,233.8553
2025-09-16 18:45:00,1758066300000,233.85,233.9407,233.83,233.85,9998.0,233.8551
2025-09-17 03:00:00,1758096000000,234.24,234.4,234.02,234.06,13407.0,234.2008
2025-09-17 03:15:00,1758096900000,233.99,234.29,233.96,234.07,8043.0,234.0275
2025-09-17 03:30:00,1758097800000,233.9,234.13,233.78,233.8,9220.0,233.9546
2025-09-17 03:45:00,1758098700000,233.9,234.29,233.84,234.29,1735.0,234.0617
2025-09-17 04:00:00,1758099600000,234.14,234.51,234.12,234.51,4895.0,234.3963
2025-09-17 04:15:00,1758100500000,234.49,234.49,234.35,234.49,5313.0,234.4542
2025-09-17 04:30:00,1758101400000,234.52,234.52,234.43,234.43,2489.0,234.494
2025-09-17 04:45:00,1758102300000,234.35,234.35,234.3,234.3,1135.0,234.3255
2025-09-17 05:00:00,1758103200000,234.32,234.36,234.32,234.36,1012.0,234.3308
2025-09-17 05:15:00,1758104100000,234.31,234.34,234.3,234.34,1837.0,234.3196
2025-09-17 05:30:00,1758105000000,234.24,234.28,232.44,232.65,45894.0,233.2048
2025-09-17 05:45:00,1758105900000,232.87,232.97,232.5,232.58,15618.0,232.7254
2025-09-17 06:00:00,1758106800000,232.58,233.01,232.58,232.93,19797.0,232.8522
2025-09-17 06:15:00,1758107700000,232.91,233.46,232.91,233.45,18777.0,233.1999
2025-09-17 06:30:00,1758108600000,233.5,233.5,232.87,233.38,15742.0,233.1913
2025-09-17 06:45:00,1758109500000,233.47,233.82,233.16,233.82,18713.0,233.5116
2025-09-17 07:00:00,1758110400000,232.9,234.53,232.7,233.91,65938.0,233.6438
2025-09-17 07:15:00,1758111300000,233.91,233.9187,233.4001,233.4238,31963.0,233.6337
2025-09-17 07:30:00,1758112200000,233.5015,233.7485,233.33,233.44,22607.0,233.5403
2025-09-17 07:45:00,1758113100000,233.35,233.4,233.2,233.2899,30134.0,233.2864
2025-09-17 08:00:00,1758114000000,233.2992,233.75,233.19,233.75,58407.0,233.5119
2025-09-17 08:15:00,1758114900000,233.52,233.85,233.41,233.77,21312.0,233.6563
2025-09-17 08:30:00,1758115800000,233.77,234.3,231.48,231.8035,3177637.0,232.6568
2025-09-17 08:45:00,1758116700000,231.82,232.07,231.265,231.4697,1804970.0,231.613
2025-09-17 09:00:00,1758117600000,231.455,231.57,230.94,231.4,1670711.0,231.1897
2025-09-17 09:15:00,1758118500000,231.4,231.4886,230.26,230.41,2272475.0,230.8698
2025-09-17 09:30:00,1758119400000,230.415,230.56,229.71,230.0109,1545484.0,230.1092
2025-09-17 09:45:00,1758120300000,230.02,230.57,229.92,230.4786,1035232.0,230.2721
2025-09-17 10:00:00,1758121200000,230.49,230.6199,230.055,230.21,1121316.0,230.3633
2025-09-17 10:15:00,1758122100000,230.22,230.67,230.17,230.26,625588.0,230.4331
2025-09-17 10:30:00,1758123000000,230.2644,230.92,230.2644,230.86,863162.0,230.6317
2025-09-17 10:45:00,1758123900000,230.88,231.094,230.64,230.875,723379.0,230.8743
2025-09-17 11:00:00,1758124800000,230.8705,230.96,230.6157,230.9083,588841.0,230.7937
2025-09-17 11:15:00,1758125700000,230.9248,231.1,230.755,230.9643,520477.0,230.9465
2025-09-17 11:30:00,1758126600000,230.97,231.0,230.32,230.57,580473.0,230.6857
2025-09-17 11:45:00,1758127500000,230.58,230.58,230.26,230.485,497602.0,230.4048
2025-09-17 12:00:00,1758128400000,230.485,230.925,230.47,230.87,560880.0,230.7309
2025-09-17 12:15:00,1758129300000,230.86,231.26,230.71,231.09,799483.0,230.9994
2025-09-17 12:30:00,1758130200000,231.1,231.62,231.09,231.58,690816.0,231.4223
2025-09-17 12:45:00,1758131100000,231.59,231.71,231.3901,231.71,617457.0,231.5441
2025-09-17 13:00:00,1758132000000,231.68,232.41,230.709,230.709,1851915.0,231.7165
2025-09-17 13:15:00,1758132900000,230.71,231.4,230.35,231.3799,1319455.0,230.9225
2025-09-17 13:30:00,1758133800000,231.3697,231.39,229.66,229.875,1914876.0,230.3283
2025-09-17 13:45:00,1758134700000,229.94,230.26,228.71,230.04,2499813.0,229.5463
2025-09-17 14:00:00,1758135600000,230.01,231.48,229.95,230.6194,1615825.0,230.7868
2025-09-17 14:15:00,1758136500000,230.61,231.62,230.61,231.41,1103413.0,231.2873
2025-09-17 14:30:00,1758137400000,231.4,231.54,230.85,230.85,1081801.0,231.1552
2025-09-17 14:45:00,1758138300000,230.85,231.65,230.62,231.64,2906699.0,231.2368
2025-09-17 15:00:00,1758139200000,231.62,231.81,230.56,231.77,2469784.0,231.6095
2025-09-17 15:15:00,1758140100000,231.75,231.78,231.31,231.71,19708.0,231.6557
2025-09-17 15:30:00,1758141000000,231.7,231.8,231.5143,231.62,12536.0,231.683
2025-09-17 15:45:00,1758141900000,231.6323,231.7,231.4011,231.45,34139.0,231.6002
2025-09-17 16:00:00,1758142800000,231.5042,231.78,231.4858,231.6,9883.0,231.5163
2025-09-17 16:15:00,1758143700000,231.5102,231.82,231.5102,231.75,14047.0,231.7235
2025-09-17 16:30:00,1758144600000,231.7,231.83,231.62,231.77,6642.0,231.7383
2025-09-17 16:45:00,1758145500000,231.67,231.78,231.67,231.78,5520.0,231.7436
2025-09-17 17:00:00,1758146400000,231.7,231.9,231.7,231.85,11670.0,231.8182
2025-09-17 17:15:00,1758147300000,231.83,231.94,231.81,231.92,12618.0,231.8907
2025-09-17 17:30:00,1758148200000,231.93,232.14,231.85,232.14,33094.0,231.9677
2025-09-17 17:45:00,1758149100000,232.08,232.16,231.9037,232.14,13377.0,232.0705
2025-09-17 18:00:00,1758150000000,232.15,232.22,232.12,232.12,23744.0,232.1546
2025-09-17 18:15:00,1758150900000,232.1085,232.22,232.01,232.22,23482.0,232.1348
2025-09-17 18:30:00,1758151800000,232.2,232.25,232.15,232.2375,18570.0,232.2148
2025-09-17 18:45:00,1758152700000,232.26,232.4,232.26,232.3499,19813.0,232.3478
2025-09-18 03:00:00,1758182400000,233.2,233.32,232.8,232.97,27654.0,233.0247
2025-09-18 03:15:00,1758183300000,232.94,233.5,232.94,233.38,13503.0,233.3267
2025-09-18 03:30:00,1758184200000,233.38,233.41,233.29,233.3,7436.0,233.3586
2025-09-18 03:45:00,1758185100000,233.23,233.5,233.2,233.42,8045.0,233.3475
2025-09-18 04:00:00,1758186000000,233.45,233.48,233.32,233.35,7959.0,233.4305
2025-09-18 04:15:00,1758186900000,233.4,233.4,233.11,233.31,6991.0,233.3056
2025-09-18 04:30:00,1758187800000,233.21,233.44,233.18,233.25,3213.0,233.2834
2025-09-18 04:45:00,1758188700000,233.2,233.2,232.68,232.99,19446.0,232.9543
2025-09-18 05:00:00,1758189600000,233.01,233.25,233.0,233.19,3743.0,233.1405
2025-09-18 05:15:00,1758190500000,233.15,233.15,232.85,232.85,4916.0,233.0032
2025-09-18 05:30:00,1758191400000,232.85,232.99,232.6,232.99,9014.0,232.7741
2025-09-18 05:45:00,1758192300000,232.75,232.99,232.75,232.99,2786.0,232.8933
2025-09-18 06:00:00,1758193200000,233.0,233.11,232.84,233.05,19843.0,232.94
2025-09-18 06:15:00,1758194100000,232.94,233.0,232.68,233.0,24639.0,232.8576
2025-09-18 06:30:00,1758195000000,233.04,233.24,232.8,232.88,30521.0,233.0595
2025-09-18 06:45:00,1758195900000,232.9,233.0,232.87,232.99,9470.0,232.9341
2025-09-18 07:00:00,1758196800000,233.0,233.47,232.58,232.93,166258.0,232.9843
2025-09-18 07:15:00,1758197700000,232.85,233.13,232.8,233.13,19026.0,232.9938
2025-09-18 07:30:00,1758198600000,233.13,233.24,232.91,233.0,29966.0,233.0931
2025-09-18 07:45:00,1758199500000,233.0318,233.0318,232.35,232.35,50591.0,232.7512
2025-09-18 08:00:00,1758200400000,232.33,232.45,231.72,232.3647,89256.0,232.1276
2025-09-18 08:15:00,1758201300000,232.27,232.67,232.27,232.5,50116.0,232.5069
2025-09-18 08:30:00,1758202200000,232.5,232.52,229.3496,229.7,4152802.0,230.7137
2025-09-18 08:45:00,1758203100000,229.69,230.13,228.79,230.108,2720558.0,229.5256
2025-09-18 09:00:00,1758204000000,230.09,231.16,230.07,230.985,1823614.0,230.7751
2025-09-18 09:15:00,1758204900000,231.0,232.03,231.0,231.855,1516203.0,231.6617
2025-09-18 09:30:00,1758205800000,231.85,232.1414,231.36,231.41,1051483.0,231.8696
2025-09-18 09:45:00,1758206700000,231.38,232.03,231.29,231.89,903382.0,231.6311
2025-09-18 10:00:00,1758207600000,231.915,232.43,231.84,232.24,1032197.0,232.1393
2025-09-18 10:15:00,1758208500000,232.255,232.95,232.1405,232.8,1045518.0,232.5818
2025-09-18 10:30:00,1758209400000,232.8,233.06,232.43,232.725,801745.0,232.7916
2025-09-18 10:45:00,1758210300000,232.71,232.78,232.05,232.19,855262.0,232.3466
2025-09-18 11:00:00,1758211200000,232.185,232.74,231.97,232.65,702477.0,232.2224
2025-09-18 11:15:00,1758212100000,232.65,232.98,232.64,232.88,607950.0,232.8129
2025-09-18 11:30:00,1758213000000,232.8799,233.48,232.68,232.85,746050.0,233.0549
2025-09-18 11:45:00,1758213900000,232.84,233.14,232.7,233.09,577156.0,232.9588
2025-09-18 12:00:00,1758214800000,233.09,233.29,232.8687,232.99,618465.0,233.0859
2025-09-18 12:15:00,1758215700000,233.0,233.21,232.55,232.64,562527.0,232.9128
2025-09-18 12:30:00,1758216600000,232.64,232.87,232.355,232.48,494803.0,232.5839
2025-09-18 12:45:00,1758217500000,232.475,232.5163,232.02,232.15,460343.0,232.284
2025-09-18 13:00:00,1758218400000,232.14,232.55,232.08,232.3701,728063.0,232.3834
2025-09-18 13:15:00,1758219300000,232.4,232.59,231.86,231.93,582456.0,232.2929
2025-09-18 13:30:00,1758220200000,231.94,232.07,231.5702,231.645,909076.0,231.8203
2025-09-18 13:45:00,1758221100000,231.645,232.17,231.5986,232.01,753123.0,231.994
2025-09-18 14:00:00,1758222000000,232.015,232.07,231.76,231.85,878457.0,231.946
2025-09-18 14:15:00,1758222900000,231.86,232.0214,231.51,231.685,769230.0,231.7447
2025-09-18 14:30:00,1758223800000,231.6899,231.71,230.8394,231.065,1370665.0,231.1252
2025-09-18 14:45:00,1758224700000,231.06,231.45,230.95,231.21,2230757.0,231.2115
2025-09-18 15:00:00,1758225600000,231.23,231.4,231.1097,231.25,535903.0,231.2336
2025-09-18 15:15:00,1758226500000,231.31,231.4,231.23,231.3732,7764.0,231.2953
2025-09-18 15:30:00,1758227400000,231.39,231.55,231.23,231.47,16567.0,231.4084
2025-09-18 15:45:00,1758228300000,231.4542,231.738,231.23,231.5999,320465.0,231.2473
2025-09-18 16:00:00,1758229200000,231.6,231.6,231.37,231.42,13140.0,231.4597
2025-09-18 16:15:00,1758230100000,231.44,231.51,231.37,231.4999,6170.0,230.9667
2025-09-18 16:30:00,1758231000000,231.5,231.6,231.5,231.56,9931.0,231.6124
2025-09-18 16:45:00,1758231900000,231.56,231.74,231.23,231.5,13126.0,231.4347
2025-09-18 17:00:00,1758232800000,231.5,231.6,231.49,231.6,6915.0,231.5634
2025-09-18 17:15:00,1758233700000,231.6,231.6,231.55,231.55,12872.0,231.573
2025-09-18 17:30:00,1758234600000,231.59,231.6,231.45,231.45,5707.0,231.5244
2025-09-18 17:45:00,1758235500000,231.5,231.54,231.49,231.5007,9823.0,231.5235
2025-09-18 18:00:00,1758236400000,231.5031,231.6,231.5031,231.5991,3089.0,231.5825
2025-09-18 18:15:00,1758237300000,231.5201,231.6,231.5176,231.59,1572.0,231.5596
2025-09-18 18:30:00,1758238200000,231.6,231.74,231.56,231.7184,5588.0,231.6133
2025-09-18 18:45:00,1758239100000,231.66,231.72,231.57,231.6204,7392.0,231.6431
2025-09-19 03:00:00,1758268800000,231.51,231.84,231.2,231.74,9705.0,231.4988
2025-09-19 03:15:00,1758269700000,231.74,231.74,231.6,231.6,7132.0,231.7221
2025-09-19 03:30:00,1758270600000,231.79,231.81,231.7,231.7,1770.0,231.7891
2025-09-19 03:45:00,1758271500000,231.65,231.65,231.65,231.65,613.0,231.6554
2025-09-19 04:00:00,1758272400000,231.71,231.83,231.71,231.83,1520.0,231.7929
2025-09-19 04:15:00,1758273300000,231.99,232.05,231.99,232.05,3255.0,232.0133
2025-09-19 04:30:00,1758274200000,232.15,232.15,232.0,232.0,5813.0,232.0378
2025-09-19 04:45:00,1758275100000,232.03,232.17,232.03,232.06,4154.0,232.1451
2025-09-19 05:00:00,1758276000000,232.1,232.27,232.1,232.1,3255.0,232.1452
2025-09-19 05:15:00,1758276900000,232.1,232.1,231.99,232.0,4494.0,232.0481
2025-09-19 05:30:00,1758277800000,232.0,232.14,232.0,232.0,4680.0,232.0762
2025-09-19 05:45:00,1758278700000,231.97,232.0,231.91,232.0,1375.0,231.9901
2025-09-19 06:00:00,1758279600000,232.01,232.01,231.8,231.8,6053.0,231.9149
2025-09-19 06:15:00,1758280500000,231.85,231.93,231.85,231.93,2615.0,231.8973
2025-09-19 06:30:00,1758281400000,231.93,232.24,231.93,232.17,9155.0,232.127
2025-09-19 06:45:00,1758282300000,232.07,232.13,232.07,232.13,1267.0,232.0834
2025-09-19 07:00:00,1758283200000,231.97,232.42,231.21,232.3542,129758.0,231.7602
2025-09-19 07:15:00,1758284100000,232.35,232.48,232.25,232.3987,15519.0,232.4071
2025-09-19 07:30:00,1758285000000,232.44,232.58,232.4,232.45,21954.0,232.478
2025-09-19 07:45:00,1758285900000,232.43,232.4799,232.25,232.3692,12984.0,232.3939
2025-09-19 08:00:00,1758286800000,232.37,232.38,232.25,232.32,12752.0,232.3463
2025-09-19 08:15:00,1758287700000,232.32,233.0,232.12,232.12,208689.0,232.5242
2025-09-19 08:30:00,1758288600000,232.37,233.17,231.88,232.49,9224942.0,232.6627
2025-09-19 08:45:00,1758289500000,232.49,233.19,232.32,233.158,2057069.0,232.6994
2025-09-19 09:00:00,1758290400000,233.17,233.8,232.96,233.31,1796497.0,233.3045
2025-09-19 09:15:00,1758291300000,233.305,233.9,233.0,233.4,1141524.0,233.2748
2025-09-19 09:30:00,1758292200000,233.4,233.521,232.79,232.91,895038.0,233.1757
2025-09-19 09:45:00,1758293100000,232.905,233.66,232.53,233.6301,1484581.0,233.0737
2025-09-19 10:00:00,1758294000000,233.65,234.15,233.2,233.57,1109658.0,233.7112
2025-09-19 10:15:00,1758294900000,233.5675,233.86,233.17,233.23,741441.0,233.5245
2025-09-19 10:30:00,1758295800000,233.2,233.27,232.94,233.18,975743.0,233.1224
2025-09-19 10:45:00,1758296700000,233.17,233.2756,232.98,233.045,740644.0,233.1588
2025-09-19 11:00:00,1758297600000,233.045,233.7388,232.92,233.655,1478013.0,233.3997
2025-09-19 11:15:00,1758298500000,233.6368,234.16,233.58,233.61,812416.0,233.8914
2025-09-19 11:30:00,1758299400000,233.6,233.86,233.45,233.53,675453.0,233.6292
2025-09-19 11:45:00,1758300300000,233.5,233.54,232.91,233.24,657294.0,233.199
2025-09-19 12:00:00,1758301200000,233.23,233.28,232.95,233.215,592318.0,233.1209
2025-09-19 12:15:00,1758302100000,233.21,233.42,232.6312,232.72,930161.0,233.1441
2025-09-19 12:30:00,1758303000000,232.72,233.0815,232.66,233.02,567236.0,232.9291
2025-09-19 12:45:00,1758303900000,233.0299,233.16,232.57,232.75,510100.0,232.9046
2025-09-19 13:00:00,1758304800000,232.75,232.96,232.225,232.285,861237.0,232.6513
2025-09-19 13:15:00,1758305700000,232.285,232.55,232.1,232.44,1000664.0,232.3069
2025-09-19 13:30:00,1758306600000,232.44,232.52,232.25,232.325,826540.0,232.4903
2025-09-19 13:45:00,1758307500000,232.3388,232.38,231.813,232.19,1097075.0,232.0838
2025-09-19 14:00:00,1758308400000,232.19,232.44,231.99,232.06,866786.0,232.2163
2025-09-19 14:15:00,1758309300000,232.05,232.25,231.7,231.84,1161956.0,231.936
2025-09-19 14:30:00,1758310200000,231.85,232.1,231.6,232.0398,1896757.0,231.8064
2025-09-19 14:45:00,1758311100000,232.02,232.0354,229.7,231.6,5873815.0,231.392
2025-09-19 15:00:00,1758312000000,231.48,231.75,231.0,231.7,6235335.0,231.4795
2025-09-19 15:15:00,1758312900000,231.6919,231.75,231.48,231.7,28042.0,231.624
2025-09-19 15:30:00,1758313800000,231.67,231.72,231.48,231.65,44306.0,231.5488
2025-09-19 15:45:00,1758314700000,231.64,231.64,231.5,231.5501,13944.0,231.584
2025-09-19 16:00:00,1758315600000,231.55,231.64,231.5051,231.64,23761.0,231.5961
2025-09-19 16:15:00,1758316500000,231.5605,231.68,231.48,231.65,17749.0,231.58
2025-09-19 16:30:00,1758317400000,231.65,231.72,231.65,231.65,14299.0,231.6422
2025-09-19 16:45:00,1758318300000,231.617,232.0,231.617,231.9,10590.0,231.8522
2025-09-19 17:00:00,1758319200000,231.88,231.99,231.83,231.9487,5596.0,231.7647
2025-09-19 17:15:00,1758320100000,231.91,231.91,231.7926,231.83,3671.0,231.8612
2025-09-19 17:30:00,1758321000000,231.87,231.88,231.83,231.83,2335.0,231.8689
2025-09-19 17:45:00,1758321900000,231.85,231.88,231.76,231.8375,4775.0,231.8175
2025-09-19 18:00:00,1758322800000,231.75,231.8,231.75,231.7501,9447.0,231.7817
2025-09-19 18:15:00,1758323700000,231.7108,231.78,231.71,231.759,3020.0,231.7332
2025-09-19 18:30:00,1758324600000,231.72,231.75,231.71,231.71,7851.0,231.7345
2025-09-19 18:45:00,1758325500000,231.72,231.7793,231.7065,231.75,12024.0,231.739
2025-09-22 03:00:00,1758528000000,231.0,231.72,231.0,231.23,16931.0,231.2071
2025-09-22 03:15:00,1758528900000,231.25,231.64,231.25,231.59,14500.0,231.4741
2025-09-22 03:30:00,1758529800000,231.55,231.6,231.5,231.58,1900.0,231.5659
2025-09-22 03:45:00,1758530700000,231.63,231.63,231.15,231.15,8160.0,231.3198
2025-09-22 04:00:00,1758531600000,231.25,231.25,230.48,230.64,11639.0,230.8172
2025-09-22 04:15:00,1758532500000,230.64,230.98,230.64,230.79,2546.0,230.8293
2025-09-22 04:30:00,1758533400000,230.95,231.01,230.95,231.01,792.0,230.9725
2025-09-22 04:45:00,1758534300000,231.05,231.11,231.05,231.11,1277.0,231.0836
2025-09-22 05:00:00,1758535200000,231.11,231.11,230.65,230.81,7880.0,230.8505
2025-09-22 05:15:00,1758536100000,230.91,231.04,230.83,231.03,5047.0,230.9607
2025-09-22 05:30:00,1758537000000,231.04,231.04,230.86,230.86,2420.0,230.9798
2025-09-22 05:45:00,1758537900000,230.95,230.95,230.81,230.81,2959.0,230.8777
2025-09-22 06:00:00,1758538800000,230.89,230.97,230.65,230.84,10768.0,230.8001
2025-09-22 06:15:00,1758539700000,230.7,230.7,230.52,230.65,6822.0,230.6305
2025-09-22 06:30:00,1758540600000,230.63,230.63,230.56,230.56,5645.0,230.5969
2025-09-22 06:45:00,1758541500000,230.56,230.69,230.56,230.69,3749.0,230.6316
2025-09-22 07:00:00,1758542400000,230.895,231.91,230.3,230.7061,226669.0,231.0949
2025-09-22 07:15:00,1758543300000,230.6,230.77,230.55,230.58,18185.0,230.6575
2025-09-22 07:30:00,1758544200000,230.58,231.0,230.52,230.9,22920.0,230.7328
2025-09-22 07:45:00,1758545100000,230.85,230.98,230.81,230.87,17236.0,230.8965
2025-09-22 08:00:00,1758546000000,230.82,230.84,230.61,230.72,17815.0,230.7344
2025-09-22 08:15:00,1758546900000,230.8,231.0,230.6,230.67,39427.0,230.7869
2025-09-22 08:30:00,1758547800000,230.56,230.565,227.91,229.15,3860189.0,229.1269
2025-09-22 08:45:00,1758548700000,229.17,229.72,228.9107,229.62,1657289.0,229.3057
2025-09-22 09:00:00,1758549600000,229.62,229.95,229.5,229.58,1526968.0,229.7038
2025-09-22 09:15:00,1758550500000,229.58,230.52,229.57,230.28,1606843.0,230.1506
2025-09-22 09:30:00,1758551400000,230.3,230.3,229.68,230.12,1043290.0,229.9504
2025-09-22 09:45:00,1758552300000,230.11,230.33,229.94,230.0,812363.0,230.1072
2025-09-22 10:00:00,1758553200000,229.995,230.1,229.285,229.61,1291318.0,229.637
2025-09-22 10:15:00,1758554100000,229.6,229.7,229.15,229.225,957172.0,229.3369
2025-09-22 10:30:00,1758555000000,229.22,229.37,228.77,229.047,1248083.0,229.0862
2025-09-22 10:45:00,1758555900000,229.08,229.37,228.94,228.95,963603.0,229.1929
2025-09-22 11:00:00,1758556800000,228.95,229.0751,228.6099,228.73,1274798.0,228.8082
2025-09-22 11:15:00,1758557700000,228.72,228.89,228.51,228.53,1294376.0,228.6875
2025-09-22 11:30:00,1758558600000,228.52,228.74,228.13,228.15,1505927.0,228.4973
2025-09-22 11:45:00,1758559500000,228.14,228.54,228.14,228.385,1221722.0,228.2951
2025-09-22 12:00:00,1758560400000,228.39,228.933,228.31,228.88,1186517.0,228.5414
2025-09-22 12:15:00,1758561300000,228.885,229.08,228.45,228.605,1066975.0,228.7333
2025-09-22 12:30:00,1758562200000,228.61,228.75,228.44,228.515,789690.0,228.6143
2025-09-22 12:45:00,1758563100000,228.52,228.6,228.055,228.205,949128.0,228.2993
2025-09-22 13:00:00,1758564000000,228.2,228.47,228.17,228.22,882217.0,228.2926
2025-09-22 13:15:00,1758564900000,228.22,228.225,227.93,228.13,1328229.0,228.0709
2025-09-22 13:30:00,1758565800000,228.135,228.18,227.94,227.9793,868738.0,228.0097
2025-09-22 13:45:00,1758566700000,227.975,228.1366,227.9,228.06,1385703.0,228.1424
2025-09-22 14:00:00,1758567600000,228.06,228.09,227.85,227.9999,1091373.0,227.9709
2025-09-22 14:15:00,1758568500000,228.0,228.045,227.8542,227.935,916294.0,227.9572
2025-09-22 14:30:00,1758569400000,227.935,228.11,227.78,227.838,1340911.0,227.9197
2025-09-22 14:45:00,1758570300000,227.835,228.24,227.51,227.62,3635792.0,227.8456
2025-09-22 15:00:00,1758571200000,227.63,228.01,227.57,227.88,967747.0,227.6479
2025-09-22 15:15:00,1758572100000,227.91,227.99,227.63,227.95,40187.0,227.8418
2025-09-22 15:30:00,1758573000000,227.9201,228.1373,227.92,228.05,31505.0,227.9885
2025-09-22 15:45:00,1758573900000,228.05,228.18,228.05,228.13,26711.0,228.1197
2025-09-22 16:00:00,1758574800000,228.13,228.16,228.04,228.13,401517.0,227.6498
2025-09-22 16:15:00,1758575700000,228.13,228.16,228.1,228.14,14485.0,228.054
2025-09-22 16:30:00,1758576600000,228.12,228.16,227.96,228.05,106330.0,227.7307
2025-09-22 16:45:00,1758577500000,228.0458,228.1196,227.63,228.1188,31385.0,227.7832
2025-09-22 17:00:00,1758578400000,228.0975,228.11,227.95,228.0,11688.0,228.0134
2025-09-22 17:15:00,1758579300000,228.0971,228.1,227.7,227.81,44641.0,227.8524
2025-09-22 17:30:00,1758580200000,228.09,228.09,227.8502,227.95,12860.0,227.9714
2025-09-22 17:45:00,1758581100000,228.0409,228.08,227.95,228.03,11552.0,228.0332
2025-09-22 18:00:00,1758582000000,228.07,228.08,228.03,228.0614,4370.0,228.0519
2025-09-22 18:15:00,1758582900000,228.05,228.08,228.0,228.001,14518.0,228.0201
2025-09-22 18:30:00,1758583800000,228.001,228.07,227.9803,227.99,11411.0,228.0161
2025-09-22 18:45:00,1758584700000,227.98,228.15,227.98,228.0999,22876.0,228.0753
2025-09-23 03:00:00,1758614400000,228.59,228.73,228.5,228.54,19873.0,228.6002
2025-09-23 03:15:00,1758615300000,228.51,228.59,228.31,228.5,14341.0,228.4664
2025-09-23 03:30:00,1758616200000,228.38,228.55,228.34,228.55,12712.0,228.4595
2025-09-23 03:45:00,1758617100000,228.5,228.52,228.5,228.51,2048.0,228.5204
2025-09-23 04:00:00,1758618000000,228.6,228.6,228.5,228.51,3554.0,228.5529
2025-09-23 04:15:00,1758618900000,228.67,228.7,228.43,228.43,4213.0,228.562
2025-09-23 04:30:00,1758619800000,228.41,228.49,228.38,228.45,7534.0,228.4346
2025-09-23 04:45:00,1758620700000,228.46,228.5,228.45,228.5,1161.0,228.4829
2025-09-23 05:00:00,1758621600000,228.49,228.5,228.16,228.16,12426.0,228.3812
2025-09-23 05:15:00,1758622500000,228.28,228.38,228.21,228.25,3608.0,228.2841
2025-09-23 05:30:00,1758623400000,228.21,228.33,228.0,228.33,5636.0,228.176
2025-09-23 05:45:00,1758624300000,228.35,228.35,228.22,228.33,3667.0,228.3124
2025-09-23 06:00:00,1758625200000,228.3,228.35,228.11,228.15,11110.0,228.2236
2025-09-23 06:15:00,1758626100000,228.15,228.2,228.01,228.2,8391.0,228.0969
2025-09-23 06:30:00,1758627000000,228.12,228.16,228.05,228.15,7000.0,228.1271
2025-09-23 06:45:00,1758627900000,228.21,228.44,228.21,228.4,5731.0,228.3466
2025-09-23 07:00:00,1758628800000,228.3,228.7,227.63,228.4,118992.0,228.3807
2025-09-23 07:15:00,1758629700000,228.45,228.48,228.29,228.4,22603.0,228.3936
2025-09-23 07:30:00,1758630600000,228.4,228.42,228.2726,228.399,16127.0,228.3782
2025-09-23 07:45:00,1758631500000,228.38,228.4,228.26,228.38,464842.0,227.6737
2025-09-23 08:00:00,1758632400000,228.36,228.4,228.33,228.35,31956.0,228.3678
2025-09-23 08:15:00,1758633300000,228.33,228.67,227.67,227.8093,129062.0,228.1602
2025-09-23 08:30:00,1758634200000,227.83,227.86,223.38,223.52,7428458.0,225.2061
2025-09-23 08:45:00,1758635100000,223.53,223.67,221.23,221.49,6615481.0,222.2651
2025-09-23 09:00:00,1758636000000,221.475,222.92,221.32,222.845,5339169.0,222.2673
2025-09-23 09:15:00,1758636900000,222.86,223.16,222.28,222.37,2603478.0,222.7966
2025-09-23 09:30:00,1758637800000,222.375,222.84,222.3,222.82,1955050.0,222.5979
2025-09-23 09:45:00,1758638700000,222.801,223.44,222.56,223.42,1880637.0,222.8598
2025-09-23 10:00:00,1758639600000,223.41,224.13,223.2484,223.75,2215488.0,223.6731
2025-09-23 10:15:00,1758640500000,223.75,223.87,223.05,223.29,1403136.0,223.5255
2025-09-23 10:30:00,1758641400000,223.31,223.33,222.6,222.671,1614445.0,222.8966
2025-09-23 10:45:00,1758642300000,222.6714,222.86,222.25,222.325,1748928.0,222.6047
2025-09-23 11:00:00,1758643200000,222.325,222.55,222.02,222.4897,1340661.0,222.3618
2025-09-23 11:15:00,1758644100000,222.475,222.71,222.35,222.65,1024980.0,222.483
2025-09-23 11:30:00,1758645000000,222.65,222.83,222.53,222.7,859956.0,222.6864
2025-09-23 11:45:00,1758645900000,222.71,222.8,222.53,222.5916,972109.0,222.6959
2025-09-23 12:00:00,1758646800000,222.59,222.59,221.845,221.89,1624587.0,222.1301
2025-09-23 12:15:00,1758647700000,221.89,222.13,221.81,221.85,1097471.0,221.9599
2025-09-23 12:30:00,1758648600000,221.85,221.98,221.13,221.71,1838723.0,221.596
2025-09-23 12:45:00,1758649500000,221.71,222.02,221.55,221.82,1309641.0,221.8028
2025-09-23 13:00:00,1758650400000,221.8188,221.82,221.23,221.29,991573.0,221.4963
2025-09-23 13:15:00,1758651300000,221.295,221.45,220.9001,221.02,3119318.0,221.0571
2025-09-23 13:30:00,1758652200000,221.0228,221.23,220.777,221.01,1502512.0,221.0114
2025-09-23 13:45:00,1758653100000,221.01,221.24,220.7,220.92,1572683.0,220.9612
2025-09-23 14:00:00,1758654000000,220.92,221.15,220.73,220.835,1243701.0,220.9476
2025-09-23 14:15:00,1758654900000,220.835,220.98,220.07,220.1765,2799028.0,220.4272
2025-09-23 14:30:00,1758655800000,220.18,221.18,220.17,221.07,2244866.0,220.8095
2025-09-23 14:45:00,1758656700000,221.075,221.19,220.31,220.74,5244516.0,220.6597
2025-09-23 15:00:00,1758657600000,220.7255,220.99,220.61,220.96,710793.0,220.723
2025-09-23 15:15:00,1758658500000,220.95,221.12,220.71,220.98,67178.0,220.9933
2025-09-23 15:30:00,1758659400000,220.96,221.14,220.71,221.13,68701.0,220.8506
2025-09-23 15:45:00,1758660300000,221.071,221.22,220.71,221.1899,46504.0,220.7765
2025-09-23 16:00:00,1758661200000,221.1899,221.23,221.15,221.21,28917.0,221.196
2025-09-23 16:15:00,1758662100000,221.21,221.3,221.2,221.2997,40291.0,221.2343
2025-09-23 16:30:00,1758663000000,221.29,221.41,221.29,221.39,25099.0,221.3493
2025-09-23 16:45:00,1758663900000,221.39,221.4,221.2,221.2012,19593.0,221.3168
2025-09-23 17:00:00,1758664800000,221.2325,221.38,221.1819,221.37,14828.0,221.297
2025-09-23 17:15:00,1758665700000,221.37,221.37,221.28,221.37,17058.0,221.3329
2025-09-23 17:30:00,1758666600000,221.37,221.5,221.36,221.48,24323.0,221.4399
2025-09-23 17:45:00,1758667500000,221.49,221.59,221.4351,221.59,11817.0,221.5151
2025-09-23 18:00:00,1758668400000,221.55,221.59,221.4,221.5,16809.0,221.5175
2025-09-23 18:15:00,1758669300000,221.5,221.59,221.48,221.49,16129.0,221.5353
2025-09-23 18:30:00,1758670200000,221.4542,221.5,221.32,221.33,22544.0,221.4226
2025-09-23 18:45:00,1758671100000,221.33,221.5,221.33,221.5,19508.0,221.4282
2025-09-24 03:00:00,1758700800000,222.15,222.98,222.15,222.5,35963.0,222.6941
2025-09-24 03:15:00,1758701700000,222.65,222.7,222.26,222.34,15421.0,222.4494
2025-09-24 03:30:00,1758702600000,222.4,222.59,222.22,222.46,33012.0,222.3963
2025-09-24 03:45:00,1758703500000,222.36,222.5,222.2,222.48,16801.0,222.3629
2025-09-24 04:00:00,1758704400000,222.48,224.99,222.48,224.15,209015.0,223.9713
2025-09-24 04:15:00,1758705300000,224.2,224.58,224.2,224.33,32596.0,224.3754
2025-09-24 04:30:00,1758706200000,224.24,224.44,224.18,224.2,27521.0,224.3011
2025-09-24 04:45:00,1758707100000,224.27,224.38,224.18,224.35,17892.0,224.2744
2025-09-24 05:00:00,1758708000000,224.37,224.67,224.29,224.6,29864.0,224.4896
2025-09-24 05:15:00,1758708900000,224.6,224.68,224.11,224.11,17105.0,224.404
2025-09-24 05:30:00,1758709800000,224.18,224.38,224.12,224.2,12938.0,224.214
2025-09-24 05:45:00,1758710700000,224.25,224.5,224.25,224.5,20367.0,224.3545
2025-09-24 06:00:00,1758711600000,224.32,224.35,223.49,224.04,90175.0,223.8924
2025-09-24 06:15:00,1758712500000,223.97,224.08,223.84,223.85,24569.0,223.9607
2025-09-24 06:30:00,1758713400000,223.84,223.91,223.45,223.61,27321.0,223.7014
2025-09-24 06:45:00,1758714300000,223.61,223.85,223.44,223.85,37129.0,223.6605
2025-09-24 07:00:00,1758715200000,223.87,224.82,221.75,223.6,362053.0,223.4786
2025-09-24 07:15:00,1758716100000,223.5,224.0,223.27,223.94,97914.0,223.5471
2025-09-24 07:30:00,1758717000000,223.98,224.0999,223.85,224.0,102767.0,223.9761
2025-09-24 07:45:00,1758717900000,224.0,224.22,223.76,223.8784,74850.0,223.9843
2025-09-24 08:00:00,1758718800000,223.8709,224.1485,223.56,223.612,89126.0,223.8379
2025-09-24 08:15:00,1758719700000,223.6105,224.48,223.0,224.34,426778.0,222.595
2025-09-24 08:30:00,1758720600000,224.15,224.56,221.95,222.42,4913964.0,223.0541
2025-09-24 08:45:00,1758721500000,222.45,222.6789,221.35,221.7,2502868.0,221.8765
2025-09-24 09:00:00,1758722400000,221.68,222.58,221.54,221.925,1967983.0,222.1186
2025-09-24 09:15:00,1758723300000,221.919,222.61,221.1301,221.14,1941861.0,221.9754
2025-09-24 09:30:00,1758724200000,221.13,221.68,220.9,221.14,2417421.0,221.2112
2025-09-24 09:45:00,1758725100000,221.125,221.33,220.75,221.2,1442989.0,221.0619
2025-09-24 10:00:00,1758726000000,221.205,221.83,220.3103,221.4045,1537060.0,221.2853
2025-09-24 10:15:00,1758726900000,221.41,221.51,221.01,221.1399,1034593.0,221.2532
2025-09-24 10:30:00,1758727800000,221.1,221.11,220.55,220.9,1124926.0,220.7625
2025-09-24 10:45:00,1758728700000,220.9,220.9,219.81,219.855,2570393.0,220.3757
2025-09-24 11:00:00,1758729600000,219.86,220.08,219.54,220.07,1389887.0,219.8182
2025-09-24 11:15:00,1758730500000,220.05,220.905,220.0477,220.89,907822.0,220.4985
2025-09-24 11:30:00,1758731400000,220.8849,221.05,220.69,220.98,747879.0,220.8949
2025-09-24 11:45:00,1758732300000,220.99,220.99,220.1291,220.25,1158821.0,220.4896
2025-09-24 12:00:00,1758733200000,220.255,220.53,220.09,220.27,888266.0,220.2767
2025-09-24 12:15:00,1758734100000,220.25,221.05,220.23,220.92,895741.0,220.5454
2025-09-24 12:30:00,1758735000000,220.9102,221.2,220.68,220.86,824267.0,220.9151
2025-09-24 12:45:00,1758735900000,220.835,221.02,220.3345,220.41,1036530.0,220.7462
2025-09-24 13:00:00,1758736800000,220.4197,220.69,220.23,220.2612,614611.0,220.4941
2025-09-24 13:15:00,1758737700000,220.2899,220.39,220.02,220.06,660266.0,220.2208
2025-09-24 13:30:00,1758738600000,220.06,220.4896,219.9,220.26,935577.0,220.1625
2025-09-24 13:45:00,1758739500000,220.27,220.46,220.145,220.44,659416.0,220.3182
2025-09-24 14:00:00,1758740400000,220.43,220.44,220.045,220.2,1073849.0,220.2217
2025-09-24 14:15:00,1758741300000,220.2,220.31,219.77,219.775,1093693.0,220.0219
2025-09-24 14:30:00,1758742200000,219.775,219.93,219.45,219.63,1496981.0,219.6857
2025-09-24 14:45:00,1758743100000,219.6301,220.35,219.56,220.21,3623368.0,220.0272
2025-09-24 15:00:00,1758744000000,220.21,220.7,220.21,220.42,264804.0,220.2721
2025-09-24 15:15:00,1758744900000,220.42,220.5,220.3,220.35,24610.0,220.4082
2025-09-24 15:30:00,1758745800000,220.4,220.45,220.28,220.45,36847.0,220.3583
2025-09-24 15:45:00,1758746700000,220.4134,220.53,220.21,220.5,22892.0,220.3375
2025-09-24 16:00:00,1758747600000,220.48,220.55,220.45,220.5001,14536.0,220.492
2025-09-24 16:15:00,1758748500000,220.5,220.54,220.3619,220.46,16691.0,220.466
2025-09-24 16:30:00,1758749400000,220.49,220.5,220.21,220.42,8637.0,220.4594
2025-09-24 16:45:00,1758750300000,220.45,220.7,220.4499,220.6609,30442.0,220.5791
2025-09-24 17:00:00,1758751200000,220.6794,220.7,220.62,220.6503,10860.0,220.6636
2025-09-24 17:15:00,1758752100000,220.65,220.7,220.6299,220.69,14503.0,220.6548
2025-09-24 17:30:00,1758753000000,220.7,220.7,220.64,220.7,11504.0,220.6741
2025-09-24 17:45:00,1758753900000,220.67,220.8073,220.65,220.76,14074.0,220.7231
2025-09-24 18:00:00,1758754800000,220.7089,220.8,220.7042,220.75,10629.0,220.768
2025-09-24 18:15:00,1758755700000,220.72,220.8,220.7,220.74,6594.0,220.7444
2025-09-24 18:30:00,1758756600000,220.72,220.8013,220.6808,220.8,14382.0,220.7584
2025-09-24 18:45:00,1758757500000,220.8,220.85,220.68,220.8035,20234.0,220.7787
2025-09-25 03:00:00,1758787200000,221.44,222.0,220.91,221.71,42520.0,221.6387
2025-09-25 03:15:00,1758788100000,221.75,222.2,221.68,221.7,23371.0,221.9328
2025-09-25 03:30:00,1758789000000,221.8,221.98,221.66,221.7,16100.0,221.8475
2025-09-25 03:45:00,1758789900000,221.65,221.66,221.3,221.6,11276.0,221.4916
2025-09-25 04:00:00,1758790800000,221.66,221.67,221.41,221.53,6952.0,221.5163
2025-09-25 04:15:00,1758791700000,221.61,221.75,221.59,221.75,6337.0,221.6806
2025-09-25 04:30:00,1758792600000,221.68,221.69,221.19,221.19,13625.0,221.4606
2025-09-25 04:45:00,1758793500000,221.21,221.44,221.04,221.44,10747.0,221.2422
2025-09-25 05:00:00,1758794400000,221.36,221.39,221.12,221.17,9893.0,221.2365
2025-09-25 05:15:00,1758795300000,221.18,221.2,220.46,220.78,24786.0,220.9013
2025-09-25 05:30:00,1758796200000,220.62,221.0,220.61,220.79,6744.0,220.7861
2025-09-25 05:45:00,1758797100000,220.77,220.9,220.74,220.9,5370.0,220.8155
2025-09-25 06:00:00,1758798000000,220.8,220.8,219.8,220.01,42758.0,220.1719
2025-09-25 06:15:00,1758798900000,219.85,220.06,219.73,219.93,35854.0,219.891
2025-09-25 06:30:00,1758799800000,219.86,220.01,219.54,219.56,26496.0,219.8015
2025-09-25 06:45:00,1758800700000,219.61,220.02,219.6,219.75,26977.0,219.8058
2025-09-25 07:00:00,1758801600000,220.15,222.16,219.5,219.61,237873.0,220.5186
2025-09-25 07:15:00,1758802500000,219.64,219.75,219.51,219.55,31128.0,219.6389
2025-09-25 07:30:00,1758803400000,219.51,220.25,219.32,220.25,116899.0,219.7152
2025-09-25 07:45:00,1758804300000,220.25,220.8,219.8,220.02,168829.0,220.3119
2025-09-25 08:00:00,1758805200000,220.1,220.3,219.8098,220.01,72788.0,220.0156
2025-09-25 08:15:00,1758806100000,220.08,220.73,220.0,220.0296,84360.0,220.3938
2025-09-25 08:30:00,1758807000000,220.06,220.58,218.2,218.5,4312524.0,219.5059
2025-09-25 08:45:00,1758807900000,218.47,219.45,218.27,218.7373,2112288.0,218.8435
2025-09-25 09:00:00,1758808800000,218.72,219.98,218.54,219.95,2199493.0,219.4202
2025-09-25 09:15:00,1758809700000,219.96,220.6332,219.62,219.7599,1867111.0,220.1544
2025-09-25 09:30:00,1758810600000,219.75,219.9395,219.56,219.77,1039214.0,219.7926
2025-09-25 09:45:00,1758811500000,219.78,220.09,219.6,219.7884,2302610.0,219.8147
2025-09-25 10:00:00,1758812400000,219.79,219.8,219.0501,219.42,1528900.0,219.3844
2025-09-25 10:15:00,1758813300000,219.4164,220.44,219.35,219.83,1738093.0,219.7452
2025-09-25 10:30:00,1758814200000,219.81,220.5,219.716,220.38,1130622.0,220.0554
2025-09-25 10:45:00,1758815100000,220.3899,220.52,220.07,220.26,1009052.0,220.3229
2025-09-25 11:00:00,1758816000000,220.26,220.67,220.24,220.3822,1060810.0,220.466
2025-09-25 11:15:00,1758816900000,220.38,220.62,219.723,219.81,863329.0,220.2401
2025-09-25 11:30:00,1758817800000,219.82,219.9,219.085,219.085,1161486.0,219.5048
2025-09-25 11:45:00,1758818700000,219.085,219.3201,219.06,219.09,905375.0,219.1886
2025-09-25 12:00:00,1758819600000,219.09,219.205,218.75,218.97,1068078.0,219.0017
2025-09-25 12:15:00,1758820500000,218.98,219.12,218.5,218.87,900772.0,218.8061
2025-09-25 12:30:00,1758821400000,218.86,218.93,218.33,218.5639,778132.0,218.5907
2025-09-25 12:45:00,1758822300000,218.57,218.59,217.91,218.03,1326245.0,218.2335
2025-09-25 13:00:00,1758823200000,218.035,218.14,217.6,217.99,1385341.0,217.8712
2025-09-25 13:15:00,1758824100000,217.99,218.1,216.47,217.03,2771399.0,217.2535
2025-09-25 13:30:00,1758825000000,217.02,217.4499,216.88,217.325,1910279.0,217.1736
2025-09-25 13:45:00,1758825900000,217.325,217.65,217.07,217.26,2019789.0,217.4162
2025-09-25 14:00:00,1758826800000,217.24,217.49,216.92,217.415,1456319.0,217.2107
2025-09-25 14:15:00,1758827700000,217.415,217.54,217.155,217.47,1179002.0,217.3314
2025-09-25 14:30:00,1758828600000,217.47,217.61,217.19,217.325,1481706.0,217.3968
2025-09-25 14:45:00,1758829500000,217.32,218.43,217.23,218.13,3412876.0,217.9525
2025-09-25 15:00:00,1758830400000,218.15,218.64,218.02,218.14,1344659.0,218.1552
2025-09-25 15:15:00,1758831300000,218.15,218.25,218.12,218.25,48891.0,218.1762
2025-09-25 15:30:00,1758832200000,218.2451,218.75,218.2451,218.5938,34801.0,218.4427
2025-09-25 15:45:00,1758833100000,218.5513,218.65,218.25,218.2642,37560.0,218.4631
2025-09-25 16:00:00,1758834000000,218.2385,218.33,218.23,218.33,15395.0,217.7279
2025-09-25 16:15:00,1758834900000,218.32,218.81,218.32,218.7,37570.0,218.4147
2025-09-25 16:30:00,1758835800000,218.7,218.77,218.46,218.46,15772.0,218.6633
2025-09-25 16:45:00,1758836700000,218.6,218.7,218.41,218.64,10520.0,218.5681
2025-09-25 17:00:00,1758837600000,218.69,218.9,218.42,218.77,16615.0,218.7603
2025-09-25 17:15:00,1758838500000,218.7,218.8,218.7,218.76,12766.0,218.7508
2025-09-25 17:30:00,1758839400000,218.75,218.8,218.7,218.77,10405.0,218.7612
2025-09-25 17:45:00,1758840300000,218.77,218.77,218.46,218.55,12881.0,218.6186
2025-09-25 18:00:00,1758841200000,218.53,218.6,218.37,218.4,16308.0,218.4947
2025-09-25 18:15:00,1758842100000,218.39,218.5672,218.31,218.45,11592.0,218.3945
2025-09-25 18:30:00,1758843000000,218.41,218.5,218.15,218.35,21299.0,218.2906
2025-09-25 18:45:00,1758843900000,218.42,218.5,218.2,218.2737,15071.0,218.326
2025-09-26 03:00:00,1758873600000,219.2,219.29,218.76,219.29,25572.0,219.0544
2025-09-26 03:15:00,1758874500000,219.21,219.21,218.71,218.71,9682.0,218.999
2025-09-26 03:30:00,1758875400000,218.83,218.97,218.83,218.91,4072.0,218.9183
2025-09-26 03:45:00,1758876300000,218.71,218.81,218.57,218.58,10571.0,218.677
2025-09-26 04:00:00,1758877200000,218.58,218.79,218.35,218.79,12455.0,218.5027
2025-09-26 04:15:00,1758878100000,218.83,218.83,218.75,218.76,5725.0,218.7801
2025-09-26 04:30:00,1758879000000,218.79,218.89,218.79,218.8,2907.0,218.8184
2025-09-26 04:45:00,1758879900000,218.76,219.0,218.76,219.0,4440.0,218.854
2025-09-26 05:00:00,1758880800000,219.0,219.22,218.88,219.22,14331.0,218.9884
2025-09-26 05:15:00,1758881700000,219.29,219.31,219.0,219.0,6348.0,219.1312
2025-09-26 05:30:00,1758882600000,218.95,218.95,218.88,218.9,6482.0,218.9065
2025-09-26 05:45:00,1758883500000,218.95,218.95,218.65,218.89,9123.0,218.8109
2025-09-26 06:00:00,1758884400000,218.85,218.98,218.8,218.86,20164.0,218.8757
2025-09-26 06:15:00,1758885300000,218.86,218.86,218.64,218.83,10085.0,218.7631
2025-09-26 06:30:00,1758886200000,218.81,219.05,218.81,219.05,13032.0,218.9425
2025-09-26 06:45:00,1758887100000,218.95,219.03,218.94,218.99,6132.0,218.9821
2025-09-26 07:00:00,1758888000000,219.02,219.34,217.84,218.9697,799944.0,218.2788
2025-09-26 07:15:00,1758888900000,218.97,219.17,218.78,219.16,45470.0,219.0175
2025-09-26 07:30:00,1758889800000,219.15,221.55,219.0,220.8,417224.0,220.544
2025-09-26 07:45:00,1758890700000,220.8486,221.05,220.47,220.6,151619.0,220.7187
2025-09-26 08:00:00,1758891600000,220.57,220.59,220.2,220.3488,80591.0,220.3592
2025-09-26 08:15:00,1758892500000,220.3,220.47,219.02,219.2,136971.0,219.8117
2025-09-26 08:30:00,1758893400000,219.08,220.82,218.02,220.0,4937434.0,219.375
2025-09-26 08:45:00,1758894300000,220.01,220.96,219.57,220.82,2582117.0,220.4412
2025-09-26 09:00:00,1758895200000,220.82,221.05,218.9412,219.115,1951611.0,219.7441
2025-09-26 09:15:00,1758896100000,219.11,219.24,218.21,218.915,1379275.0,218.7988
2025-09-26 09:30:00,1758897000000,218.93,219.58,218.5,219.37,1247983.0,219.0885
2025-09-26 09:45:00,1758897900000,219.39,219.5,218.76,219.13,1175194.0,219.0788
2025-09-26 10:00:00,1758898800000,219.125,219.43,218.7,218.75,930769.0,219.0737
2025-09-26 10:15:00,1758899700000,218.76,219.49,218.65,219.44,1081412.0,219.1042
2025-09-26 10:30:00,1758900600000,219.45,219.66,219.067,219.3,1553435.0,219.4854
2025-09-26 10:45:00,1758901500000,219.3,219.5112,219.19,219.325,623817.0,219.3366
2025-09-26 11:00:00,1758902400000,219.32,219.6096,219.18,219.56,691547.0,219.3392
2025-09-26 11:15:00,1758903300000,219.54,220.26,219.455,219.975,1036559.0,219.9495
2025-09-26 11:30:00,1758904200000,219.98,220.105,219.83,220.07,632311.0,219.964
2025-09-26 11:45:00,1758905100000,220.055,220.09,219.69,220.07,707048.0,219.8836
2025-09-26 12:00:00,1758906000000,220.06,220.39,219.9339,220.285,1148285.0,220.21
2025-09-26 12:15:00,1758906900000,220.285,220.48,220.04,220.4,668040.0,220.209
2025-09-26 12:30:00,1758907800000,220.4,220.4,220.01,220.065,548561.0,220.2349
2025-09-26 12:45:00,1758908700000,220.07,220.37,219.97,220.32,916678.0,220.1926
2025-09-26 13:00:00,1758909600000,220.275,220.5,220.03,220.18,719440.0,220.2883
2025-09-26 13:15:00,1758910500000,220.17,220.31,219.95,220.19,723525.0,220.1226
2025-09-26 13:30:00,1758911400000,220.2,220.51,220.03,220.445,616656.0,220.2758
2025-09-26 13:45:00,1758912300000,220.445,220.5,220.2895,220.47,617123.0,220.3921
2025-09-26 14:00:00,1758913200000,220.48,220.5,220.09,220.095,820862.0,220.3509
2025-09-26 14:15:00,1758914100000,220.08,220.62,220.04,220.27,1076252.0,220.3813
2025-09-26 14:30:00,1758915000000,220.26,220.26,220.02,220.0765,1083725.0,220.1267
2025-09-26 14:45:00,1758915900000,220.07,220.15,219.54,219.8,3709435.0,219.8818
2025-09-26 15:00:00,1758916800000,219.78,219.96,219.7101,219.9,631733.0,219.7894
2025-09-26 15:15:00,1758917700000,219.78,220.0,219.78,219.9961,98330.0,219.8143
2025-09-26 15:30:00,1758918600000,219.9982,220.0,219.78,219.93,13408.0,219.9432
2025-09-26 15:45:00,1758919500000,219.95,219.9992,219.78,219.95,37221.0,219.9174
2025-09-26 16:00:00,1758920400000,219.97,220.1,219.95,220.0,70287.0,219.9903
2025-09-26 16:15:00,1758921300000,219.9306,220.15,219.93,220.15,28138.0,220.0321
2025-09-26 16:30:00,1758922200000,220.15,220.18,220.0,220.18,7337.0,220.1042
2025-09-26 16:45:00,1758923100000,220.15,220.4199,220.0503,220.4199,21435.0,220.2518
2025-09-26 17:00:00,1758924000000,220.42,220.55,218.15,220.41,89745.0,219.4192
2025-09-26 17:15:00,1758924900000,220.4,220.4,220.2906,220.38,4771.0,220.3515
2025-09-26 17:30:00,1758925800000,220.35,220.41,220.34,220.3601,1877.0,220.2967
2025-09-26 17:45:00,1758926700000,220.37,220.37,220.26,220.26,6494.0,220.3416
2025-09-26 18:00:00,1758927600000,220.2605,220.35,220.16,220.33,4741.0,220.2577
2025-09-26 18:15:00,1758928500000,220.3,220.33,220.26,220.28,2242.0,220.2987
2025-09-26 18:30:00,1758929400000,220.2996,220.2996,220.2,220.25,10511.0,220.2332
2025-09-26 18:45:00,1758930300000,220.22,220.29,220.21,220.25,11224.0,220.2603
2025-09-29 03:00:00,1759132800000,222.0,223.0,222.0,222.75,55880.0,222.3811
2025-09-29 03:15:00,1759133700000,222.8,222.8,222.49,222.56,17116.0,222.6358
2025-09-29 03:30:00,1759134600000,222.57,222.72,222.49,222.61,13090.0,222.555
2025-09-29 03:45:00,1759135500000,222.59,222.66,222.54,222.65,5635.0,222.6124
2025-09-29 04:00:00,1759136400000,222.54,222.56,222.4,222.4,4437.0,222.4859
2025-09-29 04:15:00,1759137300000,222.43,222.58,222.3,222.55,13159.0,222.4287
2025-09-29 04:30:00,1759138200000,222.49,222.59,222.38,222.57,5806.0,222.499
2025-09-29 04:45:00,1759139100000,222.51,222.51,222.3,222.3,11696.0,222.3597
2025-09-29 05:00:00,1759140000000,222.34,222.45,222.34,222.42,3433.0,222.3967
2025-09-29 05:15:00,1759140900000,222.45,222.57,222.42,222.49,10175.0,222.5154
2025-09-29 05:30:00,1759141800000,222.44,222.74,222.43,222.73,10648.0,222.5993
2025-09-29 05:45:00,1759142700000,222.75,222.8,222.44,222.47,16038.0,222.6326
2025-09-29 06:00:00,1759143600000,222.41,222.49,221.89,222.05,42671.0,222.1732
2025-09-29 06:15:00,1759144500000,222.06,222.08,221.8,221.8,27059.0,221.8952
2025-09-29 06:30:00,1759145400000,221.8,221.8,221.61,221.61,17599.0,221.7055
2025-09-29 06:45:00,1759146300000,221.66,221.92,221.66,221.9,14596.0,221.7992
2025-09-29 07:00:00,1759147200000,222.84,222.84,220.329,221.9496,235183.0,221.932
2025-09-29 07:15:00,1759148100000,221.94,221.9458,221.76,221.84,34562.0,221.8496
2025-09-29 07:30:00,1759149000000,221.81,221.9,221.73,221.75,38236.0,221.8204
2025-09-29 07:45:00,1759149900000,221.75,221.75,221.6118,221.69,33976.0,221.6832
2025-09-29 08:00:00,1759150800000,221.7098,221.75,221.5833,221.63,480112.0,219.9474
2025-09-29 08:15:00,1759151700000,221.63,221.75,220.01,220.04,162800.0,220.7933
2025-09-29 08:30:00,1759152600000,220.08,221.35,219.3,220.745,4173369.0,220.305
2025-09-29 08:45:00,1759153500000,220.74,221.8,220.34,221.49,2050349.0,221.1153
2025-09-29 09:00:00,1759154400000,221.5,222.09,220.9999,221.78,1525698.0,221.5203
2025-09-29 09:15:00,1759155300000,221.79,221.99,221.38,221.4301,1386343.0,221.7009
2025-09-29 09:30:00,1759156200000,221.45,221.54,221.15,221.1925,1129898.0,221.3704
2025-09-29 09:45:00,1759157100000,221.2,221.48,221.075,221.12,921919.0,221.2612
2025-09-29 10:00:00,1759158000000,221.135,221.54,220.82,220.96,973388.0,221.0951
2025-09-29 10:15:00,1759158900000,220.96,220.96,220.55,220.7,914556.0,220.7082
2025-09-29 10:30:00,1759159800000,220.71,221.06,220.65,221.035,664427.0,220.8588
2025-09-29 10:45:00,1759160700000,221.04,221.0603,220.5801,221.02,631747.0,220.8117
2025-09-29 11:00:00,1759161600000,221.0206,221.53,220.95,221.51,591747.0,221.2607
2025-09-29 11:15:00,1759162500000,221.51,221.605,221.24,221.3613,795421.0,221.4175
2025-09-29 11:30:00,1759163400000,221.35,221.7267,221.2701,221.305,1487334.0,221.5783
2025-09-29 11:45:00,1759164300000,221.31,221.36,220.97,221.175,536142.0,221.1738
2025-09-29 12:00:00,1759165200000,221.18,221.3999,220.61,221.055,1174081.0,221.025
2025-09-29 12:15:00,1759166100000,221.04,221.83,220.93,221.77,804800.0,221.314
2025-09-29 12:30:00,1759167000000,221.77,221.8,221.0,221.04,600885.0,221.4759
2025-09-29 12:45:00,1759167900000,221.02,221.27,220.9987,221.13,812919.0,221.1664
2025-09-29 13:00:00,1759168800000,221.135,221.3099,220.92,221.255,759217.0,221.1204
2025-09-29 13:15:00,1759169700000,221.25,221.63,221.19,221.515,822843.0,221.4286
2025-09-29 13:30:00,1759170600000,221.5144,221.95,221.355,221.9201,713982.0,221.5654
2025-09-29 13:45:00,1759171500000,221.92,222.03,221.6401,221.75,770771.0,221.8508
2025-09-29 14:00:00,1759172400000,221.7401,221.82,221.35,221.46,617583.0,221.6414
2025-09-29 14:15:00,1759173300000,221.455,221.88,221.292,221.74,798775.0,221.5888
2025-09-29 14:30:00,1759174200000,221.74,222.03,221.66,221.945,919667.0,221.8629
2025-09-29 14:45:00,1759175100000,221.94,222.6,221.85,222.17,2630901.0,222.098
2025-09-29 15:00:00,1759176000000,222.14,222.2,221.95,222.1,1450446.0,222.1679
2025-09-29 15:15:00,1759176900000,222.1,222.35,222.1,222.3,116271.0,222.171
2025-09-29 15:30:00,1759177800000,222.39,222.39,222.16,222.22,23718.0,222.312
2025-09-29 15:45:00,1759178700000,222.2005,222.2483,222.05,222.07,2244035.0,222.1676
2025-09-29 16:00:00,1759179600000,222.07,222.17,221.76,221.8999,26060.0,221.9831
2025-09-29 16:15:00,1759180500000,221.8014,222.17,221.54,221.5708,164401.0,222.0892
2025-09-29 16:30:00,1759181400000,221.62,222.17,221.6118,221.86,40504.0,221.7892
2025-09-29 16:45:00,1759182300000,221.7136,221.85,221.7136,221.72,3845.0,221.7739
2025-09-29 17:00:00,1759183200000,221.83,221.86,221.72,221.72,3292.0,221.7856
2025-09-29 17:15:00,1759184100000,221.74,221.78,221.55,221.67,10348.0,221.6625
2025-09-29 17:30:00,1759185000000,221.666,221.75,221.6049,221.7124,5621.0,221.6883
2025-09-29 17:45:00,1759185900000,221.72,221.93,221.66,221.89,9573.0,221.8329
2025-09-29 18:00:00,1759186800000,221.9,221.9,221.74,221.8952,3817.0,221.8136
2025-09-29 18:15:00,1759187700000,221.8,221.9287,221.7,221.87,9209.0,221.8096
2025-09-29 18:30:00,1759188600000,221.8001,221.97,221.8001,221.97,5307.0,221.8741
2025-09-29 18:45:00,1759189500000,221.97,222.0,221.93,221.98,11160.0,221.9777
2025-09-30 03:00:00,1759219200000,221.54,222.16,221.54,221.62,21323.0,221.7877
2025-09-30 03:15:00,1759220100000,221.78,222.0,221.78,222.0,8560.0,221.9055
2025-09-30 03:30:00,1759221000000,221.98,222.14,221.86,222.13,6514.0,221.9979
2025-09-30 03:45:00,1759221900000,222.1,222.37,222.1,222.26,10221.0,222.2786
2025-09-30 04:00:00,1759222800000,222.26,222.27,222.01,222.14,6252.0,222.1297
2025-09-30 04:15:00,1759223700000,222.1,222.43,222.08,222.39,5600.0,222.2403
2025-09-30 04:30:00,1759224600000,222.43,222.53,222.34,222.43,10677.0,222.4722
2025-09-30 04:45:00,1759225500000,222.38,222.38,222.23,222.33,5142.0,222.3049
2025-09-30 05:00:00,1759226400000,222.39,222.4,222.22,222.22,1958.0,222.3362
2025-09-30 05:15:00,1759227300000,222.13,222.15,222.04,222.15,3399.0,222.1171
2025-09-30 05:30:00,1759228200000,222.08,222.1,221.86,222.07,6549.0,221.997
2025-09-30 05:45:00,1759229100000,222.14,222.47,222.14,222.16,8568.0,222.2749
2025-09-30 06:00:00,1759230000000,222.11,222.2,222.05,222.14,14370.0,222.1317
2025-09-30 06:15:00,1759230900000,222.09,222.12,222.0,222.12,8412.0,222.039
2025-09-30 06:30:00,1759231800000,222.12,222.23,222.1,222.23,11298.0,222.1787
2025-09-30 06:45:00,1759232700000,222.2,222.23,221.97,222.17,5546.0,222.1048
2025-09-30 07:00:00,1759233600000,222.17,222.48,221.68,222.2,107343.0,222.0994
2025-09-30 07:15:00,1759234500000,222.22,222.38,222.19,222.38,21857.0,222.2756
2025-09-30 07:30:00,1759235400000,222.41,222.43,222.25,222.35,27781.0,222.3347
2025-09-30 07:45:00,1759236300000,222.35,222.36,222.25,222.26,27159.0,222.3293
2025-09-30 08:00:00,1759237200000,222.25,222.29,222.04,222.14,239186.0,222.1703
2025-09-30 08:15:00,1759238100000,222.1492,222.2,221.99,222.04,30632.0,222.0697
2025-09-30 08:30:00,1759239000000,222.03,222.24,219.16,219.8451,3838272.0,220.4986
2025-09-30 08:45:00,1759239900000,219.86,220.2,218.36,218.46,3079303.0,219.0943
2025-09-30 09:00:00,1759240800000,218.435,219.08,217.89,218.58,3159234.0,218.4741
2025-09-30 09:15:00,1759241700000,218.57,219.27,218.47,218.91,1774711.0,219.0347
2025-09-30 09:30:00,1759242600000,218.91,219.23,218.62,219.12,1480812.0,218.9001
2025-09-30 09:45:00,1759243500000,219.138,219.64,219.06,219.6,1515123.0,219.3157
2025-09-30 10:00:00,1759244400000,219.6,219.74,219.28,219.29,1509363.0,219.5035
2025-09-30 10:15:00,1759245300000,219.28,219.48,218.655,218.745,1446628.0,219.1313
2025-09-30 10:30:00,1759246200000,218.735,219.06,218.62,218.76,928931.0,218.8208
2025-09-30 10:45:00,1759247100000,218.78,219.05,218.71,218.885,940503.0,218.8815
2025-09-30 11:00:00,1759248000000,218.885,219.0,218.73,218.985,802338.0,218.8773
2025-09-30 11:15:00,1759248900000,218.99,219.54,218.86,219.33,959943.0,219.206
2025-09-30 11:30:00,1759249800000,219.33,219.54,219.27,219.485,720068.0,219.3877
2025-09-30 11:45:00,1759250700000,219.47,219.475,218.81,218.82,930187.0,219.0771
2025-09-30 12:00:00,1759251600000,218.8125,218.99,218.695,218.9235,680320.0,218.831
2025-09-30 12:15:00,1759252500000,218.93,219.28,218.81,219.26,702970.0,219.0024
2025-09-30 12:30:00,1759253400000,219.26,219.31,218.84,218.887,873391.0,219.1214
2025-09-30 12:45:00,1759254300000,218.87,219.14,218.685,218.75,655864.0,218.9409
2025-09-30 13:00:00,1759255200000,218.75,219.23,218.67,219.19,624350.0,218.9617
2025-09-30 13:15:00,1759256100000,219.1986,219.3,219.0,219.2495,756396.0,219.1497
2025-09-30 13:30:00,1759257000000,219.22,219.27,219.025,219.255,554970.0,219.1381
2025-09-30 13:45:00,1759257900000,219.25,219.45,219.1,219.14,765073.0,219.3111
2025-09-30 14:00:00,1759258800000,219.15,219.4,219.08,219.375,1691689.0,219.2444
2025-09-30 14:15:00,1759259700000,219.39,219.62,219.34,219.5968,1193630.0,219.4551
2025-09-30 14:30:00,1759260600000,219.59,219.87,219.29,219.4399,1281771.0,219.6011
2025-09-30 14:45:00,1759261500000,219.43,220.19,219.415,219.56,5015572.0,219.8297
2025-09-30 15:00:00,1759262400000,219.57,219.57,219.1207,219.1492,1044258.0,219.554
2025-09-30 15:15:00,1759263300000,219.15,219.57,219.0,219.03,51604.0,219.1232
2025-09-30 15:30:00,1759264200000,219.15,219.25,218.8801,218.95,32254.0,219.0217
2025-09-30 15:45:00,1759265100000,218.9511,219.57,218.9511,219.1,47208.0,219.3667
2025-09-30 16:00:00,1759266000000,219.12,219.19,219.08,219.13,9677.0,218.439
2025-09-30 16:15:00,1759266900000,219.14,219.16,219.0804,219.0999,13811.0,218.6547
2025-09-30 16:30:00,1759267800000,219.1,219.1,219.05,219.08,9017.0,219.1225
2025-09-30 16:45:00,1759268700000,219.0701,219.17,219.05,219.17,18770.0,219.0869
2025-09-30 17:00:00,1759269600000,219.17,219.25,219.11,219.1401,15160.0,219.1717
2025-09-30 17:15:00,1759270500000,219.13,219.2,219.13,219.2,13271.0,219.1744
2025-09-30 17:30:00,1759271400000,219.1901,219.26,219.1502,219.1502,11275.0,219.1896
2025-09-30 17:45:00,1759272300000,219.17,219.21,219.07,219.0999,17199.0,219.1356
2025-09-30 18:00:00,1759273200000,219.1,219.18,219.0,219.08,13695.0,219.0737
2025-09-30 18:15:00,1759274100000,219.12,219.17,219.01,219.08,8779.0,219.0684
2025-09-30 18:30:00,1759275000000,219.0698,219.15,219.0,219.03,12136.0,219.032
2025-09-30 18:45:00,1759275900000,219.06,219.0726,218.9222,218.99,21579.0,218.9847
2025-10-01 03:00:00,1759305600000,218.56,218.56,217.34,217.86,25651.0,217.7264
2025-10-01 03:15:00,1759306500000,217.96,217.96,217.59,217.67,7086.0,217.7809
2025-10-01 03:30:00,1759307400000,217.88,218.05,217.73,218.05,12921.0,217.8468
2025-10-01 03:45:00,1759308300000,218.1,218.16,218.0,218.01,8241.0,218.1008
2025-10-01 04:00:00,1759309200000,218.09,218.26,218.09,218.2,9773.0,218.1501
2025-10-01 04:15:00,1759310100000,218.09,218.35,218.05,218.35,8307.0,218.1751
2025-10-01 04:30:00,1759311000000,218.3,218.3,218.18,218.19,4045.0,218.2381
2025-10-01 04:45:00,1759311900000,218.13,218.3,218.1,218.25,7322.0,218.2138
2025-10-01 05:00:00,1759312800000,218.26,218.35,218.16,218.16,7912.0,218.2512
2025-10-01 05:15:00,1759313700000,218.16,218.16,218.1,218.1,2774.0,218.1197
2025-10-01 05:30:00,1759314600000,218.0,218.15,217.8,217.8,7628.0,217.974
2025-10-01 05:45:00,1759315500000,217.9,218.01,217.9,217.99,9249.0,217.9575
2025-10-01 06:00:00,1759316400000,218.0,218.16,217.84,218.12,34084.0,218.0083
2025-10-01 06:15:00,1759317300000,218.15,218.17,218.02,218.06,12662.0,218.0958
2025-10-01 06:30:00,1759318200000,218.03,218.1,217.93,217.98,15711.0,218.0198
2025-10-01 06:45:00,1759319100000,218.06,218.38,218.04,218.27,17413.0,218.1534
2025-10-01 07:00:00,1759320000000,218.0,218.8,216.0,218.67,269803.0,217.9406
2025-10-01 07:15:00,1759320900000,218.66,218.7,218.16,218.32,59997.0,218.4027
2025-10-01 07:30:00,1759321800000,218.3599,218.575,218.11,218.4005,23454.0,218.3539
2025-10-01 07:45:00,1759322700000,218.4,218.5878,218.3,218.3,27775.0,218.4183
2025-10-01 08:00:00,1759323600000,218.33,218.4,218.1,218.2011,52510.0,218.2326
2025-10-01 08:15:00,1759324500000,218.29,219.0,217.25,217.42,224176.0,218.0254
2025-10-01 08:30:00,1759325400000,217.36,219.83,216.61,219.29,4634849.0,218.3289
2025-10-01 08:45:00,1759326300000,219.29,219.62,218.09,218.81,2082878.0,218.6588
2025-10-01 09:00:00,1759327200000,218.79,220.08,218.67,219.74,1867038.0,219.7158
2025-10-01 09:15:00,1759328100000,219.745,220.2,219.38,219.43,1538540.0,219.7736
2025-10-01 09:30:00,1759329000000,219.4406,219.525,218.89,218.9751,1249071.0,219.2416
2025-10-01 09:45:00,1759329900000,218.98,219.8,218.94,219.69,1009446.0,219.3538
2025-10-01 10:00:00,1759330800000,219.68,219.97,219.36,219.42,1287232.0,219.6747
2025-10-01 10:15:00,1759331700000,219.4219,219.5064,219.12,219.24,1132687.0,219.3393
2025-10-01 10:30:00,1759332600000,219.25,220.6,219.24,220.6,1602178.0,219.9749
2025-10-01 10:45:00,1759333500000,220.6,221.06,220.39,220.7263,1646309.0,220.7442
2025-10-01 11:00:00,1759334400000,220.72,221.5,220.61,220.965,1273671.0,221.0674
2025-10-01 11:15:00,1759335300000,220.96,221.25,220.86,221.15,915058.0,221.0479
2025-10-01 11:30:00,1759336200000,221.16,221.1856,220.86,220.93,794555.0,221.0094
2025-10-01 11:45:00,1759337100000,220.9285,221.26,220.86,220.96,942397.0,221.0522
2025-10-01 12:00:00,1759338000000,220.96,221.86,220.94,221.75,1205633.0,221.5842
2025-10-01 12:15:00,1759338900000,221.74,222.055,221.38,221.55,846656.0,221.7006
2025-10-01 12:30:00,1759339800000,221.54,221.84,221.31,221.6887,663026.0,221.6154
2025-10-01 12:45:00,1759340700000,221.69,221.8586,221.38,221.42,607615.0,221.6433
2025-10-01 13:00:00,1759341600000,221.43,221.6999,221.32,221.5949,770788.0,221.5132
2025-10-01 13:15:00,1759342500000,221.59,222.15,221.59,221.96,863411.0,221.874
2025-10-01 13:30:00,1759343400000,221.955,222.05,221.86,221.965,613272.0,221.9623
2025-10-01 13:45:00,1759344300000,221.96,222.0185,221.845,221.93,1137448.0,221.947
2025-10-01 14:00:00,1759345200000,221.93,222.02,221.355,221.48,745745.0,221.7586
2025-10-01 14:15:00,1759346100000,221.48,221.49,220.72,220.875,1205715.0,220.9445
2025-10-01 14:30:00,1759347000000,220.88,220.88,220.34,220.44,1118216.0,220.6997
2025-10-01 14:45:00,1759347900000,220.435,220.87,219.93,220.6,2944296.0,220.4878
2025-10-01 15:00:00,1759348800000,220.63,220.77,220.2933,220.6,702513.0,220.6261
2025-10-01 15:15:00,1759349700000,220.62,220.62,220.5001,220.5001,15070.0,220.5728
2025-10-01 15:30:00,1759350600000,220.51,220.81,220.51,220.79,20513.0,220.7086
2025-10-01 15:45:00,1759351500000,220.79,220.79,220.6028,220.74,11715.0,220.6852
2025-10-01 16:00:00,1759352400000,220.7399,220.7399,220.6028,220.6506,5295.0,220.6487
2025-10-01 16:15:00,1759353300000,220.67,220.74,220.62,220.67,5941.0,220.6818
2025-10-01 16:30:00,1759354200000,220.67,220.74,220.67,220.73,2779.0,220.7215
2025-10-01 16:45:00,1759355100000,220.72,220.85,220.68,220.77,8732.0,220.7972
2025-10-01 17:00:00,1759356000000,220.79,221.03,220.79,221.03,12373.0,220.9291
2025-10-01 17:15:00,1759356900000,221.0,221.03,220.99,221.03,5429.0,221.0003
2025-10-01 17:30:00,1759357800000,221.0,221.03,220.63,221.0109,11198.0,220.8072
2025-10-01 17:45:00,1759358700000,221.0111,221.0575,221.0,221.0385,7895.0,221.0112
2025-10-01 18:00:00,1759359600000,221.05,221.08,221.0,221.0,3989.0,221.0424
2025-10-01 18:15:00,1759360500000,221.03,221.04,221.0,221.02,8807.0,221.0056
2025-10-01 18:30:00,1759361400000,221.02,221.02,220.864,220.98,8523.0,220.9541
2025-10-01 18:45:00,1759362300000,221.0199,221.06,220.88,220.99,7816.0,220.9919
2025-10-02 03:00:00,1759392000000,221.75,221.91,221.1,221.74,31479.0,221.5901
2025-10-02 03:15:00,1759392900000,221.64,221.93,221.58,221.68,13353.0,221.724
2025-10-02 03:30:00,1759393800000,221.56,221.74,221.56,221.7,5326.0,221.6591
2025-10-02 03:45:00,1759394700000,221.6,221.66,221.51,221.55,4980.0,221.5947
2025-10-02 04:00:00,1759395600000,221.52,221.52,221.25,221.25,10649.0,221.4107
2025-10-02 04:15:00,1759396500000,221.33,221.43,221.24,221.3,9116.0,221.3215
2025-10-02 04:30:00,1759397400000,221.24,221.24,221.01,221.18,13622.0,221.1257
2025-10-02 04:45:00,1759398300000,221.27,221.33,221.21,221.31,10453.0,221.2757
2025-10-02 05:00:00,1759399200000,221.3,221.53,221.09,221.09,14880.0,221.2659
2025-10-02 05:15:00,1759400100000,221.21,221.24,221.01,221.16,10471.0,221.1146
2025-10-02 05:30:00,1759401000000,221.15,221.15,221.0,221.0,9440.0,221.0668
2025-10-02 05:45:00,1759401900000,221.07,221.26,221.0,221.22,7320.0,221.1458
2025-10-02 06:00:00,1759402800000,221.2,221.3,221.1,221.3,17664.0,221.1758
2025-10-02 06:15:00,1759403700000,221.3,221.4,221.3,221.36,13761.0,221.3524
2025-10-02 06:30:00,1759404600000,221.38,221.4,221.21,221.4,7662.0,221.3239
2025-10-02 06:45:00,1759405500000,221.38,221.52,221.32,221.52,14005.0,221.4084
2025-10-02 07:00:00,1759406400000,221.14,221.9,221.06,221.7896,166603.0,221.4402
2025-10-02 07:15:00,1759407300000,221.77,221.99,220.63,221.8014,46683.0,221.8426
2025-10-02 07:30:00,1759408200000,221.88,221.88,221.64,221.67,55989.0,221.7688
2025-10-02 07:45:00,1759409100000,221.7025,221.8177,221.65,221.8,28744.0,221.7283
2025-10-02 08:00:00,1759410000000,221.767,221.82,221.5,221.6,77350.0,221.6307
2025-10-02 08:15:00,1759410900000,221.61,221.8,221.06,221.06,127959.0,221.4142
2025-10-02 08:30:00,1759411800000,221.01,221.26,218.945,219.6,4338228.0,219.9142
2025-10-02 08:45:00,1759412700000,219.6,219.91,219.09,219.685,2087620.0,219.5633
2025-10-02 09:00:00,1759413600000,219.68,220.39,219.11,220.24,2221048.0,219.7754
2025-10-02 09:15:00,1759414500000,220.2386,220.88,219.77,220.6901,1587396.0,220.4011
2025-10-02 09:30:00,1759415400000,220.695,220.84,220.27,220.4,1334892.0,220.5463
2025-10-02 09:45:00,1759416300000,220.3768,220.44,219.88,220.18,1028850.0,220.1059
2025-10-02 10:00:00,1759417200000,220.195,220.79,219.985,220.67,1283071.0,220.4033
2025-10-02 10:15:00,1759418100000,220.66,220.8399,220.33,220.53,1070112.0,220.613
2025-10-02 10:30:00,1759419000000,220.52,221.03,220.32,220.72,1154768.0,220.6661
2025-10-02 10:45:00,1759419900000,220.72,221.61,220.59,221.43,1195077.0,221.1079
2025-10-02 11:00:00,1759420800000,221.429,221.44,221.1,221.4113,784233.0,221.3321
2025-10-02 11:15:00,1759421700000,221.42,222.36,221.4125,222.29,1455638.0,221.8878
2025-10-02 11:30:00,1759422600000,222.28,222.3997,222.03,222.09,1142885.0,222.2054
2025-10-02 11:45:00,1759423500000,222.09,222.25,221.87,222.0056,826654.0,222.025
2025-10-02 12:00:00,1759424400000,222.0,222.71,221.76,222.67,1097820.0,222.2111
2025-10-02 12:15:00,1759425300000,222.6699,222.6699,222.27,222.47,785579.0,222.4612
2025-10-02 12:30:00,1759426200000,222.4744,222.81,222.38,222.5,900907.0,222.5878
2025-10-02 12:45:00,1759427100000,222.495,222.55,222.2309,222.25,704463.0,222.3616
2025-10-02 13:00:00,1759428000000,222.24,222.48,222.17,222.2599,849699.0,222.2762
2025-10-02 13:15:00,1759428900000,222.245,222.245,221.94,221.97,838386.0,222.066
2025-10-02 13:30:00,1759429800000,221.97,222.1452,221.84,221.99,920590.0,221.9902
2025-10-02 13:45:00,1759430700000,221.985,222.37,221.89,222.29,817079.0,222.132
2025-10-02 14:00:00,1759431600000,222.275,222.3,221.96,222.0651,861855.0,222.0881
2025-10-02 14:15:00,1759432500000,222.06,222.12,221.79,221.915,844844.0,221.9692
2025-10-02 14:30:00,1759433400000,221.91,222.005,221.5303,221.67,1128551.0,221.7275
2025-10-02 14:45:00,1759434300000,221.68,222.5,221.35,222.41,3030671.0,222.0941
2025-10-02 15:00:00,1759435200000,222.41,222.5,221.641,222.2,508061.0,222.4032
2025-10-02 15:15:00,1759436100000,222.2,222.41,222.12,222.17,12651.0,222.2117
2025-10-02 15:30:00,1759437000000,222.2,222.41,222.036,222.41,18978.0,222.2886
2025-10-02 15:45:00,1759437900000,222.12,222.25,222.085,222.25,10864.0,222.1003
2025-10-02 16:00:00,1759438800000,222.2,222.2,222.07,222.17,6227.0,222.5865
2025-10-02 16:15:00,1759439700000,222.15,222.18,222.0899,222.1733,5611.0,222.0768
2025-10-02 16:30:00,1759440600000,222.0993,222.16,222.0,222.01,11541.0,222.0644
2025-10-02 16:45:00,1759441500000,222.41,222.41,222.01,222.1596,2704.0,222.1747
2025-10-02 17:00:00,1759442400000,222.16,222.16,222.0243,222.0243,3114.0,222.0838
2025-10-02 17:15:00,1759443300000,222.16,222.16,222.05,222.09,14158.0,222.1443
2025-10-02 17:30:00,1759444200000,222.01,222.18,221.99,222.0037,9339.0,222.0208
2025-10-02 17:45:00,1759445100000,222.09,222.18,222.09,222.15,6633.0,222.1378
2025-10-02 18:00:00,1759446000000,222.1015,222.18,222.0809,222.0809,3102.0,222.1488
2025-10-02 18:15:00,1759446900000,222.1005,222.22,222.1001,222.21,7076.0,222.1694
2025-10-02 18:30:00,1759447800000,222.2118,222.25,222.0945,222.25,5393.0,222.2233
2025-10-02 18:45:00,1759448700000,222.2792,222.3,222.1933,222.2998,12096.0,222.2734
2025-10-03 03:00:00,1759478400000,223.0,223.36,222.97,223.33,16879.0,223.1608
2025-10-03 03:15:00,1759479300000,223.24,223.32,223.14,223.3,8536.0,223.24
2025-10-03 03:30:00,1759480200000,223.32,223.48,223.22,223.32,7638.0,223.3237
2025-10-03 03:45:00,1759481100000,223.4,223.4,223.26,223.31,4201.0,223.3364
2025-10-03 04:00:00,1759482000000,223.26,223.3,223.22,223.3,3692.0,223.2723
2025-10-03 04:15:00,1759482900000,223.33,223.56,223.26,223.56,18228.0,223.4124
2025-10-03 04:30:00,1759483800000,223.6,223.88,223.6,223.67,19784.0,223.7421
2025-10-03 04:45:00,1759484700000,223.74,223.94,223.67,223.91,22660.0,223.8103
2025-10-03 05:00:00,1759485600000,223.95,224.01,223.8,224.0,15365.0,223.9604
2025-10-03 05:15:00,1759486500000,223.94,224.38,223.94,224.25,19027.0,224.1708
2025-10-03 05:30:00,1759487400000,224.28,224.3,224.1,224.12,15577.0,224.2324
2025-10-03 05:45:00,1759488300000,224.1,224.24,223.8,223.83,16870.0,223.9764
2025-10-03 06:00:00,1759489200000,223.84,223.87,223.37,223.62,48084.0,223.6008
2025-10-03 06:15:00,1759490100000,223.65,223.65,223.3,223.4,15324.0,223.4443
2025-10-03 06:30:00,1759491000000,223.33,223.42,223.27,223.41,10422.0,223.3633
2025-10-03 06:45:00,1759491900000,223.4,223.55,223.3,223.3,17735.0,223.4211
2025-10-03 07:00:00,1759492800000,223.18,224.38,222.69,223.3,298140.0,222.9524
2025-10-03 07:15:00,1759493700000,223.26,223.3932,223.21,223.38,27846.0,223.2987
2025-10-03 07:30:00,1759494600000,223.4,223.4,223.3,223.3,40213.0,223.3415
2025-10-03 07:45:00,1759495500000,223.3004,223.32,223.06,223.23,47420.0,223.2301
2025-10-03 08:00:00,1759496400000,223.21,223.4,223.04,223.2991,47769.0,223.2231
2025-10-03 08:15:00,1759497300000,223.3,223.9,223.2,223.38,75481.0,223.471
2025-10-03 08:30:00,1759498200000,223.44,224.2,222.3801,222.69,3510666.0,223.2716
2025-10-03 08:45:00,1759499100000,222.68,223.825,222.65,223.78,1783911.0,223.295
2025-10-03 09:00:00,1759500000000,223.79,223.83,222.41,222.67,2214975.0,222.8953
2025-10-03 09:15:00,1759500900000,222.67,223.595,222.63,223.49,1587026.0,223.2168
2025-10-03 09:30:00,1759501800000,223.48,223.643,222.655,222.734,1597521.0,223.0346
2025-10-03 09:45:00,1759502700000,222.74,223.0,222.72,222.79,813236.0,222.863
2025-10-03 10:00:00,1759503600000,222.8,223.0,222.595,222.831,814387.0,222.829
2025-10-03 10:15:00,1759504500000,222.82,222.9003,222.435,222.5863,890015.0,222.6731
2025-10-03 10:30:00,1759505400000,222.585,222.9,222.55,222.9,1015883.0,222.7246
2025-10-03 10:45:00,1759506300000,222.8898,223.04,222.66,222.69,976940.0,222.898
2025-10-03 11:00:00,1759507200000,222.68,223.0,222.68,222.9437,844860.0,222.8435
2025-10-03 11:15:00,1759508100000,222.95,222.955,222.11,222.1801,1247516.0,222.4264
2025-10-03 11:30:00,1759509000000,222.1885,222.4152,221.95,222.295,1213570.0,222.1462
2025-10-03 11:45:00,1759509900000,222.29,222.39,222.02,222.05,828321.0,222.1931
2025-10-03 12:00:00,1759510800000,222.05,222.07,220.73,221.415,1875200.0,221.2521
2025-10-03 12:15:00,1759511700000,221.41,221.415,220.38,220.39,1343809.0,220.7748
2025-10-03 12:30:00,1759512600000,220.38,220.59,220.14,220.37,1045715.0,220.3664
2025-10-03 12:45:00,1759513500000,220.37,220.665,219.799,220.291,1385623.0,220.2003
2025-10-03 13:00:00,1759514400000,220.285,220.35,219.85,220.03,959331.0,220.0969
2025-10-03 13:15:00,1759515300000,220.015,220.4295,219.91,220.2131,1634951.0,220.1278
2025-10-03 13:30:00,1759516200000,220.235,220.28,219.56,219.58,1232633.0,219.8198
2025-10-03 13:45:00,1759517100000,219.58,219.875,219.47,219.7299,1060130.0,219.6655
2025-10-03 14:00:00,1759518000000,219.73,219.9398,219.63,219.72,1558703.0,219.7482
2025-10-03 14:15:00,1759518900000,219.725,219.82,219.59,219.65,1004823.0,219.7022
2025-10-03 14:30:00,1759519800000,219.66,219.8,219.49,219.75,1431443.0,219.6352
2025-10-03 14:45:00,1759520700000,219.75,219.975,219.34,219.49,3293514.0,219.627
2025-10-03 15:00:00,1759521600000,219.51,219.9,219.47,219.79,650107.0,219.5397
2025-10-03 15:15:00,1759522500000,219.76,219.82,219.7,219.8,41700.0,219.7681
2025-10-03 15:30:00,1759523400000,219.8,219.85,219.51,219.75,32089.0,219.7884
2025-10-03 15:45:00,1759524300000,219.76,219.82,219.51,219.78,29723.0,219.6586
2025-10-03 16:00:00,1759525200000,219.78,219.8093,219.75,219.8,8931.0,219.789
2025-10-03 16:15:00,1759526100000,219.81,219.85,219.64,219.77,20172.0,219.7794
2025-10-03 16:30:00,1759527000000,219.74,219.85,219.6372,219.76,6918.0,219.6968
2025-10-03 16:45:00,1759527900000,219.81,219.84,219.76,219.81,8984.0,219.7811
2025-10-03 17:00:00,1759528800000,219.82,219.87,219.81,219.85,7210.0,219.8281
2025-10-03 17:15:00,1759529700000,219.8578,219.8997,219.8149,219.85,6089.0,219.8655
2025-10-03 17:30:00,1759530600000,219.85,219.91,219.85,219.88,9114.0,219.8719
2025-10-03 17:45:00,1759531500000,219.88,219.9,219.87,219.89,8612.0,219.8839
2025-10-03 18:00:00,1759532400000,219.9,219.91,219.8501,219.87,4645.0,219.8909
2025-10-03 18:15:00,1759533300000,219.86,219.9,219.81,219.9,8940.0,219.8547
2025-10-03 18:30:00,1759534200000,219.87,219.88,219.75,219.86,7804.0,219.8128
2025-10-03 18:45:00,1759535100000,219.82,219.87,219.7,219.807,15442.0,219.7744
2025-10-06 03:00:00,1759737600000,220.73,221.05,220.73,220.95,16647.0,220.9562
2025-10-06 03:15:00,1759738500000,220.98,221.05,220.89,220.95,11741.0,220.9657
2025-10-06 03:30:00,1759739400000,220.88,221.0,220.83,220.95,8698.0,220.9161
2025-10-06 03:45:00,1759740300000,220.97,220.98,220.88,220.95,3560.0,220.934
2025-10-06 04:00:00,1759741200000,220.94,221.01,220.94,221.01,3786.0,220.9706
2025-10-06 04:15:00,1759742100000,221.1,221.2,221.1,221.13,3265.0,221.1411
2025-10-06 04:30:00,1759743000000,221.1,221.15,221.02,221.1,5428.0,221.0971
2025-10-06 04:45:00,1759743900000,221.05,221.05,221.0,221.04,2265.0,221.0244
2025-10-06 05:00:00,1759744800000,221.17,221.2,221.17,221.18,1997.0,221.1901
2025-10-06 05:15:00,1759745700000,221.07,221.1,221.0,221.0,3164.0,221.032
2025-10-06 05:45:00,1759747500000,221.04,221.4,221.02,221.24,10597.0,221.2313
2025-10-06 06:00:00,1759748400000,221.17,221.19,220.9,220.99,45733.0,220.9923
2025-10-06 06:15:00,1759749300000,220.94,221.0,220.9,220.98,19814.0,220.9545
2025-10-06 06:30:00,1759750200000,220.94,221.1,220.86,221.04,27615.0,220.9687
2025-10-06 06:45:00,1759751100000,221.05,221.2,221.05,221.2,15837.0,221.1375
2025-10-06 07:00:00,1759752000000,221.01,221.4,220.55,221.0881,193145.0,221.0043
2025-10-06 07:15:00,1759752900000,221.0,221.0353,220.8,220.85,38288.0,220.9163
2025-10-06 07:30:00,1759753800000,220.8,220.9,220.5,220.6,50420.0,220.6688
2025-10-06 07:45:00,1759754700000,220.61,220.73,220.4007,220.49,111600.0,220.5281
2025-10-06 08:00:00,1759755600000,220.49,220.68,220.3303,220.67,59499.0,220.4885
2025-10-06 08:15:00,1759756500000,220.68,221.38,220.3775,220.98,75621.0,220.8407
2025-10-06 08:30:00,1759757400000,221.0,221.01,216.03,216.265,5446010.0,218.2552
2025-10-06 08:45:00,1759758300000,216.28,218.46,216.1801,218.3,3421361.0,217.273
2025-10-06 09:00:00,1759759200000,218.3,218.97,217.96,218.47,2163825.0,218.4269
2025-10-06 09:15:00,1759760100000,218.49,218.66,217.965,218.33,1310492.0,218.2983
2025-10-06 09:30:00,1759761000000,218.33,218.73,218.28,218.63,1056382.0,218.5303
2025-10-06 09:45:00,1759761900000,218.63,219.07,218.505,218.99,1442797.0,218.8089
2025-10-06 10:00:00,1759762800000,218.985,219.115,218.53,218.565,1387154.0,218.8692
2025-10-06 10:15:00,1759763700000,218.5657,219.16,218.52,219.12,922161.0,218.8342
2025-10-06 10:30:00,1759764600000,219.12,219.44,219.05,219.44,922477.0,219.2422
2025-10-06 10:45:00,1759765500000,219.4374,220.36,219.4355,220.16,1518572.0,220.0087
2025-10-06 11:00:00,1759766400000,220.17,220.435,219.85,220.055,1015619.0,220.1884
2025-10-06 11:15:00,1759767300000,220.065,220.085,219.34,219.605,912013.0,219.6586
2025-10-06 11:30:00,1759768200000,219.6,219.795,219.55,219.795,559047.0,219.6726
2025-10-06 11:45:00,1759769100000,219.7907,220.0659,219.74,220.01,678229.0,219.9466
2025-10-06 12:00:00,1759770000000,220.0,220.23,219.8922,220.165,749225.0,220.069
2025-10-06 12:15:00,1759770900000,220.17,220.5655,220.09,220.24,790262.0,220.3294
2025-10-06 12:30:00,1759771800000,220.25,220.74,220.23,220.49,1057990.0,220.4604
2025-10-06 12:45:00,1759772700000,220.51,220.99,220.4101,220.9501,859252.0,220.784
2025-10-06 13:00:00,1759773600000,220.955,220.955,220.58,220.795,855485.0,220.7903
2025-10-06 13:15:00,1759774500000,220.8,221.19,220.71,221.17,910991.0,220.9283
2025-10-06 13:30:00,1759775400000,221.175,221.71,221.155,221.64,1426617.0,221.486
2025-10-06 13:45:00,1759776300000,221.63,221.69,221.1903,221.36,1030620.0,221.3663
2025-10-06 14:00:00,1759777200000,221.37,221.73,221.25,221.36,971353.0,221.4431
2025-10-06 14:15:00,1759778100000,221.365,221.3899,220.675,220.69,1097341.0,220.9301
2025-10-06 14:30:00,1759779000000,220.68,221.1,220.6116,221.06,1088814.0,220.8109
2025-10-06 14:45:00,1759779900000,221.05,221.15,220.73,220.89,2942409.0,220.8746
2025-10-06 15:00:00,1759780800000,220.9,221.15,220.75,221.1175,624805.0,220.8955
2025-10-06 15:15:00,1759781700000,221.1,221.14,221.0252,221.1,28090.0,221.115
2025-10-06 15:30:00,1759782600000,221.1,221.1,220.9,221.04,15593.0,221.0157
2025-10-06 15:45:00,1759783500000,221.0025,221.1,221.0,221.1,24040.0,220.9851
2025-10-06 16:00:00,1759784400000,221.06,221.1862,221.0,221.1,22253.0,220.8741
2025-10-06 16:15:00,1759785300000,221.09,221.15,221.0183,221.05,6536.0,220.1927
2025-10-06 16:30:00,1759786200000,221.14,221.14,221.0,221.0011,16173.0,221.0252
2025-10-06 16:45:00,1759787100000,221.0069,221.1,221.0,221.0522,8129.0,221.0342
2025-10-06 17:00:00,1759788000000,221.0519,221.1,221.03,221.05,6656.0,221.0703
2025-10-06 17:15:00,1759788900000,221.0782,221.08,221.03,221.0698,6505.0,221.0537
2025-10-06 17:30:00,1759789800000,221.04,221.05,220.6124,220.74,15516.0,220.8927
2025-10-06 17:45:00,1759790700000,220.75,220.86,220.52,220.6753,16783.0,220.7382
2025-10-06 18:00:00,1759791600000,220.65,220.8,220.51,220.65,14496.0,220.686
2025-10-06 18:15:00,1759792500000,220.8,220.8,220.55,220.68,7071.0,220.6515
2025-10-06 18:30:00,1759793400000,220.5817,220.7793,220.5617,220.63,7879.0,220.6508
2025-10-06 18:45:00,1759794300000,220.6,220.7516,220.55,220.7,17239.0,220.6357
2025-10-07 03:00:00,1759824000000,220.9,220.9,220.5,220.5,4644.0,220.6871
2025-10-07 03:15:00,1759824900000,220.61,220.61,220.55,220.55,915.0,220.5929
2025-10-07 03:30:00,1759825800000,220.59,220.59,220.59,220.59,384.0,220.5895
2025-10-07 03:45:00,1759826700000,220.77,220.86,220.77,220.86,1172.0,220.805
2025-10-07 04:00:00,1759827600000,220.89,221.36,220.89,221.36,8854.0,221.119
2025-10-07 04:15:00,1759828500000,221.36,221.36,221.22,221.25,1941.0,221.26
2025-10-07 04:30:00,1759829400000,221.33,221.33,221.2,221.2,5066.0,221.2652
2025-10-07 04:45:00,1759830300000,221.14,221.17,221.09,221.09,1559.0,221.1055
2025-10-07 05:00:00,1759831200000,221.04,221.46,221.04,221.46,12127.0,221.2201
2025-10-07 05:15:00,1759832100000,221.33,221.39,221.2,221.34,7169.0,221.3091
2025-10-07 05:30:00,1759833000000,221.3,221.35,221.2,221.2,9811.0,221.2636
2025-10-07 05:45:00,1759833900000,221.25,221.3,221.25,221.3,6128.0,221.2809
2025-10-07 06:00:00,1759834800000,221.3,221.33,221.19,221.19,8030.0,221.2614
2025-10-07 06:15:00,1759835700000,221.1,221.33,221.1,221.32,10666.0,221.2274
2025-10-07 06:30:00,1759836600000,221.3,221.3,221.09,221.09,14132.0,221.2571
2025-10-07 06:45:00,1759837500000,221.08,221.3,221.07,221.3,6005.0,221.1693
2025-10-07 07:00:00,1759838400000,220.53,221.43,220.53,221.29,118373.0,221.1407
2025-10-07 07:15:00,1759839300000,221.37,221.4,221.3,221.3975,26907.0,221.3815
2025-10-07 07:30:00,1759840200000,221.36,221.5,221.35,221.4999,22180.0,221.4493
2025-10-07 07:45:00,1759841100000,221.49,221.65,221.45,221.5551,36186.0,221.4524
2025-10-07 08:00:00,1759842000000,221.6,221.76,220.9,221.35,51318.0,221.6142
2025-10-07 08:15:00,1759842900000,221.41,221.9,220.83,220.83,118838.0,221.3771
2025-10-07 08:30:00,1759843800000,220.88,222.89,220.17,221.34,3641157.0,221.4921
2025-10-07 08:45:00,1759844700000,221.33,221.46,220.7318,221.06,1770302.0,221.0657
2025-10-07 09:00:00,1759845600000,221.08,221.77,220.67,221.535,1371744.0,221.2348
2025-10-07 09:15:00,1759846500000,221.535,221.95,221.23,221.467,851977.0,221.5953
2025-10-07 09:30:00,1759847400000,221.47,222.36,221.47,222.345,1427041.0,221.9631
2025-10-07 09:45:00,1759848300000,222.3597,222.36,221.6799,221.86,1026359.0,221.9962
2025-10-07 10:00:00,1759849200000,221.87,221.99,220.8,221.2766,1312217.0,221.2638
2025-10-07 10:15:00,1759850100000,221.26,221.4815,220.85,221.25,1129294.0,221.1795
2025-10-07 10:30:00,1759851000000,221.23,221.38,220.92,221.14,936743.0,221.1234
2025-10-07 10:45:00,1759851900000,221.15,221.205,220.4,220.69,1042921.0,220.7506
2025-10-07 11:00:00,1759852800000,220.7,221.12,220.51,220.68,695248.0,220.8047
2025-10-07 11:15:00,1759853700000,220.67,221.13,220.5,221.09,573754.0,220.8119
2025-10-07 11:30:00,1759854600000,221.08,221.525,220.94,221.0255,733400.0,221.2574
2025-10-07 11:45:00,1759855500000,221.02,221.1,220.45,220.5771,646343.0,220.6764
2025-10-07 12:00:00,1759856400000,220.59,221.03,220.5,220.97,529718.0,220.7937
2025-10-07 12:15:00,1759857300000,220.965,221.2266,220.965,221.18,510582.0,221.0945
2025-10-07 12:30:00,1759858200000,221.17,221.185,220.67,220.9131,418781.0,220.8843
2025-10-07 12:45:00,1759859100000,220.92,221.07,220.7,220.73,468254.0,220.9031
2025-10-07 13:00:00,1759860000000,220.73,221.2,220.54,221.15,540498.0,220.8796
2025-10-07 13:15:00,1759860900000,221.15,221.34,221.04,221.14,565565.0,221.2005
2025-10-07 13:30:00,1759861800000,221.14,221.33,220.955,221.05,478050.0,221.1425
2025-10-07 13:45:00,1759862700000,221.046,221.28,221.0,221.235,475796.0,221.1151
2025-10-07 14:00:00,1759863600000,221.23,221.46,220.985,221.285,693186.0,221.1918
2025-10-07 14:15:00,1759864500000,221.29,221.35,221.15,221.2,546073.0,221.2593
2025-10-07 14:30:00,1759865400000,221.2,221.73,221.19,221.695,903115.0,221.4589
2025-10-07 14:45:00,1759866300000,221.7,222.02,221.62,221.8,2127151.0,221.7789
2025-10-07 15:00:00,1759867200000,221.78,222.0,221.71,221.85,1380872.0,221.7821
2025-10-07 15:15:00,1759868100000,221.7892,221.82,221.72,221.7493,12805.0,221.7766
2025-10-07 15:30:00,1759869000000,221.75,221.8,221.72,221.78,44799.0,221.777
2025-10-07 15:45:00,1759869900000,221.77,221.8,221.72,221.76,101060.0,221.7779
2025-10-07 16:00:00,1759870800000,221.7892,221.79,221.73,221.75,5901.0,221.6564
2025-10-07 16:15:00,1759871700000,221.75,221.75,221.7,221.7007,11564.0,221.6921
2025-10-07 16:30:00,1759872600000,221.71,221.77,221.61,221.645,10323.0,221.6815
2025-10-07 16:45:00,1759873500000,221.73,221.77,221.6329,221.6329,5005.0,221.6864
2025-10-07 17:00:00,1759874400000,221.72,221.75,221.71,221.71,7434.0,221.7403
2025-10-07 17:15:00,1759875300000,221.71,221.76,221.6456,221.6456,8909.0,221.7249
2025-10-07 17:30:00,1759876200000,221.72,221.76,221.64,221.76,2425.0,221.7125
2025-10-07 17:45:00,1759877100000,221.7532,221.8,221.62,221.65,7556.0,221.749
2025-10-07 18:00:00,1759878000000,221.7107,221.76,221.5,221.5189,4824.0,221.6023
2025-10-07 18:15:00,1759878900000,221.5006,221.54,221.33,221.42,5533.0,221.4657
2025-10-07 18:30:00,1759879800000,221.4,221.51,221.4,221.5,5384.0,221.4872
2025-10-07 18:45:00,1759880700000,221.52,221.7,221.52,221.61,10146.0,221.6248
2025-10-08 03:00:00,1759910400000,222.09,222.25,222.0,222.25,7317.0,222.1218
2025-10-08 03:15:00,1759911300000,222.22,222.26,222.2,222.26,8608.0,222.2362
2025-10-08 03:30:00,1759912200000,222.28,222.28,222.21,222.25,1855.0,222.2501
2025-10-08 03:45:00,1759913100000,222.27,222.3,222.0,222.11,4859.0,222.1632
2025-10-08 04:00:00,1759914000000,222.06,222.34,222.06,222.25,4431.0,222.2383
2025-10-08 04:15:00,1759914900000,222.25,222.7,222.23,222.62,28114.0,222.4815
2025-10-08 04:30:00,1759915800000,222.66,223.2,222.66,223.0,29266.0,222.8661
2025-10-08 04:45:00,1759916700000,222.87,223.1,222.61,222.75,16214.0,222.8984
2025-10-08 05:00:00,1759917600000,222.73,223.0,222.58,222.58,11815.0,222.8437
2025-10-08 05:15:00,1759918500000,222.7,222.75,222.6,222.6,3873.0,222.6742
2025-10-08 05:30:00,1759919400000,222.59,223.3,222.59,223.3,23798.0,222.9889
2025-10-08 05:45:00,1759920300000,223.35,223.54,223.18,223.18,26647.0,223.386
2025-10-08 06:00:00,1759921200000,223.11,223.16,222.7,222.78,37741.0,222.9429
2025-10-08 06:15:00,1759922100000,222.77,223.39,222.72,223.1,42044.0,223.0617
2025-10-08 06:30:00,1759923000000,223.16,223.3,223.14,223.25,24488.0,223.1988
2025-10-08 06:45:00,1759923900000,223.35,223.86,223.24,223.7,56360.0,223.5804
2025-10-08 07:00:00,1759924800000,222.61,223.83,221.67,223.21,193073.0,222.9723
2025-10-08 07:15:00,1759925700000,223.26,223.7,223.14,223.4009,51655.0,223.4905
2025-10-08 07:30:00,1759926600000,223.4058,223.49,223.0,223.2,57055.0,223.2578
2025-10-08 07:45:00,1759927500000,223.2,223.3,223.0118,223.2,34300.0,223.1918
2025-10-08 08:00:00,1759928400000,223.28,223.4,223.02,223.0312,39655.0,223.2738
2025-10-08 08:15:00,1759929300000,223.03,223.2657,222.81,222.91,66366.0,222.9809
2025-10-08 08:30:00,1759930200000,222.92,223.41,221.19,221.42,3559182.0,222.3072
2025-10-08 08:45:00,1759931100000,221.41,222.255,221.339,222.205,1842278.0,221.8245
2025-10-08 09:00:00,1759932000000,222.22,222.98,221.91,222.905,1839937.0,222.4927
2025-10-08 09:15:00,1759932900000,222.875,223.48,222.82,223.185,1637909.0,223.1657
2025-10-08 09:30:00,1759933800000,223.18,223.74,223.09,223.55,1486601.0,223.4525
2025-10-08 09:45:00,1759934700000,223.56,224.37,223.3364,223.58,2038924.0,223.8717
2025-10-08 10:00:00,1759935600000,223.57,224.2,223.54,223.86,1055458.0,223.9154
2025-10-08 10:15:00,1759936500000,223.86,224.133,223.59,223.98,931699.0,223.8216
2025-10-08 10:30:00,1759937400000,223.97,224.21,223.765,223.8058,854887.0,223.9723
2025-10-08 10:45:00,1759938300000,223.8299,224.3824,223.81,224.25,869186.0,224.1688
2025-10-08 11:00:00,1759939200000,224.245,224.59,224.245,224.46,1093217.0,224.4444
2025-10-08 11:15:00,1759940100000,224.455,225.16,224.36,225.03,1882109.0,224.8694
2025-10-08 11:30:00,1759941000000,225.02,225.02,224.43,224.72,1128678.0,224.6529
2025-10-08 11:45:00,1759941900000,224.72,224.78,224.36,224.6457,728463.0,224.6012
2025-10-08 12:00:00,1759942800000,224.64,225.42,224.59,225.42,1218279.0,225.0793
2025-10-08 12:15:00,1759943700000,225.41,225.89,225.23,225.8767,1466014.0,225.5263
2025-10-08 12:30:00,1759944600000,225.86,226.36,225.52,226.19,1535426.0,225.9009
2025-10-08 12:45:00,1759945500000,226.2,226.45,225.98,226.44,965903.0,226.1586
2025-10-08 13:00:00,1759946400000,226.435,226.625,226.1767,226.55,1449068.0,226.4392
2025-10-08 13:15:00,1759947300000,226.54,226.73,226.49,226.61,1023693.0,226.6194
2025-10-08 13:30:00,1759948200000,226.62,226.68,225.81,225.97,1673504.0,226.2469
2025-10-08 13:45:00,1759949100000,225.97,225.99,225.06,225.14,1265793.0,225.6346
2025-10-08 14:00:00,1759950000000,225.13,225.15,224.54,224.83,2054944.0,224.8442
2025-10-08 14:15:00,1759950900000,224.85,225.42,224.73,225.4,1126459.0,225.0102
2025-10-08 14:30:00,1759951800000,225.4,225.6199,225.26,225.51,1509332.0,225.4731
2025-10-08 14:45:00,1759952700000,225.51,225.55,224.82,225.2,3178687.0,225.1844
2025-10-08 15:00:00,1759953600000,225.2,225.4,224.8,225.31,278683.0,225.2248
2025-10-08 15:15:00,1759954500000,225.3001,225.3948,225.22,225.3899,25185.0,225.3164
2025-10-08 15:30:00,1759955400000,225.32,225.39,225.22,225.35,21727.0,225.2992
2025-10-08 15:45:00,1759956300000,225.37,225.3883,225.23,225.3,12200.0,225.1154
2025-10-08 16:00:00,1759957200000,225.35,225.35,225.22,225.33,333351.0,225.219
2025-10-08 16:15:00,1759958100000,225.22,225.33,225.21,225.21,7366.0,225.0322
2025-10-08 16:30:00,1759959000000,225.21,225.26,225.18,225.19,6200.0,225.2268
2025-10-08 16:45:00,1759959900000,225.2297,225.3,225.18,225.2976,15172.0,225.2425
2025-10-08 17:00:00,1759960800000,225.25,225.34,225.2071,225.33,6219.0,225.2939
2025-10-08 17:15:00,1759961700000,225.3393,225.3848,225.29,225.37,11277.0,225.3428
2025-10-08 17:30:00,1759962600000,225.39,225.43,225.35,225.4,8295.0,225.3855
2025-10-08 17:45:00,1759963500000,225.3968,225.4599,225.3968,225.4599,8441.0,225.4193
2025-10-08 18:00:00,1759964400000,225.45,225.74,225.4009,225.625,21969.0,225.5941
2025-10-08 18:15:00,1759965300000,225.65,225.8,225.61,225.74,14061.0,225.7293
2025-10-08 18:30:00,1759966200000,225.72,225.8,225.7,225.79,8840.0,225.7671
2025-10-08 18:45:00,1759967100000,225.7842,225.87,225.75,225.8,17266.0,225.821
2025-10-09 03:00:00,1759996800000,225.46,225.64,225.24,225.4,21503.0,225.4581
2025-10-09 03:15:00,1759997700000,225.28,225.35,225.21,225.35,15836.0,225.2763
2025-10-09 03:30:00,1759998600000,225.35,225.45,225.2,225.28,12334.0,225.3081
2025-10-09 03:45:00,1759999500000,225.34,225.4,222.69,223.36,76623.0,223.7434
2025-10-09 04:00:00,1760000400000,223.38,224.5,223.29,224.5,31901.0,223.8958
2025-10-09 04:15:00,1760001300000,224.57,224.59,224.2,224.38,13262.0,224.356
2025-10-09 04:30:00,1760002200000,224.35,224.52,224.06,224.19,11608.0,224.2694
2025-10-09 04:45:00,1760003100000,224.38,224.53,224.37,224.51,3837.0,224.4549
2025-10-09 05:00:00,1760004000000,224.3,224.4,224.19,224.4,9587.0,224.298
2025-10-09 05:15:00,1760004900000,224.19,224.19,223.92,223.96,7411.0,224.058
2025-10-09 05:30:00,1760005800000,223.94,224.05,223.94,224.05,1555.0,223.9975
2025-10-09 05:45:00,1760006700000,224.18,224.46,224.18,224.46,3021.0,224.3808
2025-10-09 06:00:00,1760007600000,224.48,224.8,224.3,224.74,20203.0,224.6047
2025-10-09 06:15:00,1760008500000,224.7,224.89,224.56,224.89,6750.0,224.6997
2025-10-09 06:30:00,1760009400000,224.92,224.92,224.68,224.68,12836.0,224.7826
2025-10-09 06:45:00,1760010300000,224.75,224.99,224.63,224.7,21062.0,224.7797
2025-10-09 07:00:00,1760011200000,224.45,225.76,223.0,224.92,176000.0,224.9132
2025-10-09 07:15:00,1760012100000,224.8205,224.9198,224.55,224.65,42575.0,224.7524
2025-10-09 07:30:00,1760013000000,224.631,224.75,224.4704,224.6012,26815.0,224.6084
2025-10-09 07:45:00,1760013900000,224.6,224.75,224.6,224.73,21250.0,224.6965
2025-10-09 08:00:00,1760014800000,224.73,224.75,224.55,224.73,33575.0,224.6962
2025-10-09 08:15:00,1760015700000,224.6,225.3,224.6,225.0,74937.0,224.9081
2025-10-09 08:30:00,1760016600000,224.995,225.12,222.47,222.7824,4475487.0,223.7668
2025-10-09 08:45:00,1760017500000,222.79,223.16,221.87,222.83,2604619.0,222.5739
2025-10-09 09:00:00,1760018400000,222.83,223.35,222.575,222.95,1622728.0,223.0478
2025-10-09 09:15:00,1760019300000,222.96,222.97,222.12,222.32,1165656.0,222.5873
2025-10-09 09:30:00,1760020200000,222.33,222.4,221.75,222.12,1612009.0,222.0748
2025-10-09 09:45:00,1760021100000,222.13,222.705,222.0,222.57,1264166.0,222.3276
2025-10-09 10:00:00,1760022000000,222.57,223.005,222.465,222.885,1181579.0,222.7889
2025-10-09 10:15:00,1760022900000,222.88,223.39,222.66,223.37,1262151.0,222.9398
2025-10-09 10:30:00,1760023800000,223.36,223.4601,222.99,223.295,1019922.0,223.2644
2025-10-09 10:45:00,1760024700000,223.3,224.35,223.275,223.96,1473686.0,223.895
2025-10-09 11:00:00,1760025600000,223.955,224.14,223.56,223.9,969444.0,223.8954
2025-10-09 11:15:00,1760026500000,223.9,224.47,223.83,224.13,995289.0,224.1373
2025-10-09 11:30:00,1760027400000,224.13,224.495,224.0,224.07,810508.0,224.2401
2025-10-09 11:45:00,1760028300000,224.07,224.49,223.7,223.88,641205.0,224.1752
2025-10-09 12:00:00,1760029200000,223.87,224.0627,223.74,223.8,729297.0,223.8982
2025-10-09 12:15:00,1760030100000,223.8,223.98,223.46,223.91,674481.0,223.7567
2025-10-09 12:30:00,1760031000000,223.91,224.78,223.81,224.75,1013210.0,224.3862
2025-10-09 12:45:00,1760031900000,224.75,225.18,224.5055,225.15,1009181.0,224.8974
2025-10-09 13:00:00,1760032800000,225.13,225.525,224.8407,225.4439,1160210.0,225.1657
2025-10-09 13:15:00,1760033700000,225.4564,226.38,225.42,226.19,1671168.0,225.9512
2025-10-09 13:30:00,1760034600000,226.156,226.635,226.0118,226.05,1440157.0,226.2585
2025-10-09 13:45:00,1760035500000,226.05,226.85,226.0101,226.8453,1447552.0,226.5287
2025-10-09 14:00:00,1760036400000,226.85,226.93,226.54,226.67,1374015.0,226.7484
2025-10-09 14:15:00,1760037300000,226.67,227.09,226.38,226.74,1627117.0,226.8506
2025-10-09 14:30:00,1760038200000,226.73,227.295,226.6119,227.2738,1483153.0,226.9927
2025-10-09 14:45:00,1760039100000,227.28,228.21,227.06,227.74,4777975.0,227.6618
2025-10-09 15:00:00,1760040000000,227.74,228.17,227.38,227.4483,500589.0,227.7215
2025-10-09 15:15:00,1760040900000,227.4,227.4031,227.1013,227.28,53426.0,227.2394
2025-10-09 15:30:00,1760041800000,227.25,227.3,227.12,227.2,16724.0,227.2205
2025-10-09 15:45:00,1760042700000,227.2,227.74,226.9,226.94,39137.0,227.1678
2025-10-09 16:00:00,1760043600000,227.0,227.05,226.9201,227.05,24123.0,226.9567
2025-10-09 16:15:00,1760044500000,227.0,227.0,226.8,226.91,19971.0,226.9998
2025-10-09 16:30:00,1760045400000,226.92,227.0,226.9015,226.9999,10159.0,226.9588
2025-10-09 16:45:00,1760046300000,226.99,226.99,226.76,226.78,15125.0,226.8697
2025-10-09 17:00:00,1760047200000,226.8,227.11,226.8,227.0,19097.0,226.9995
2025-10-09 17:15:00,1760048100000,227.07,227.0999,227.02,227.08,8717.0,227.0574
2025-10-09 17:30:00,1760049000000,227.0501,227.3,227.0501,227.1802,12546.0,227.2206
2025-10-09 17:45:00,1760049900000,227.21,227.3,227.11,227.29,12564.0,227.1724
2025-10-09 18:00:00,1760050800000,227.11,227.29,227.11,227.19,4631.0,227.1649
2025-10-09 18:15:00,1760051700000,227.15,227.26,227.0623,227.1499,8749.0,227.1504
2025-10-09 18:30:00,1760052600000,227.1199,227.4,227.1199,227.37,18373.0,227.2765
2025-10-09 18:45:00,1760053500000,227.35,227.62,227.35,227.6193,20801.0,227.5075
2025-10-10 03:00:00,1760083200000,227.3,227.88,227.2,227.4,26980.0,227.5295
2025-10-10 03:15:00,1760084100000,227.35,227.4,227.08,227.3,7442.0,227.2382
2025-10-10 03:30:00,1760085000000,227.15,227.21,226.71,227.02,17517.0,227.0231
2025-10-10 03:45:00,1760085900000,227.22,227.22,227.09,227.19,4830.0,227.1659
2025-10-10 04:00:00,1760086800000,227.21,227.21,226.84,226.84,5022.0,227.0189
2025-10-10 04:15:00,1760087700000,226.78,227.0,226.59,226.7,10791.0,226.808
2025-10-10 04:30:00,1760088600000,226.7,226.74,226.5,226.59,5468.0,226.6144
2025-10-10 04:45:00,1760089500000,226.54,226.59,226.29,226.37,10693.0,226.4667
2025-10-10 05:00:00,1760090400000,226.4,226.73,226.4,226.69,2674.0,226.6357
2025-10-10 05:15:00,1760091300000,226.55,226.66,226.47,226.52,7690.0,226.6136
2025-10-10 05:30:00,1760092200000,226.62,226.98,226.57,226.98,8248.0,226.7952
2025-10-10 05:45:00,1760093100000,226.86,226.97,226.86,226.94,3586.0,226.9315
2025-10-10 06:00:00,1760094000000,226.98,227.2,226.98,227.11,14261.0,227.1174
2025-10-10 06:15:00,1760094900000,227.03,227.19,227.01,227.1,10501.0,227.0964
2025-10-10 06:30:00,1760095800000,227.18,227.18,226.9,226.9,10836.0,227.0201
2025-10-10 06:45:00,1760096700000,227.0,227.03,226.95,226.98,8015.0,226.9928
2025-10-10 07:00:00,1760097600000,227.22,228.08,226.25,227.25,121184.0,227.2455
2025-10-10 07:15:00,1760098500000,227.2837,227.29,226.9301,226.9844,23060.0,227.134
2025-10-10 07:30:00,1760099400000,227.01,227.19,226.9,227.0,29615.0,226.9993
2025-10-10 07:45:00,1760100300000,226.94,227.0,226.81,226.91,36107.0,226.8875
2025-10-10 08:00:00,1760101200000,226.91,227.0,226.9,226.9996,145761.0,227.5666
2025-10-10 08:15:00,1760102100000,226.99,227.0,225.73,226.16,94342.0,226.3938
2025-10-10 08:30:00,1760103000000,226.21,228.02,226.05,228.01,3536434.0,226.8837
2025-10-10 08:45:00,1760103900000,228.0075,228.25,226.66,227.025,2039318.0,227.3316
2025-10-10 09:00:00,1760104800000,227.025,227.18,226.22,226.25,1834347.0,226.7067
2025-10-10 09:15:00,1760105700000,226.245,226.68,225.99,226.5363,1648102.0,226.3172
2025-10-10 09:30:00,1760106600000,226.56,227.03,226.2,227.03,1331098.0,226.6071
2025-10-10 09:45:00,1760107500000,227.035,227.38,224.815,225.28,2174714.0,226.3936
2025-10-10 10:00:00,1760108400000,225.28,225.29,222.34,223.37,4566890.0,223.2838
2025-10-10 10:15:00,1760109300000,223.36,223.6,219.43,220.2714,4818462.0,220.9918
2025-10-10 10:30:00,1760110200000,220.24,221.0,218.98,220.97,3556845.0,219.6677
2025-10-10 10:45:00,1760111100000,220.95,221.64,220.5,221.09,3244679.0,221.0522
2025-10-10 11:00:00,1760112000000,221.06,221.06,220.17,220.4,3387060.0,220.4994
2025-10-10 11:15:00,1760112900000,220.41,220.8383,219.551,220.16,2353719.0,220.1906
2025-10-10 11:30:00,1760113800000,220.13,220.64,219.26,219.325,1375301.0,219.963
2025-10-10 11:45:00,1760114700000,219.33,219.4625,218.153,218.27,1845877.0,218.6606
2025-10-10 12:00:00,1760115600000,218.24,218.4645,217.61,217.83,1997912.0,217.967
2025-10-10 12:15:00,1760116500000,217.85,219.07,217.78,219.02,1545775.0,218.5415
2025-10-10 12:30:00,1760117400000,219.01,219.6799,218.73,219.21,1349254.0,219.2321
2025-10-10 12:45:00,1760118300000,219.21,219.36,218.5627,218.93,1177272.0,218.9426
2025-10-10 13:00:00,1760119200000,218.93,219.35,218.65,219.28,1144904.0,218.9774
2025-10-10 13:15:00,1760120100000,219.28,219.63,218.61,218.61,1339791.0,219.263
2025-10-10 13:30:00,1760121000000,218.64,218.96,218.39,218.44,1158545.0,218.6499
2025-10-10 13:45:00,1760121900000,218.44,218.73,217.9,218.265,1659278.0,218.2625
2025-10-10 14:00:00,1760122800000,218.26,218.68,218.07,218.09,1241089.0,218.3447
2025-10-10 14:15:00,1760123700000,218.09,218.24,217.61,217.803,1579110.0,217.9842
2025-10-10 14:30:00,1760124600000,217.8,217.9065,217.02,217.8,2373880.0,217.4825
2025-10-10 14:45:00,1760125500000,217.81,218.03,216.0,216.17,6788418.0,216.8174
2025-10-10 15:00:00,1760126400000,216.37,217.09,216.25,216.9999,576105.0,216.4098
2025-10-10 15:15:00,1760127300000,216.9999,217.0,216.6,216.96,81149.0,216.7008
2025-10-10 15:30:00,1760128200000,216.95,216.97,216.37,216.51,111167.0,216.5886
2025-10-10 15:45:00,1760129100000,216.5022,216.71,213.91,214.007,346673.0,215.1628
2025-10-10 16:00:00,1760130000000,214.007,214.27,212.08,212.1,334084.0,213.2571
2025-10-10 16:15:00,1760130900000,212.01,212.5,211.01,211.7,352896.0,211.917
2025-10-10 16:30:00,1760131800000,211.71,212.37,210.6,212.37,248968.0,211.3098
2025-10-10 16:45:00,1760132700000,212.24,213.2,212.1,212.99,124665.0,212.5152
2025-10-10 17:00:00,1760133600000,212.98,215.37,212.98,215.05,114745.0,213.9745
2025-10-10 17:15:00,1760134500000,215.0306,215.68,214.24,215.15,102901.0,214.8869
2025-10-10 17:30:00,1760135400000,215.05,215.15,214.0,214.0,59890.0,214.8051
2025-10-10 17:45:00,1760136300000,214.0745,214.74,213.82,214.73,43120.0,214.1379
2025-10-10 18:00:00,1760137200000,214.77,214.9,214.5,214.54,25852.0,214.6081
2025-10-10 18:15:00,1760138100000,214.55,215.05,214.5016,215.05,33674.0,214.7643
2025-10-10 18:30:00,1760139000000,215.15,215.4999,215.0,215.4999,39662.0,215.2324
2025-10-10 18:45:00,1760139900000,215.405,215.6451,215.1,215.1012,82179.0,215.3407
2025-10-13 03:00:00,1760342400000,219.62,222.0,219.61,221.0,72502.0,220.7194
2025-10-13 03:15:00,1760343300000,221.07,221.1,220.62,220.67,16584.0,220.8387
2025-10-13 03:30:00,1760344200000,220.75,220.87,220.33,220.33,15615.0,220.6483
2025-10-13 03:45:00,1760345100000,220.44,221.3,220.44,221.3,27452.0,220.8435
2025-10-13 04:00:00,1760346000000,221.18,221.3,220.81,220.81,19534.0,221.093
2025-10-13 04:15:00,1760346900000,220.86,221.16,220.56,220.9,19235.0,220.942
2025-10-13 04:30:00,1760347800000,220.95,221.0,220.5,220.69,19059.0,220.7879
2025-10-13 04:45:00,1760348700000,220.72,221.0,220.66,220.7,11201.0,220.826
2025-10-13 05:00:00,1760349600000,220.6,220.99,220.53,220.89,15596.0,220.7561
2025-10-13 05:15:00,1760350500000,220.95,220.97,220.55,220.79,15892.0,220.7139
2025-10-13 05:30:00,1760351400000,220.68,220.77,220.5,220.5,13836.0,220.6673
2025-10-13 05:45:00,1760352300000,220.5,220.95,220.35,220.81,6103.0,220.709
2025-10-13 06:00:00,1760353200000,220.8,220.89,218.68,219.28,115683.0,219.6114
2025-10-13 06:15:00,1760354100000,219.18,219.5,219.0,219.13,42261.0,219.2595
2025-10-13 06:30:00,1760355000000,219.02,219.25,218.6,219.13,53728.0,218.9985
2025-10-13 06:45:00,1760355900000,219.11,219.26,219.01,219.24,34793.0,219.1806
2025-10-13 07:00:00,1760356800000,221.38,222.0,218.6,219.11,445643.0,219.7941
2025-10-13 07:15:00,1760357700000,219.1945,219.28,219.0,219.1704,63443.0,219.1412
2025-10-13 07:30:00,1760358600000,219.19,219.3,217.58,217.97,153914.0,218.5381
2025-10-13 07:45:00,1760359500000,218.0,218.4,217.8514,218.0,119813.0,218.0744
2025-10-13 08:00:00,1760360400000,218.0,218.1993,217.51,217.96,134656.0,217.8595
2025-10-13 08:15:00,1760361300000,217.99,218.3992,217.77,217.78,146649.0,218.0777
2025-10-13 08:30:00,1760362200000,217.7,219.2737,217.04,219.15,4402366.0,218.0252
2025-10-13 08:45:00,1760363100000,219.14,220.01,218.73,219.92,2119141.0,219.4235
2025-10-13 09:00:00,1760364000000,219.9,220.3099,219.5099,220.15,1902241.0,219.8661
2025-10-13 09:15:00,1760364900000,220.19,220.43,219.36,220.11,1911979.0,219.9224
2025-10-13 09:30:00,1760365800000,220.1,220.55,219.64,219.7557,1448204.0,220.0862
2025-10-13 09:45:00,1760366700000,219.74,220.025,218.69,219.075,1550760.0,219.2293
2025-10-13 10:00:00,1760367600000,219.09,219.78,218.79,219.68,1303659.0,219.1793
2025-10-13 10:15:00,1760368500000,219.69,220.4759,219.61,220.1698,1011295.0,220.1271
2025-10-13 10:30:00,1760369400000,220.1698,220.53,219.9,219.96,830766.0,220.2564
2025-10-13 10:45:00,1760370300000,219.97,220.4,219.91,220.4,1112639.0,220.1092
2025-10-13 11:00:00,1760371200000,220.405,220.68,220.255,220.45,686211.0,220.4504
2025-10-13 11:15:00,1760372100000,220.46,220.58,219.92,220.17,848194.0,220.2733
2025-10-13 11:30:00,1760373000000,220.17,220.59,220.0501,220.08,638186.0,220.2764
2025-10-13 11:45:00,1760373900000,220.09,220.57,219.87,220.525,687871.0,220.223
2025-10-13 12:00:00,1760374800000,220.52,220.59,219.9174,219.94,1006175.0,220.4007
2025-10-13 12:15:00,1760375700000,219.95,220.09,219.86,220.05,518005.0,219.981
2025-10-13 12:30:00,1760376600000,220.05,220.1099,219.7501,219.77,495026.0,219.9388
2025-10-13 12:45:00,1760377500000,219.77,220.03,219.6901,220.02,545004.0,219.8274
2025-10-13 13:00:00,1760378400000,220.01,220.48,219.97,220.37,592000.0,220.226
2025-10-13 13:15:00,1760379300000,220.36,220.57,220.2101,220.525,773942.0,220.3978
2025-10-13 13:30:00,1760380200000,220.525,220.64,220.12,220.28,590919.0,220.3682
2025-10-13 13:45:00,1760381100000,220.2853,220.326,220.03,220.15,552592.0,220.1716
2025-10-13 14:00:00,1760382000000,220.16,220.225,219.8,219.95,821642.0,219.9868
2025-10-13 14:15:00,1760382900000,219.96,220.16,219.82,220.12,773783.0,220.0281
2025-10-13 14:30:00,1760383800000,220.11,220.565,220.09,220.29,1250277.0,220.392
2025-10-13 14:45:00,1760384700000,220.3,220.52,219.94,220.0,2601123.0,220.1989
2025-10-13 15:00:00,1760385600000,220.07,220.07,219.75,219.89,1054997.0,220.0659
2025-10-13 15:15:00,1760386500000,219.84,220.0,219.84,219.99,20239.0,219.9103
2025-10-13 15:30:00,1760387400000,220.01,220.12,219.9,219.95,19885.0,220.0205
2025-10-13 15:45:00,1760388300000,219.95,219.95,219.84,219.9,13827.0,219.839
2025-10-13 16:00:00,1760389200000,219.85,219.9,219.84,219.8482,244412.0,220.0593
2025-10-13 16:15:00,1760390100000,219.9,219.9278,219.84,219.9278,5007.0,219.8823
2025-10-13 16:30:00,1760391000000,219.92,219.93,219.9,219.93,3485.0,219.9147
2025-10-13 16:45:00,1760391900000,219.94,219.96,219.8,219.84,6407.0,219.8978
2025-10-13 17:00:00,1760392800000,219.87,219.87,219.7,219.7,10269.0,219.7701
2025-10-13 17:15:00,1760393700000,219.69,219.7899,219.62,219.75,8857.0,219.7034
2025-10-13 17:30:00,1760394600000,219.78,219.81,219.68,219.7,6448.0,219.7435
2025-10-13 17:45:00,1760395500000,219.7027,219.93,219.7027,219.9224,6289.0,219.827
2025-10-13 18:00:00,1760396400000,219.91,219.98,219.83,219.83,7210.0,219.9003
2025-10-13 18:15:00,1760397300000,219.8,219.89,219.78,219.7919,6247.0,219.8412
2025-10-13 18:30:00,1760398200000,219.7718,219.84,219.69,219.7125,10778.0,219.7706
2025-10-13 18:45:00,1760399100000,219.6808,219.82,219.6532,219.81,13820.0,219.7215
2025-10-14 03:00:00,1760428800000,218.2,218.2,217.25,217.77,28133.0,217.5618
2025-10-14 03:15:00,1760429700000,217.77,218.1,217.75,217.97,12757.0,217.9896
2025-10-14 03:30:00,1760430600000,218.2,218.4,218.2,218.24,13235.0,218.2523
2025-10-14 03:45:00,1760431500000,218.34,218.34,217.7,217.88,17591.0,217.9259
2025-10-14 04:00:00,1760432400000,217.86,217.9,217.74,217.74,9170.0,217.8439
2025-10-14 04:15:00,1760433300000,217.55,217.72,217.51,217.72,6362.0,217.6605
2025-10-14 04:30:00,1760434200000,217.7,217.75,217.53,217.69,3521.0,217.6349
2025-10-14 04:45:00,1760435100000,217.75,217.75,217.56,217.58,20788.0,217.6889
2025-10-14 05:00:00,1760436000000,217.5,217.5,217.4,217.42,4373.0,217.4349
2025-10-14 05:15:00,1760436900000,217.42,217.42,217.15,217.15,10122.0,217.2711
2025-10-14 05:30:00,1760437800000,217.11,217.11,216.41,216.41,30840.0,216.8118
2025-10-14 05:45:00,1760438700000,216.37,216.37,215.5,216.0,65601.0,215.9024
2025-10-14 06:00:00,1760439600000,216.0,216.99,216.0,216.9,84777.0,216.2868
2025-10-14 06:15:00,1760440500000,216.8,217.3,216.68,217.17,20218.0,217.0325
2025-10-14 06:30:00,1760441400000,217.04,217.21,216.76,217.01,20594.0,216.9766
2025-10-14 06:45:00,1760442300000,217.0,217.47,217.0,217.4,20896.0,217.3103
2025-10-14 07:00:00,1760443200000,216.37,219.5,215.5,217.4,277434.0,217.3864
2025-10-14 07:15:00,1760444100000,217.35,217.36,217.2,217.25,30289.0,217.275
2025-10-14 07:30:00,1760445000000,217.2999,217.2999,216.55,216.65,227842.0,219.2744
2025-10-14 07:45:00,1760445900000,216.76,217.24,216.65,216.93,37027.0,217.009
2025-10-14 08:00:00,1760446800000,217.0,217.24,216.951,217.23,48412.0,217.0422
2025-10-14 08:15:00,1760447700000,217.22,217.22,214.9,215.65,548138.0,215.5334
2025-10-14 08:30:00,1760448600000,215.555,215.58,212.6,213.2,6275420.0,214.2931
2025-10-14 08:45:00,1760449500000,213.19,215.45,212.8885,215.02,3130986.0,214.3086
2025-10-14 09:00:00,1760450400000,215.02,215.73,214.84,215.515,1518530.0,215.3764
2025-10-14 09:15:00,1760451300000,215.52,216.61,215.33,216.425,1389608.0,216.0571
2025-10-14 09:30:00,1760452200000,216.425,216.92,216.32,216.515,1163720.0,216.654
2025-10-14 09:45:00,1760453100000,216.53,216.77,215.98,216.12,1808186.0,216.1872
2025-10-14 10:00:00,1760454000000,216.1498,217.0696,216.1498,216.6259,941076.0,216.7384
2025-10-14 10:15:00,1760454900000,216.6,216.8128,216.35,216.495,1690652.0,216.5072
2025-10-14 10:30:00,1760455800000,216.495,217.6299,216.47,217.54,993705.0,217.0345
2025-10-14 10:45:00,1760456700000,217.55,218.22,217.55,217.78,1177851.0,217.8622
2025-10-14 11:00:00,1760457600000,217.8,217.87,217.05,217.85,833943.0,217.5091
2025-10-14 11:15:00,1760458500000,217.85,218.4999,217.82,218.3,955223.0,218.176
2025-10-14 11:30:00,1760459400000,218.29,218.84,218.2539,218.7,751835.0,218.5395
2025-10-14 11:45:00,1760460300000,218.68,219.32,218.66,218.66,891608.0,219.0067
2025-10-14 12:00:00,1760461200000,218.65,218.91,218.04,218.17,1031336.0,218.4627
2025-10-14 12:15:00,1760462100000,218.178,218.98,218.1765,218.91,771694.0,218.5696
2025-10-14 12:30:00,1760463000000,218.925,219.06,217.77,217.9,1102470.0,218.1818
2025-10-14 12:45:00,1760463900000,217.9,217.955,217.25,217.31,1018703.0,217.6248
2025-10-14 13:00:00,1760464800000,217.32,217.45,216.82,217.32,888230.0,217.1942
2025-10-14 13:15:00,1760465700000,217.33,217.62,217.2,217.56,956876.0,217.3911
2025-10-14 13:30:00,1760466600000,217.57,217.5991,216.8734,217.215,842392.0,217.1882
2025-10-14 13:45:00,1760467500000,217.22,217.54,217.17,217.4081,1418517.0,217.405
2025-10-14 14:00:00,1760468400000,217.4,217.52,217.26,217.385,692412.0,217.4348
2025-10-14 14:15:00,1760469300000,217.4,217.735,217.36,217.485,1420644.0,217.4681
2025-10-14 14:30:00,1760470200000,217.49,217.52,215.56,215.73,1727107.0,216.5687
2025-10-14 14:45:00,1760471100000,215.75,216.65,215.37,216.44,3523087.0,216.1532
2025-10-14 15:00:00,1760472000000,216.39,216.81,216.0,216.3,603423.0,216.402
2025-10-14 15:15:00,1760472900000,216.3634,216.3634,216.0,216.24,36260.0,216.1113
2025-10-14 15:30:00,1760473800000,216.1,216.39,215.9,216.39,33297.0,216.1597
2025-10-14 15:45:00,1760474700000,216.39,216.5,216.0202,216.39,24539.0,216.3275
2025-10-14 16:00:00,1760475600000,216.45,216.59,216.39,216.57,21585.0,216.1418
2025-10-14 16:15:00,1760476500000,216.55,216.78,216.55,216.6611,13795.0,216.3191
2025-10-14 16:30:00,1760477400000,216.6519,216.84,216.65,216.73,9420.0,216.2223
2025-10-14 16:45:00,1760478300000,216.68,216.81,216.6255,216.798,12504.0,216.7398
2025-10-14 17:00:00,1760479200000,216.79,217.36,216.79,217.2,44672.0,217.1378
2025-10-14 17:15:00,1760480100000,217.25,217.25,216.95,217.0,13990.0,217.0118
2025-10-14 17:30:00,1760481000000,217.01,217.1049,216.8,217.05,6702.0,216.9891
2025-10-14 17:45:00,1760481900000,216.98,217.0993,216.81,216.81,8251.0,216.9584
2025-10-14 18:00:00,1760482800000,217.0,217.25,216.9,217.12,6573.0,217.0816
2025-10-14 18:15:00,1760483700000,217.06,217.4,217.06,217.23,18174.0,217.3142
2025-10-14 18:30:00,1760484600000,217.0779,217.32,217.02,217.19,5172.0,217.1446
2025-10-14 18:45:00,1760485500000,217.15,217.25,216.99,217.0,18306.0,217.1487
2025-10-15 03:00:00,1760515200000,217.8,217.98,217.77,217.8,15704.0,217.8412
2025-10-15 03:15:00,1760516100000,217.86,218.07,217.77,218.0,11152.0,217.9097
2025-10-15 03:30:00,1760517000000,218.03,218.06,217.86,218.0,9512.0,217.9919
2025-10-15 03:45:00,1760517900000,217.99,218.04,217.84,217.99,8133.0,217.9774
2025-10-15 04:00:00,1760518800000,217.97,218.21,217.79,217.9,16699.0,217.9871
2025-10-15 04:15:00,1760519700000,217.86,217.9,217.73,217.79,5351.0,217.832
2025-10-15 04:30:00,1760520600000,217.72,217.86,217.67,217.72,11576.0,217.7602
2025-10-15 04:45:00,1760521500000,217.75,218.01,217.72,217.96,10395.0,217.8722
2025-10-15 05:00:00,1760522400000,217.92,217.96,217.88,217.93,4280.0,217.9117
2025-10-15 05:15:00,1760523300000,217.88,217.89,217.77,217.88,5527.0,217.8295
2025-10-15 05:30:00,1760524200000,217.83,217.96,217.74,217.93,2884.0,217.9143
2025-10-15 05:45:00,1760525100000,217.88,218.08,217.88,218.01,5333.0,217.9707
2025-10-15 06:00:00,1760526000000,217.95,218.0,217.78,217.78,8700.0,217.9011
2025-10-15 06:15:00,1760526900000,217.75,217.86,217.67,217.72,10443.0,217.7891
2025-10-15 06:30:00,1760527800000,217.74,217.9,217.6,217.89,14674.0,217.7329
2025-10-15 06:45:00,1760528700000,217.91,217.98,217.79,217.84,10379.0,217.916
2025-10-15 07:00:00,1760529600000,218.0,218.071,215.85,217.9455,172373.0,217.8382
2025-10-15 07:15:00,1760530500000,218.05,218.3,217.8,218.0,46775.0,218.0992
2025-10-15 07:30:00,1760531400000,217.91,218.0,217.805,217.96,35546.0,217.9264
2025-10-15 07:45:00,1760532300000,217.8467,218.0,217.8,217.9,28342.0,217.9237
2025-10-15 08:00:00,1760533200000,217.97,218.1418,217.85,217.99,80939.0,218.0585
2025-10-15 08:15:00,1760534100000,217.97,218.19,216.38,216.42,238922.0,217.1631
2025-10-15 08:30:00,1760535000000,216.62,217.71,215.9101,217.08,4006531.0,216.7005
2025-10-15 08:45:00,1760535900000,217.06,217.45,216.25,216.94,2026040.0,216.9475
2025-10-15 09:00:00,1760536800000,216.95,217.28,216.55,216.9552,2186007.0,216.9499
2025-10-15 09:15:00,1760537700000,216.96,217.23,216.08,216.2,1799856.0,216.741
2025-10-15 09:30:00,1760538600000,216.22,216.34,215.15,216.089,3080507.0,215.8055
2025-10-15 09:45:00,1760539500000,216.1087,216.73,216.1,216.68,1668624.0,216.4411
2025-10-15 10:00:00,1760540400000,216.69,216.74,215.58,216.05,1616566.0,216.0351
2025-10-15 10:15:00,1760541300000,216.05,216.14,215.435,215.44,1352302.0,215.7481
2025-10-15 10:30:00,1760542200000,215.45,215.67,214.94,215.07,1807219.0,215.2303
2025-10-15 10:45:00,1760543100000,215.06,215.06,214.15,214.83,1778746.0,214.5976
2025-10-15 11:00:00,1760544000000,214.8288,215.5638,214.81,215.27,1117665.0,215.2088
2025-10-15 11:15:00,1760544900000,215.26,215.7,215.1,215.45,752107.0,215.3631
2025-10-15 11:30:00,1760545800000,215.46,215.54,215.06,215.148,785512.0,215.2739
2025-10-15 11:45:00,1760546700000,215.145,215.54,214.7,215.03,1179364.0,215.0064
2025-10-15 12:00:00,1760547600000,215.015,215.06,212.97,213.0,2187562.0,213.9366
2025-10-15 12:15:00,1760548500000,213.0053,213.94,212.66,213.61,1375248.0,213.3712
2025-10-15 12:30:00,1760549400000,213.64,214.33,213.47,214.22,891466.0,213.9909
2025-10-15 12:45:00,1760550300000,214.23,214.82,214.17,214.725,855008.0,214.5169
2025-10-15 13:00:00,1760551200000,214.72,214.86,214.37,214.825,734447.0,214.6277
2025-10-15 13:15:00,1760552100000,214.825,215.0,214.73,214.8,552233.0,214.8701
2025-10-15 13:30:00,1760553000000,214.7801,215.17,214.78,215.015,642133.0,215.049
2025-10-15 13:45:00,1760553900000,215.02,215.27,214.8,215.06,819611.0,215.1021
2025-10-15 14:00:00,1760554800000,215.085,215.1099,214.59,214.86,765217.0,214.8355
2025-10-15 14:15:00,1760555700000,214.86,215.275,214.85,215.19,809560.0,215.1407
2025-10-15 14:30:00,1760556600000,215.185,215.35,214.803,215.26,891899.0,215.1257
2025-10-15 14:45:00,1760557500000,215.27,215.65,214.72,215.63,2992768.0,215.2687
2025-10-15 15:00:00,1760558400000,215.57,215.82,215.5,215.73,1104143.0,215.5808
2025-10-15 15:15:00,1760559300000,215.78,215.78,215.57,215.5737,26484.0,215.7089
2025-10-15 15:30:00,1760560200000,215.5995,215.7,215.14,215.6,53716.0,215.4943
2025-10-15 15:45:00,1760561100000,215.57,215.68,215.31,215.5516,22974.0,215.403
2025-10-15 16:00:00,1760562000000,215.55,215.6,215.47,215.5,10997.0,215.1717
2025-10-15 16:15:00,1760562900000,215.46,215.5,215.31,215.3384,16344.0,215.385
2025-10-15 16:30:00,1760563800000,215.35,215.35,215.2555,215.35,10348.0,215.3201
2025-10-15 16:45:00,1760564700000,215.35,215.6,215.3,215.4919,15864.0,215.506
2025-10-15 17:00:00,1760565600000,215.48,215.74,215.48,215.7,21089.0,215.6597
2025-10-15 17:15:00,1760566500000,215.71,215.75,215.6557,215.74,13695.0,215.7152
2025-10-15 17:30:00,1760567400000,215.74,215.77,215.6945,215.6945,24334.0,215.7434
2025-10-15 17:45:00,1760568300000,215.68,215.79,215.61,215.74,11747.0,215.7292
2025-10-15 18:00:00,1760569200000,215.78,215.8,215.69,215.69,8005.0,215.7643
2025-10-15 18:15:00,1760570100000,215.65,215.74,215.6,215.66,15800.0,215.6518
2025-10-15 18:30:00,1760571000000,215.69,215.7,215.5,215.6,12072.0,215.6354
2025-10-15 18:45:00,1760571900000,215.5856,215.7,215.49,215.51,15733.0,215.554
2025-10-16 03:00:00,1760601600000,215.5,216.49,215.5,216.15,14683.0,216.1667
2025-10-16 03:15:00,1760602500000,216.33,216.49,216.15,216.18,7545.0,216.3294
2025-10-16 03:30:00,1760603400000,216.34,216.34,216.16,216.16,3947.0,216.254
2025-10-16 03:45:00,1760604300000,216.21,216.33,216.15,216.22,3356.0,216.2255
2025-10-16 04:00:00,1760605200000,216.34,216.34,216.15,216.21,2696.0,216.2159
2025-10-16 04:15:00,1760606100000,216.04,216.2,216.04,216.2,3407.0,216.1633
2025-10-16 04:30:00,1760607000000,216.21,216.24,215.91,216.03,6844.0,216.0334
2025-10-16 04:45:00,1760607900000,216.1,216.23,216.1,216.23,3335.0,216.1428
2025-10-16 05:00:00,1760608800000,216.22,216.39,216.18,216.39,10282.0,216.2943
2025-10-16 05:15:00,1760609700000,216.38,216.47,216.31,216.41,4997.0,216.3634
2025-10-16 05:30:00,1760610600000,216.39,216.48,216.2,216.22,4674.0,216.3501
2025-10-16 05:45:00,1760611500000,216.14,216.26,216.05,216.23,4300.0,216.1768
2025-10-16 06:00:00,1760612400000,216.12,216.2,216.04,216.15,17277.0,216.1492
2025-10-16 06:15:00,1760613300000,216.2,216.4,216.2,216.36,10659.0,216.3134
2025-10-16 06:30:00,1760614200000,216.37,216.39,216.09,216.1,13805.0,216.2226
2025-10-16 06:45:00,1760615100000,216.17,216.3,216.17,216.3,9677.0,216.2654
2025-10-16 07:00:00,1760616000000,216.3,216.5,215.59,216.0,185873.0,216.1495
2025-10-16 07:15:00,1760616900000,216.0,216.18,216.0,216.08,18000.0,216.0952
2025-10-16 07:30:00,1760617800000,216.15,216.45,216.0,216.4499,34759.0,216.2701
2025-10-16 07:45:00,1760618700000,216.45,216.45,216.28,216.28,25675.0,216.3537
2025-10-16 08:00:00,1760619600000,216.34,216.4,216.04,216.13,33091.0,216.2642
2025-10-16 08:15:00,1760620500000,216.12,216.25,215.57,215.57,73857.0,215.9858
2025-10-16 08:30:00,1760621400000,215.67,218.02,215.28,217.8249,3930922.0,217.0412
2025-10-16 08:45:00,1760622300000,217.83,218.59,217.5933,218.135,2233133.0,218.1092
2025-10-16 09:00:00,1760623200000,218.145,218.46,217.09,217.51,1505769.0,217.8734
2025-10-16 09:15:00,1760624100000,217.52,218.15,217.2514,217.575,1076129.0,217.5805
2025-10-16 09:30:00,1760625000000,217.597,218.54,217.4901,218.44,889383.0,218.0884
2025-10-16 09:45:00,1760625900000,218.44,218.51,217.46,217.53,1045381.0,217.8585
2025-10-16 10:00:00,1760626800000,217.54,217.87,217.05,217.61,885812.0,217.4281
2025-10-16 10:15:00,1760627700000,217.6,217.7835,216.5153,216.76,1030534.0,217.2643
2025-10-16 10:30:00,1760628600000,216.75,217.05,216.22,216.49,984429.0,216.6214
2025-10-16 10:45:00,1760629500000,216.49,216.74,216.19,216.59,840436.0,216.4654
2025-10-16 11:00:00,1760630400000,216.59,216.72,216.29,216.58,780347.0,216.5001
2025-10-16 11:15:00,1760631300000,216.57,216.67,215.4301,215.5,1051310.0,215.9805
2025-10-16 11:30:00,1760632200000,215.5,215.51,213.88,214.5965,2081089.0,214.7101
2025-10-16 11:45:00,1760633100000,214.61,215.65,214.09,215.57,1535746.0,214.9196
2025-10-16 12:00:00,1760634000000,215.56,215.69,214.85,215.19,1022963.0,215.3526
2025-10-16 12:15:00,1760634900000,215.17,215.86,214.98,215.53,860722.0,215.3501
2025-10-16 12:30:00,1760635800000,215.52,215.76,214.74,214.8595,745391.0,215.3102
2025-10-16 12:45:00,1760636700000,214.87,214.88,214.25,214.62,1304329.0,214.5919
2025-10-16 13:00:00,1760637600000,214.65,214.75,213.51,213.67,990203.0,214.1307
2025-10-16 13:15:00,1760638500000,213.66,213.91,213.14,213.18,1623906.0,213.4686
2025-10-16 13:30:00,1760639400000,213.2,213.97,212.8101,213.92,1888761.0,213.2388
2025-10-16 13:45:00,1760640300000,213.98,214.54,213.75,214.53,1113906.0,214.1318
2025-10-16 14:00:00,1760641200000,214.52,214.87,214.19,214.28,895255.0,214.5261
2025-10-16 14:15:00,1760642100000,214.27,214.3225,213.62,214.07,1335473.0,214.0291
2025-10-16 14:30:00,1760643000000,214.08,214.17,213.64,213.9719,961779.0,213.9176
2025-10-16 14:45:00,1760643900000,213.98,215.0,213.6985,214.49,3386588.0,214.3235
2025-10-16 15:00:00,1760644800000,214.47,214.75,214.0005,214.0005,380298.0,214.4525
2025-10-16 15:15:00,1760645700000,214.05,214.3,213.871,214.134,20835.0,214.1245
2025-10-16 15:30:00,1760646600000,214.17,214.3,214.09,214.3,208965.0,214.4361
2025-10-16 15:45:00,1760647500000,214.2994,214.47,214.2195,214.2629,15605.0,214.1857
2025-10-16 16:00:00,1760648400000,214.3985,214.47,214.05,214.0501,23643.0,214.2077
2025-10-16 16:15:00,1760649300000,214.1,214.2473,214.0544,214.2,9568.0,213.7467
2025-10-16 16:30:00,1760650200000,214.198,214.25,214.0314,214.12,13495.0,214.1556
2025-10-16 16:45:00,1760651100000,214.1821,214.28,214.03,214.2417,11807.0,214.1787
2025-10-16 17:00:00,1760652000000,214.22,214.68,214.22,214.3572,22540.0,214.411
2025-10-16 17:15:00,1760652900000,214.35,214.35,213.93,214.1,23393.0,214.0731
2025-10-16 17:30:00,1760653800000,214.0,214.24,213.8,213.8,11923.0,213.9387
2025-10-16 17:45:00,1760654700000,213.85,214.06,213.8,213.8018,14022.0,213.8633
2025-10-16 18:00:00,1760655600000,213.8792,214.0,213.8,213.9655,8007.0,213.8761
2025-10-16 18:15:00,1760656500000,214.0,214.0,213.8,213.8535,7965.0,213.8673
2025-10-16 18:30:00,1760657400000,213.8,213.82,213.58,213.76,15348.0,213.7218
2025-10-16 18:45:00,1760658300000,213.75,213.88,213.6501,213.76,24737.0,213.7441
2025-10-17 03:00:00,1760688000000,212.63,212.63,211.47,212.15,70720.0,211.9483
2025-10-17 03:15:00,1760688900000,212.14,212.3,211.55,212.0,40521.0,211.9531
2025-10-17 03:30:00,1760689800000,211.9,212.34,211.89,211.89,15273.0,212.1543
2025-10-17 03:45:00,1760690700000,211.8,212.26,211.61,212.19,6691.0,211.9285
2025-10-17 04:00:00,1760691600000,212.01,212.62,212.01,212.3,6963.0,212.4243
2025-10-17 04:15:00,1760692500000,212.58,213.0,212.33,212.38,19533.0,212.7822
2025-10-17 04:30:00,1760693400000,212.61,212.62,212.21,212.43,8639.0,212.4781
2025-10-17 04:45:00,1760694300000,212.57,212.97,212.44,212.85,10609.0,212.7477
2025-10-17 05:00:00,1760695200000,212.61,213.23,212.51,212.51,15737.0,212.9321
2025-10-17 05:15:00,1760696100000,212.52,212.68,211.79,212.19,29709.0,212.1614
2025-10-17 05:30:00,1760697000000,212.15,212.78,212.03,212.6,11377.0,212.4487
2025-10-17 05:45:00,1760697900000,212.64,212.79,212.2,212.79,9240.0,212.5271
2025-10-17 06:00:00,1760698800000,212.79,214.2,212.56,214.2,97903.0,213.1387
2025-10-17 06:15:00,1760699700000,214.15,214.35,213.85,214.16,32532.0,214.1202
2025-10-17 06:30:00,1760700600000,214.05,214.15,213.55,214.13,16715.0,213.8946
2025-10-17 06:45:00,1760701500000,214.0,214.25,213.61,213.75,29435.0,213.8215
2025-10-17 07:00:00,1760702400000,211.89,214.4466,211.21,213.65,335067.0,212.9596
2025-10-17 07:15:00,1760703300000,213.65,214.28,213.6,214.09,46894.0,213.9267
2025-10-17 07:30:00,1760704200000,214.12,214.8,213.8,214.55,72520.0,214.4348
2025-10-17 07:45:00,1760705100000,214.3807,214.58,214.0,214.29,54907.0,214.3283
2025-10-17 08:00:00,1760706000000,214.3,214.75,214.1057,214.47,38008.0,214.4292
2025-10-17 08:15:00,1760706900000,214.47,214.8,214.0,214.64,125104.0,214.6527
2025-10-17 08:30:00,1760707800000,214.56,214.8,212.6601,212.93,4796814.0,214.0519
2025-10-17 08:45:00,1760708700000,212.91,214.535,212.62,213.52,1762195.0,213.7083
2025-10-17 09:00:00,1760709600000,213.5399,214.62,213.1184,214.36,1521464.0,213.9521
2025-10-17 09:15:00,1760710500000,214.37,214.55,213.52,213.96,1185500.0,213.9771
2025-10-17 09:30:00,1760711400000,213.96,213.965,212.63,212.75,1344435.0,213.1646
2025-10-17 09:45:00,1760712300000,212.7797,213.2,211.61,211.7001,2684085.0,212.5534
2025-10-17 10:00:00,1760713200000,211.71,212.6909,211.59,211.82,1682080.0,212.2558
2025-10-17 10:15:00,1760714100000,211.85,212.14,211.12,211.59,1919555.0,211.6383
2025-10-17 10:30:00,1760715000000,211.595,212.1,211.03,211.8599,1305809.0,211.5791
2025-10-17 10:45:00,1760715900000,211.81,212.25,211.7,212.1,1090253.0,211.9959
2025-10-17 11:00:00,1760716800000,212.13,213.18,212.095,213.02,2348032.0,212.7385
2025-10-17 11:15:00,1760717700000,213.015,213.24,212.67,213.06,866987.0,213.005
2025-10-17 11:30:00,1760718600000,213.05,213.2886,212.44,212.67,1076649.0,212.7398
2025-10-17 11:45:00,1760719500000,212.6601,213.2255,212.369,212.738,738847.0,212.7219
2025-10-17 12:00:00,1760720400000,212.735,212.78,212.15,212.6633,927014.0,212.4145
2025-10-17 12:15:00,1760721300000,212.68,212.68,212.12,212.3664,1050452.0,212.3741
2025-10-17 12:30:00,1760722200000,212.39,212.79,212.19,212.2,549028.0,212.4912
2025-10-17 12:45:00,1760723100000,212.204,213.05,212.055,212.92,759162.0,212.6561
2025-10-17 13:00:00,1760724000000,212.915,213.415,212.885,213.255,909084.0,213.1664
2025-10-17 13:15:00,1760724900000,213.25,213.79,213.24,213.685,1387212.0,213.5503
2025-10-17 13:30:00,1760725800000,213.685,213.765,213.03,213.13,812913.0,213.4757
2025-10-17 13:45:00,1760726700000,213.125,213.42,212.995,213.17,973040.0,213.2397
2025-10-17 14:00:00,1760727600000,213.17,213.55,212.94,213.53,1004486.0,213.199
2025-10-17 14:15:00,1760728500000,213.52,213.6,213.24,213.26,866601.0,213.4153
2025-10-17 14:30:00,1760729400000,213.25,213.38,212.87,212.9927,1048604.0,213.0889
2025-10-17 14:45:00,1760730300000,212.99,213.19,212.74,213.05,3199682.0,212.9773
2025-10-17 15:00:00,1760731200000,213.04,214.0,213.0,213.6,528238.0,213.2229
2025-10-17 15:15:00,1760732100000,213.56,213.82,213.04,213.67,62494.0,213.5819
2025-10-17 15:30:00,1760733000000,213.749,213.82,213.04,213.52,32670.0,213.566
2025-10-17 15:45:00,1760733900000,213.51,213.66,213.3899,213.61,37079.0,213.4409
2025-10-17 16:00:00,1760734800000,213.6,213.65,213.5,213.5,9416.0,213.5026
2025-10-17 16:15:00,1760735700000,213.5088,213.5567,213.23,213.4974,31479.0,213.2697
2025-10-17 16:30:00,1760736600000,213.306,213.47,213.3,213.4393,5729.0,213.3271
2025-10-17 16:45:00,1760737500000,213.4497,213.48,213.4,213.4,7021.0,213.3157
2025-10-17 17:00:00,1760738400000,213.4,213.45,213.36,213.4,3358.0,213.3917
2025-10-17 17:15:00,1760739300000,213.36,213.36,213.15,213.35,16262.0,213.2267
2025-10-17 17:30:00,1760740200000,213.3976,213.3976,213.23,213.23,8843.0,213.3198
2025-10-17 17:45:00,1760741100000,213.26,213.35,213.23,213.35,18398.0,213.2563
2025-10-17 18:00:00,1760742000000,213.39,213.4,213.34,213.3984,7621.0,213.3812
2025-10-17 18:15:00,1760742900000,213.4,213.4,213.19,213.28,12553.0,213.2862
2025-10-17 18:30:00,1760743800000,213.29,213.3898,213.29,213.3499,4298.0,213.3363
2025-10-17 18:45:00,1760744700000,213.32,213.56,213.266,213.56,27325.0,213.3731
2025-10-20 03:00:00,1760947200000,215.0,215.0,213.77,213.97,50354.0,214.2734
2025-10-20 03:15:00,1760948100000,214.11,214.11,213.65,213.75,20718.0,213.8723
2025-10-20 03:30:00,1760949000000,213.88,214.0,212.8,212.8,53122.0,213.3374
2025-10-20 03:45:00,1760949900000,212.99,212.99,211.8,211.99,64243.0,212.2724
2025-10-20 04:00:00,1760950800000,211.82,213.0,211.72,213.0,48672.0,212.2624
2025-10-20 04:15:00,1760951700000,213.05,213.15,212.66,212.7,37039.0,212.8313
2025-10-20 04:30:00,1760952600000,212.67,213.14,212.6,212.75,30388.0,212.9091
2025-10-20 04:45:00,1760953500000,212.86,212.86,212.39,212.75,25407.0,212.6043
2025-10-20 05:00:00,1760954400000,212.78,212.8,212.33,212.62,20767.0,212.5315
2025-10-20 05:15:00,1760955300000,212.56,212.87,212.36,212.5,18817.0,212.5271
2025-10-20 05:30:00,1760956200000,212.52,213.75,212.41,213.0,46878.0,213.0065
2025-10-20 05:45:00,1760957100000,212.82,212.97,212.52,212.56,19646.0,212.7026
2025-10-20 06:00:00,1760958000000,212.58,213.56,212.51,213.27,41600.0,213.0915
2025-10-20 06:15:00,1760958900000,213.27,213.46,213.27,213.36,14597.0,213.3755
2025-10-20 06:30:00,1760959800000,213.33,213.36,213.11,213.15,21144.0,213.2519
2025-10-20 06:45:00,1760960700000,213.22,213.3,213.0,213.11,20362.0,213.106
2025-10-20 07:00:00,1760961600000,212.75,215.0,211.8,213.1504,333934.0,213.3593
2025-10-20 07:15:00,1760962500000,213.17,213.44,213.1,213.3,38548.0,213.3043
2025-10-20 07:30:00,1760963400000,213.35,213.85,213.302,213.7,51067.0,213.5576
2025-10-20 07:45:00,1760964300000,213.6799,214.0,213.48,213.66,52020.0,213.6919
2025-10-20 08:00:00,1760965200000,213.73,214.1,213.7,213.74,96516.0,213.8985
2025-10-20 08:15:00,1760966100000,213.72,213.95,213.5507,213.9206,73325.0,213.6818
2025-10-20 08:30:00,1760967000000,213.88,214.7,213.59,214.2077,3005047.0,214.1611
2025-10-20 08:45:00,1760967900000,214.215,215.02,214.2,214.64,1753005.0,214.6835
2025-10-20 09:00:00,1760968800000,214.67,215.37,214.57,215.125,1518631.0,214.9502
2025-10-20 09:15:00,1760969700000,215.14,215.335,214.72,215.33,1182889.0,215.0315
2025-10-20 09:30:00,1760970600000,215.34,215.63,215.07,215.63,1640848.0,215.3545
2025-10-20 09:45:00,1760971500000,215.61,215.66,215.21,215.48,817453.0,215.4108
2025-10-20 10:00:00,1760972400000,215.49,215.58,214.74,214.74,951428.0,215.2093
2025-10-20 10:15:00,1760973300000,214.74,215.315,214.56,214.65,1074489.0,214.9133
2025-10-20 10:30:00,1760974200000,214.655,215.191,214.51,214.88,821096.0,214.8971
2025-10-20 10:45:00,1760975100000,214.8833,214.915,214.49,214.605,835519.0,214.7118
2025-10-20 11:00:00,1760976000000,214.61,215.0399,214.52,214.675,704386.0,214.7606
2025-10-20 11:15:00,1760976900000,214.66,215.02,214.6382,214.88,574593.0,214.8235
2025-10-20 11:30:00,1760977800000,214.87,214.96,214.675,214.8801,471676.0,214.8145
2025-10-20 11:45:00,1760978700000,214.9,214.9699,214.72,214.8182,446206.0,214.8661
2025-10-20 12:00:00,1760979600000,214.83,215.23,214.77,215.19,493006.0,215.0711
2025-10-20 12:15:00,1760980500000,215.19,216.05,215.0703,215.69,1185511.0,215.6465
2025-10-20 12:30:00,1760981400000,215.6811,215.92,215.53,215.8328,629806.0,215.7324
2025-10-20 12:45:00,1760982300000,215.83,215.83,215.55,215.6645,441394.0,215.6776
2025-10-20 13:00:00,1760983200000,215.66,216.15,215.65,216.0698,645573.0,215.886
2025-10-20 13:15:00,1760984100000,216.06,216.065,215.7,215.72,587076.0,215.8558
2025-10-20 13:30:00,1760985000000,215.72,215.98,215.66,215.97,644460.0,215.8262
2025-10-20 13:45:00,1760985900000,215.97,216.36,215.86,216.2,726337.0,216.1541
2025-10-20 14:00:00,1760986800000,216.21,216.61,216.21,216.42,920913.0,216.4329
2025-10-20 14:15:00,1760987700000,216.415,216.435,215.97,216.355,762373.0,216.1813
2025-10-20 14:30:00,1760988600000,216.36,216.525,216.23,216.31,868292.0,216.3645
2025-10-20 14:45:00,1760989500000,216.315,216.69,216.275,216.47,2159215.0,216.5101
2025-10-20 15:00:00,1760990400000,216.48,216.69,216.4721,216.49,2547805.0,216.4816
2025-10-20 15:15:00,1760991300000,216.49,216.57,216.46,216.57,22207.0,216.5055
2025-10-20 15:30:00,1760992200000,216.57,216.64,216.25,216.38,21157.0,216.4857
2025-10-20 15:45:00,1760993100000,216.385,216.5,216.2884,216.5,12908.0,216.1881
2025-10-20 16:00:00,1760994000000,216.4977,216.64,216.45,216.46,12150.0,216.4101
2025-10-20 16:15:00,1760994900000,216.4,216.48,216.4,216.47,1872612.0,216.4791
2025-10-20 16:30:00,1760995800000,216.47,216.5479,216.4,216.47,19972.0,216.4495
2025-10-20 16:45:00,1760996700000,216.4998,216.5,216.3501,216.42,11060.0,216.4235
2025-10-20 17:00:00,1760997600000,216.4,216.42,216.4,216.42,11579.0,216.4122
2025-10-20 17:15:00,1760998500000,216.43,216.54,216.41,216.51,8552.0,216.4717
2025-10-20 17:30:00,1760999400000,216.5484,216.55,216.4918,216.55,6449.0,216.5195
2025-10-20 17:45:00,1761000300000,216.64,216.64,216.45,216.46,9939.0,216.4892
2025-10-20 18:00:00,1761001200000,216.45,216.64,216.45,216.6,9644.0,216.4945
2025-10-20 18:15:00,1761002100000,216.6014,216.64,216.5,216.63,8688.0,216.5684
2025-10-20 18:30:00,1761003000000,216.61,216.75,216.6,216.67,27668.0,216.6841
2025-10-20 18:45:00,1761003900000,216.65,216.7199,216.6,216.67,10781.0,216.6573
2025-10-21 03:00:00,1761033600000,216.51,217.1,216.51,216.8,15701.0,216.8381
2025-10-21 03:15:00,1761034500000,216.81,216.81,216.6,216.6,8671.0,216.6766
2025-10-21 03:30:00,1761035400000,216.85,216.95,216.7,216.7,3775.0,216.874
2025-10-21 03:45:00,1761036300000,216.88,216.88,216.8,216.8,569.0,216.8431
2025-10-21 04:00:00,1761037200000,216.8,217.18,216.8,217.18,3358.0,216.9427
2025-10-21 04:15:00,1761038100000,217.16,217.2,217.0,217.0,3499.0,217.0984
2025-10-21 04:30:00,1761039000000,217.17,217.3,217.11,217.23,3744.0,217.1975
2025-10-21 04:45:00,1761039900000,217.23,217.35,217.18,217.3,8542.0,217.2712
2025-10-21 05:00:00,1761040800000,217.25,217.26,217.24,217.24,1205.0,217.2502
2025-10-21 05:15:00,1761041700000,217.2,217.2,217.1,217.14,2665.0,217.1631
2025-10-21 05:30:00,1761042600000,217.31,217.31,217.15,217.29,4608.0,217.2685
2025-10-21 05:45:00,1761043500000,217.27,217.51,217.0,217.4,17856.0,217.3731
2025-10-21 06:00:00,1761044400000,217.4,217.43,217.1,217.25,27320.0,217.3111
2025-10-21 06:15:00,1761045300000,217.24,217.24,217.1,217.19,8739.0,217.1787
2025-10-21 06:30:00,1761046200000,217.14,217.25,216.99,217.25,13012.0,217.0922
2025-10-21 06:45:00,1761047100000,217.3,217.45,217.16,217.44,15412.0,217.3516
2025-10-21 07:00:00,1761048000000,217.4007,217.7451,216.1,217.66,181830.0,217.1237
2025-10-21 07:15:00,1761048900000,217.7294,217.96,217.4571,217.8,68526.0,217.7738
2025-10-21 07:30:00,1761049800000,217.84,218.45,217.5,218.43,105096.0,217.9756
2025-10-21 07:45:00,1761050700000,218.36,218.5,217.95,217.95,94196.0,218.2773
2025-10-21 08:00:00,1761051600000,218.0,218.3,217.91,218.0,78310.0,218.1273
2025-10-21 08:15:00,1761052500000,217.9329,218.56,217.9329,218.3,98761.0,218.2472
2025-10-21 08:30:00,1761053400000,218.43,220.28,217.99,220.215,5139508.0,219.2724
2025-10-21 08:45:00,1761054300000,220.23,220.84,219.39,220.825,3136209.0,220.1846
2025-10-21 09:00:00,1761055200000,220.825,221.9,220.4,221.865,3255932.0,221.1158
2025-10-21 09:15:00,1761056100000,221.86,222.24,221.42,221.72,2650828.0,221.8367
2025-10-21 09:30:00,1761057000000,221.7,222.0299,221.09,221.18,1882918.0,221.5396
2025-10-21 09:45:00,1761057900000,221.19,221.5,220.77,221.22,1535137.0,221.1463
2025-10-21 10:00:00,1761058800000,221.25,222.37,220.93,222.16,1514703.0,221.7601
2025-10-21 10:15:00,1761059700000,222.1625,222.18,221.65,221.97,1303807.0,221.9583
2025-10-21 10:30:00,1761060600000,221.96,222.25,221.52,222.11,1240706.0,221.9206
2025-10-21 10:45:00,1761061500000,222.105,222.6,222.105,222.37,1240106.0,222.4302
2025-10-21 11:00:00,1761062400000,222.36,222.53,222.07,222.185,1005858.0,222.331
2025-10-21 11:15:00,1761063300000,222.18,223.15,222.1,222.975,1952052.0,222.6739
2025-10-21 11:30:00,1761064200000,222.97,223.32,222.61,223.05,1491448.0,222.9112
2025-10-21 11:45:00,1761065100000,223.06,223.29,222.16,222.2,1190852.0,222.7967
2025-10-21 12:00:00,1761066000000,222.18,222.29,221.6301,222.0295,1469511.0,222.0072
2025-10-21 12:15:00,1761066900000,222.03,222.07,221.155,221.55,1200912.0,221.4802
2025-10-21 12:30:00,1761067800000,221.545,222.21,221.52,222.09,775879.0,221.9204
2025-10-21 12:45:00,1761068700000,222.095,222.19,221.9085,222.16,529896.0,222.0377
2025-10-21 13:00:00,1761069600000,222.17,222.3952,221.9902,222.237,1499723.0,222.1495
2025-10-21 13:15:00,1761070500000,222.22,222.67,222.0256,222.5843,812202.0,222.3374
2025-10-21 13:30:00,1761071400000,222.59,222.65,222.48,222.545,665951.0,222.5744
2025-10-21 13:45:00,1761072300000,222.54,223.1499,222.52,222.9101,1444608.0,222.7347
2025-10-21 14:00:00,1761073200000,222.91,223.02,222.63,222.77,889299.0,222.8356
2025-10-21 14:15:00,1761074100000,222.77,222.7822,222.2401,222.46,906131.0,222.5412
2025-10-21 14:30:00,1761075000000,222.46,222.4913,222.04,222.285,1060194.0,222.2337
2025-10-21 14:45:00,1761075900000,222.2918,222.43,221.95,222.03,2491630.0,222.2152
2025-10-21 15:00:00,1761076800000,222.03,222.23,221.45,221.71,303097.0,221.989
2025-10-21 15:15:00,1761077700000,221.7,222.03,221.61,222.03,135627.0,221.9628
2025-10-21 15:30:00,1761078600000,221.65,221.65,221.5,221.6002,23190.0,221.6118
2025-10-21 15:45:00,1761079500000,221.65,221.9,221.6,221.82,12069.0,221.717
2025-10-21 16:00:00,1761080400000,221.8999,221.8999,221.72,221.8483,10973.0,221.7779
2025-10-21 16:15:00,1761081300000,221.8484,222.03,221.5,221.6999,17163.0,221.6166
2025-10-21 16:30:00,1761082200000,222.03,222.03,218.0,218.75,120576.0,219.6773
2025-10-21 16:45:00,1761083100000,218.3827,219.77,217.21,218.86,378898.0,218.2125
2025-10-21 17:00:00,1761084000000,218.79,219.0,218.37,218.65,109942.0,218.7126
2025-10-21 17:15:00,1761084900000,218.71,218.9,218.54,218.9,115513.0,218.6942
2025-10-21 17:30:00,1761085800000,218.89,218.9,218.35,218.3899,67532.0,218.6371
2025-10-21 17:45:00,1761086700000,218.43,219.2,218.43,219.0581,54078.0,218.7545
2025-10-21 18:00:00,1761087600000,219.17,219.79,219.0,219.6,67036.0,219.5065
2025-10-21 18:15:00,1761088500000,219.6,219.9,219.6,219.8828,39127.0,219.7832
2025-10-21 18:30:00,1761089400000,219.7899,219.867,219.7001,219.8,21076.0,219.7792
2025-10-21 18:45:00,1761090300000,219.84,220.2,219.6421,220.0,46083.0,219.8867
2025-10-22 03:00:00,1761120000000,220.88,221.09,220.2,220.44,23700.0,220.5489
2025-10-22 03:15:00,1761120900000,220.5,220.67,220.15,220.67,8472.0,220.4426
2025-10-22 03:30:00,1761121800000,220.67,220.83,220.35,220.45,10432.0,220.5304
2025-10-22 03:45:00,1761122700000,220.55,220.55,220.29,220.29,5793.0,220.4496
2025-10-22 04:00:00,1761123600000,220.32,220.32,219.92,219.92,14758.0,220.0635
2025-10-22 04:15:00,1761124500000,220.0,220.24,219.88,220.05,15658.0,220.0209
2025-10-22 04:30:00,1761125400000,220.0,220.06,219.75,219.9,17706.0,219.8498
2025-10-22 04:45:00,1761126300000,219.99,219.99,219.5,219.59,18074.0,219.5536
2025-10-22 05:00:00,1761127200000,219.82,219.82,219.6,219.65,4395.0,219.6606
2025-10-22 05:15:00,1761128100000,219.7,220.35,219.7,220.29,12614.0,220.0859
2025-10-22 05:30:00,1761129000000,220.17,220.2,220.0,220.05,8305.0,220.0847
2025-10-22 05:45:00,1761129900000,220.14,220.37,220.06,220.18,10578.0,220.2386
2025-10-22 06:00:00,1761130800000,220.29,221.0,219.73,219.81,72189.0,220.299
2025-10-22 06:15:00,1761131700000,219.93,219.93,219.1,219.1,41902.0,219.5214
2025-10-22 06:30:00,1761132600000,219.25,219.43,219.02,219.3,25392.0,219.2077
2025-10-22 06:45:00,1761133500000,219.3,219.3,219.07,219.14,19024.0,219.1941
2025-10-22 07:00:00,1761134400000,220.37,221.0,218.8902,219.5,217665.0,219.7466
2025-10-22 07:15:00,1761135300000,219.4042,219.6,219.05,219.25,52714.0,219.4009
2025-10-22 07:30:00,1761136200000,219.23,219.3938,219.0,219.2899,52480.0,219.2169
2025-10-22 07:45:00,1761137100000,219.29,219.3989,219.19,219.25,40912.0,219.2702
2025-10-22 08:00:00,1761138000000,219.3253,219.5,219.16,219.42,68890.0,219.2796
2025-10-22 08:15:00,1761138900000,219.4298,219.75,219.0,219.44,119076.0,219.3775
2025-10-22 08:30:00,1761139800000,219.3,220.005,218.28,218.87,4088557.0,218.9875
2025-10-22 08:45:00,1761140700000,218.85,219.005,218.06,218.72,1819062.0,218.6953
2025-10-22 09:00:00,1761141600000,218.775,218.87,217.95,217.959,1841961.0,218.4808
2025-10-22 09:15:00,1761142500000,217.97,218.5,217.33,217.438,1862399.0,217.8953
2025-10-22 09:30:00,1761143400000,217.46,217.76,217.17,217.35,1561304.0,217.4357
2025-10-22 09:45:00,1761144300000,217.3362,218.57,216.91,218.52,2035342.0,217.5322
2025-10-22 10:00:00,1761145200000,218.51,218.51,217.7775,217.9893,1468235.0,218.1592
2025-10-22 10:15:00,1761146100000,218.0,218.96,217.91,218.7399,1360430.0,218.4081
2025-10-22 10:30:00,1761147000000,218.74,219.08,218.54,218.97,1007644.0,218.8348
2025-10-22 10:45:00,1761147900000,218.98,219.76,218.98,219.41,1029525.0,219.4274
2025-10-22 11:00:00,1761148800000,219.39,219.495,218.56,218.775,762360.0,218.9891
2025-10-22 11:15:00,1761149700000,218.8,219.21,218.38,218.97,700065.0,218.8677
2025-10-22 11:30:00,1761150600000,218.96,219.06,217.48,218.5195,1140145.0,218.3481
2025-10-22 11:45:00,1761151500000,218.54,219.0,218.3104,218.351,1260498.0,218.6495
2025-10-22 12:00:00,1761152400000,218.35,218.465,217.68,217.7,965917.0,218.0004
2025-10-22 12:15:00,1761153300000,217.71,217.88,217.5,217.8,647951.0,217.6641
2025-10-22 12:30:00,1761154200000,217.77,217.81,216.74,216.89,1029020.0,217.2051
2025-10-22 12:45:00,1761155100000,216.89,217.17,216.52,216.98,976838.0,216.8589
2025-10-22 13:00:00,1761156000000,216.96,217.2,216.7,216.89,787175.0,217.0239
2025-10-22 13:15:00,1761156900000,216.885,217.57,216.615,217.305,1642899.0,217.0939
2025-10-22 13:30:00,1761157800000,217.305,217.62,217.0901,217.47,694389.0,217.3889
2025-10-22 13:45:00,1761158700000,217.46,217.6,217.01,217.385,581596.0,217.3024
2025-10-22 14:00:00,1761159600000,217.36,218.03,217.04,217.79,1527998.0,217.6472
2025-10-22 14:15:00,1761160500000,217.81,218.34,217.81,218.275,904096.0,218.0762
2025-10-22 14:30:00,1761161400000,218.29,218.38,217.87,217.91,933318.0,218.0621
2025-10-22 14:45:00,1761162300000,217.9,218.26,217.5,217.98,2553752.0,217.9524
2025-10-22 15:00:00,1761163200000,217.98,218.25,217.8082,217.97,377528.0,217.9661
2025-10-22 15:15:00,1761164100000,217.95,218.0,217.7,217.78,36913.0,217.854
2025-10-22 15:30:00,1761165000000,217.8986,218.39,217.7454,218.0491,24177.0,218.0192
2025-10-22 15:45:00,1761165900000,218.05,218.08,218.0,218.04,12985.0,217.9479
2025-10-22 16:00:00,1761166800000,218.04,218.2,217.94,217.94,19882.0,217.8549
2025-10-22 16:15:00,1761167700000,217.9375,217.95,217.8304,217.95,13679.0,218.0322
2025-10-22 16:30:00,1761168600000,217.9,218.0,217.85,217.95,10431.0,217.9457
2025-10-22 16:45:00,1761169500000,217.95,218.1,217.83,218.0506,19480.0,217.9668
2025-10-22 17:00:00,1761170400000,218.22,218.5,218.09,218.22,35211.0,218.2522
2025-10-22 17:15:00,1761171300000,218.26,218.5,218.25,218.4,12931.0,218.3915
2025-10-22 17:30:00,1761172200000,218.3452,218.49,218.25,218.39,9298.0,218.3419
2025-10-22 17:45:00,1761173100000,218.31,218.37,218.07,218.2,15581.0,218.2139
2025-10-22 18:00:00,1761174000000,218.17,218.48,218.17,218.26,11124.0,218.2981
2025-10-22 18:15:00,1761174900000,218.2887,218.4099,218.2,218.3,8917.0,218.3079
2025-10-22 18:30:00,1761175800000,218.3,218.32,218.16,218.32,4393.0,218.231
2025-10-22 18:45:00,1761176700000,218.16,218.3,218.05,218.05,25314.0,218.1711
2025-10-23 03:00:00,1761206400000,219.2,219.67,219.2,219.6,11900.0,219.4667
2025-10-23 03:15:00,1761207300000,219.36,219.5,219.32,219.33,8033.0,219.4174
2025-10-23 03:30:00,1761208200000,219.38,219.49,219.35,219.45,3475.0,219.4237
2025-10-23 03:45:00,1761209100000,219.35,219.35,219.26,219.31,5109.0,219.3229
2025-10-23 04:00:00,1761210000000,219.22,219.6,219.22,219.52,14280.0,219.505
2025-10-23 04:15:00,1761210900000,219.52,219.52,219.0,219.15,8975.0,219.2733
2025-10-23 04:30:00,1761211800000,219.19,219.3,219.15,219.28,3015.0,219.254
2025-10-23 04:45:00,1761212700000,219.15,219.35,219.02,219.07,2908.0,219.1197
2025-10-23 05:00:00,1761213600000,219.29,219.29,218.0,219.1,8600.0,218.829
2025-10-23 05:15:00,1761214500000,219.06,219.11,218.77,219.0,3738.0,219.029
2025-10-23 05:30:00,1761215400000,218.96,218.99,218.92,218.92,2502.0,218.9556
2025-10-23 05:45:00,1761216300000,218.94,218.97,218.81,218.86,6229.0,218.8957
2025-10-23 06:00:00,1761217200000,218.81,218.97,218.44,218.53,21880.0,218.6234
2025-10-23 06:15:00,1761218100000,218.62,218.87,218.62,218.7,8130.0,218.7904
2025-10-23 06:30:00,1761219000000,218.711,218.81,218.6,218.6,4601.0,218.735
2025-10-23 06:45:00,1761219900000,218.6,218.9,218.6,218.82,11463.0,218.7802
2025-10-23 07:00:00,1761220800000,219.25,219.6,218.22,218.75,117497.0,218.9045
2025-10-23 07:15:00,1761221700000,218.8799,218.88,218.35,218.863,21607.0,218.7302
2025-10-23 07:30:00,1761222600000,218.5,218.75,218.16,218.75,21729.0,218.4846
2025-10-23 07:45:00,1761223500000,218.7491,219.19,218.67,219.17,129330.0,218.2183
2025-10-23 08:00:00,1761224400000,219.15,219.33,218.7069,218.84,64890.0,219.1189
2025-10-23 08:15:00,1761225300000,218.88,219.25,218.73,218.9,34672.0,218.9501
2025-10-23 08:30:00,1761226200000,219.0,220.3,218.18,220.28,2583129.0,219.0275
2025-10-23 08:45:00,1761227100000,220.3,220.81,220.06,220.55,1984288.0,220.438
2025-10-23 09:00:00,1761228000000,220.55,220.59,219.25,219.75,1935463.0,219.7628
2025-10-23 09:15:00,1761228900000,219.73,219.98,219.12,219.8856,932726.0,219.6039
2025-10-23 09:30:00,1761229800000,219.91,220.62,219.75,220.4,984550.0,220.2441
2025-10-23 09:45:00,1761230700000,220.41,220.65,219.825,220.42,1067075.0,220.298
2025-10-23 10:00:00,1761231600000,220.43,220.44,220.09,220.19,556348.0,220.3015
2025-10-23 10:15:00,1761232500000,220.185,220.32,219.78,220.26,733857.0,220.0635
2025-10-23 10:30:00,1761233400000,220.27,220.36,219.45,219.45,646855.0,219.9614
2025-10-23 10:45:00,1761234300000,219.47,220.25,219.3914,219.97,637560.0,219.8596
2025-10-23 11:00:00,1761235200000,219.97,220.345,219.92,220.14,501754.0,220.1622
2025-10-23 11:15:00,1761236100000,220.1407,220.265,220.01,220.07,449934.0,220.167
2025-10-23 11:30:00,1761237000000,220.06,220.48,220.0,220.43,431867.0,220.2218
2025-10-23 11:45:00,1761237900000,220.4399,220.55,220.1805,220.25,460229.0,220.3918
2025-10-23 12:00:00,1761238800000,220.255,220.6838,219.87,220.28,701480.0,220.3052
2025-10-23 12:15:00,1761239700000,220.285,220.2999,219.75,219.77,455884.0,219.9934
2025-10-23 12:30:00,1761240600000,219.7601,220.32,219.7,220.2734,492258.0,220.0493
2025-10-23 12:45:00,1761241500000,220.2798,220.7198,220.195,220.7198,506092.0,220.446
2025-10-23 13:00:00,1761242400000,220.71,220.71,220.2301,220.325,565102.0,220.4578
2025-10-23 13:15:00,1761243300000,220.325,220.69,220.16,220.6,514416.0,220.5027
2025-10-23 13:30:00,1761244200000,220.59,220.67,220.35,220.375,462057.0,220.5076
2025-10-23 13:45:00,1761245100000,220.375,220.635,220.25,220.5301,407346.0,220.4529
2025-10-23 14:00:00,1761246000000,220.55,220.735,220.37,220.6658,733831.0,220.5723
2025-10-23 14:15:00,1761246900000,220.665,221.2198,220.64,220.965,1261815.0,220.9052
2025-10-23 14:30:00,1761247800000,220.97,221.28,220.97,221.08,1036710.0,221.1309
2025-10-23 14:45:00,1761248700000,221.085,221.3,220.67,221.09,3558459.0,221.0542
2025-10-23 15:00:00,1761249600000,221.09,221.4,220.8746,221.35,1141060.0,221.1036
2025-10-23 15:15:00,1761250500000,221.3756,221.4,221.09,221.12,31389.0,221.2773
2025-10-23 15:30:00,1761251400000,221.13,221.13,219.0,220.3999,132283.0,220.1603
2025-10-23 15:45:00,1761252300000,220.3982,220.79,220.0,220.35,72495.0,220.3172
2025-10-23 16:00:00,1761253200000,220.3002,221.09,220.27,220.3492,277939.0,220.9744
2025-10-23 16:15:00,1761254100000,220.35,220.35,220.32,220.35,18977.0,220.3446
2025-10-23 16:30:00,1761255000000,220.3497,220.35,220.34,220.35,15878.0,220.3468
2025-10-23 16:45:00,1761255900000,220.35,220.35,220.22,220.29,21482.0,220.331
2025-10-23 17:00:00,1761256800000,220.33,220.83,220.33,220.76,19229.0,220.6437
2025-10-23 17:15:00,1761257700000,220.5909,220.75,220.5201,220.6,7449.0,220.5968
2025-10-23 17:30:00,1761258600000,220.67,220.68,220.5279,220.56,3054.0,220.6089
2025-10-23 17:45:00,1761259500000,220.66,220.66,220.5067,220.56,2412.0,220.592
2025-10-23 18:00:00,1761260400000,220.522,220.64,220.5,220.6,5780.0,220.579
2025-10-23 18:15:00,1761261300000,220.6,220.66,220.5,220.5,15277.0,220.6288
2025-10-23 18:30:00,1761262200000,220.4035,220.66,220.4035,220.51,5873.0,220.5613
2025-10-23 18:45:00,1761263100000,220.45,220.61,220.38,220.61,20198.0,220.494
2025-10-24 03:00:00,1761292800000,221.3,221.3,220.65,221.05,17326.0,221.0795
2025-10-24 03:15:00,1761293700000,221.01,221.12,220.95,221.1,7133.0,221.0525
2025-10-24 03:30:00,1761294600000,221.0,221.11,220.92,221.11,7112.0,220.99
2025-10-24 03:45:00,1761295500000,221.11,221.25,220.9,220.9,5594.0,221.1299
2025-10-24 04:00:00,1761296400000,221.05,221.13,220.98,220.98,4291.0,221.0647
2025-10-24 04:15:00,1761297300000,220.97,221.12,220.83,221.12,5741.0,221.0094
2025-10-24 04:30:00,1761298200000,221.07,221.2,220.93,221.2,3206.0,221.069
2025-10-24 04:45:00,1761299100000,221.03,221.26,221.01,221.03,13321.0,221.1398
2025-10-24 05:00:00,1761300000000,221.01,221.01,220.81,220.9,15091.0,220.9164
2025-10-24 05:15:00,1761300900000,220.9,220.91,220.49,220.5,17354.0,220.6281
2025-10-24 05:30:00,1761301800000,220.5,220.74,220.37,220.5,36095.0,220.5119
2025-10-24 05:45:00,1761302700000,220.54,220.7,220.34,220.51,7294.0,220.5076
2025-10-24 06:00:00,1761303600000,220.45,220.79,220.45,220.7,21738.0,220.6787
2025-10-24 06:15:00,1761304500000,220.7,220.71,220.51,220.63,8308.0,220.627
2025-10-24 06:30:00,1761305400000,220.7,220.7,220.6,220.65,5526.0,220.6542
2025-10-24 06:45:00,1761306300000,220.65,220.65,220.55,220.55,13613.0,220.6259
2025-10-24 07:00:00,1761307200000,221.17,221.43,220.36,220.3774,134613.0,220.7636
2025-10-24 07:15:00,1761308100000,220.39,220.5,220.3,220.4999,34243.0,220.3896
2025-10-24 07:30:00,1761309000000,220.49,221.8763,220.49,221.57,204623.0,221.5229
2025-10-24 07:45:00,1761309900000,221.7,222.16,221.41,221.67,146638.0,221.8411
2025-10-24 08:00:00,1761310800000,221.6,221.75,221.45,221.5699,75082.0,221.5944
2025-10-24 08:15:00,1761311700000,221.55,222.4,221.54,221.9,133376.0,222.0116
2025-10-24 08:30:00,1761312600000,221.97,223.87,221.9,223.59,3397475.0,223.0312
2025-10-24 08:45:00,1761313500000,223.62,224.1099,222.85,223.61,1834452.0,223.4975
2025-10-24 09:00:00,1761314400000,223.6,224.64,223.55,224.28,2399017.0,224.1868
2025-10-24 09:15:00,1761315300000,224.28,224.37,223.44,223.48,1405178.0,223.8353
2025-10-24 09:30:00,1761316200000,223.47,224.03,223.23,223.95,865180.0,223.6145
2025-10-24 09:45:00,1761317100000,223.95,223.9699,222.8704,223.145,1018004.0,223.3382
2025-10-24 10:00:00,1761318000000,223.17,223.75,222.98,223.2686,1125221.0,223.3232
2025-10-24 10:15:00,1761318900000,223.2799,224.07,223.27,223.79,2232248.0,223.4996
2025-10-24 10:30:00,1761319800000,223.8,224.27,223.5509,223.565,1719757.0,223.8664
2025-10-24 10:45:00,1761320700000,223.57,224.58,223.47,224.38,1183758.0,224.213
2025-10-24 11:00:00,1761321600000,224.38,224.6699,224.2101,224.5048,845459.0,224.4651
2025-10-24 11:15:00,1761322500000,224.49,224.8388,224.43,224.7652,1207779.0,224.6033
2025-10-24 11:30:00,1761323400000,224.75,225.26,224.5,224.645,1242787.0,224.816
2025-10-24 11:45:00,1761324300000,224.64,225.23,224.61,225.02,867489.0,224.9991
2025-10-24 12:00:00,1761325200000,225.01,225.16,224.68,224.7823,832954.0,224.9529
2025-10-24 12:15:00,1761326100000,224.795,225.03,224.68,224.84,598186.0,224.8637
2025-10-24 12:30:00,1761327000000,224.84,225.0999,224.8182,224.9741,584222.0,224.9551
2025-10-24 12:45:00,1761327900000,224.97,225.4,224.8545,224.88,861571.0,225.2127
2025-10-24 13:00:00,1761328800000,224.85,224.98,224.641,224.855,783094.0,224.7981
2025-10-24 13:15:00,1761329700000,224.855,225.08,224.63,224.85,665077.0,224.8771
2025-10-24 13:30:00,1761330600000,224.855,224.93,224.69,224.77,603323.0,224.8223
2025-10-24 13:45:00,1761331500000,224.7712,224.7712,224.48,224.65,835658.0,224.6232
2025-10-24 14:00:00,1761332400000,224.66,224.68,224.08,224.14,840117.0,224.3456
2025-10-24 14:15:00,1761333300000,224.14,224.47,224.13,224.335,758364.0,224.2977
2025-10-24 14:30:00,1761334200000,224.33,224.47,224.12,224.3152,1445294.0,224.3255
2025-10-24 14:45:00,1761335100000,224.32,224.67,224.0,224.23,2649441.0,224.4055
2025-10-24 15:00:00,1761336000000,224.21,224.39,224.0,224.21,552408.0,224.2075
2025-10-24 15:15:00,1761336900000,224.2729,224.28,224.0,224.07,15673.0,224.1439
2025-10-24 15:30:00,1761337800000,224.05,224.2,223.9,223.91,34071.0,224.0141
2025-10-24 15:45:00,1761338700000,223.95,224.0,223.9,224.0,15092.0,223.9416
2025-10-24 16:00:00,1761339600000,223.95,224.21,223.93,224.0,13849.0,224.0167
2025-10-24 16:15:00,1761340500000,223.97,224.18,223.97,224.18,17055.0,224.0445
2025-10-24 16:30:00,1761341400000,224.1,224.2699,224.01,224.25,13294.0,224.1984
2025-10-24 16:45:00,1761342300000,224.3,224.45,224.2,224.39,10954.0,224.3225
2025-10-24 17:00:00,1761343200000,224.35,224.48,224.35,224.4,7335.0,224.4027
2025-10-24 17:15:00,1761344100000,224.42,224.4266,224.15,224.21,16931.0,224.2816
2025-10-24 17:30:00,1761345000000,224.34,224.34,224.2837,224.34,8240.0,224.3282
2025-10-24 17:45:00,1761345900000,224.35,224.39,224.28,224.3403,4587.0,224.3563
2025-10-24 18:00:00,1761346800000,224.31,224.39,224.25,224.39,6579.0,224.2877
2025-10-24 18:15:00,1761347700000,224.39,224.48,224.3,224.48,5544.0,224.3638
2025-10-24 18:30:00,1761348600000,224.4,224.48,224.2701,224.48,8039.0,224.3812
2025-10-24 18:45:00,1761349500000,224.48,224.48,224.3187,224.3187,8491.0,224.3838
2025-10-27 03:00:00,1761552000000,226.24,227.76,226.24,227.5,47420.0,227.4289
2025-10-27 03:15:00,1761552900000,227.61,227.67,227.35,227.47,32088.0,227.4935
2025-10-27 03:30:00,1761553800000,227.36,227.78,227.34,227.78,23825.0,227.5501
2025-10-27 03:45:00,1761554700000,227.83,228.14,227.8,227.9,24608.0,227.9613
2025-10-27 04:00:00,1761555600000,227.9,228.11,227.78,228.0,22962.0,227.9635
2025-10-27 04:15:00,1761556500000,228.08,228.13,227.98,228.05,19954.0,228.0187
2025-10-27 04:30:00,1761557400000,228.12,228.38,228.0,228.2,22595.0,228.2039
2025-10-27 04:45:00,1761558300000,228.17,228.6,228.01,228.6,30321.0,228.4414
2025-10-27 05:00:00,1761559200000,228.6,228.68,228.52,228.68,26180.0,228.5847
2025-10-27 05:15:00,1761560100000,228.68,228.75,228.46,228.66,27514.0,228.6175
2025-10-27 05:30:00,1761561000000,228.65,228.77,228.64,228.77,30043.0,228.6721
2025-10-27 05:45:00,1761561900000,228.76,228.98,228.64,228.65,35303.0,228.7303
2025-10-27 06:00:00,1761562800000,228.65,228.88,228.6,228.65,95869.0,228.6723
2025-10-27 06:15:00,1761563700000,228.65,228.7,228.34,228.38,51800.0,228.578
2025-10-27 06:30:00,1761564600000,228.23,228.36,228.2,228.25,30974.0,228.269
2025-10-27 06:45:00,1761565500000,228.25,228.3,228.0,228.17,38826.0,228.1362
2025-10-27 07:00:00,1761566400000,228.7,228.9,226.72,228.28,328544.0,228.1192
2025-10-27 07:15:00,1761567300000,228.32,228.32,228.0526,228.12,37078.0,228.1102
2025-10-27 07:30:00,1761568200000,228.15,228.32,228.1,228.23,36680.0,228.1957
2025-10-27 07:45:00,1761569100000,228.25,228.71,228.1,228.1183,56213.0,228.2955
2025-10-27 08:00:00,1761570000000,228.29,228.31,228.1,228.2,42942.0,228.1659
2025-10-27 08:15:00,1761570900000,228.1015,228.3,227.5,227.76,107917.0,227.9767
2025-10-27 08:30:00,1761571800000,227.66,228.22,226.52,227.3101,3690796.0,227.4488
2025-10-27 08:45:00,1761572700000,227.31,228.1,226.95,227.82,1695347.0,227.6611
2025-10-27 09:00:00,1761573600000,227.83,228.4,227.26,227.43,1533214.0,227.9201
2025-10-27 09:15:00,1761574500000,227.43,227.6899,227.04,227.3528,937027.0,227.3268
2025-10-27 09:30:00,1761575400000,227.33,227.4514,227.13,227.1899,868131.0,227.2561
2025-10-27 09:45:00,1761576300000,227.19,227.337,226.77,226.86,979996.0,227.0175
2025-10-27 10:00:00,1761577200000,226.84,227.11,226.6107,226.9299,964792.0,226.8754
2025-10-27 10:15:00,1761578100000,226.9184,227.1399,226.64,226.9335,818086.0,226.8868
2025-10-27 10:30:00,1761579000000,226.94,227.14,226.83,227.135,574813.0,226.976
2025-10-27 10:45:00,1761579900000,227.15,227.19,226.85,227.09,574868.0,227.0297
2025-10-27 11:00:00,1761580800000,227.1,227.72,226.9944,227.7005,819473.0,227.3782
2025-10-27 11:15:00,1761581700000,227.69,227.94,227.28,227.31,854235.0,227.691
2025-10-27 11:30:00,1761582600000,227.32,227.51,227.21,227.225,755787.0,227.4119
2025-10-27 11:45:00,1761583500000,227.24,227.75,227.17,227.715,739281.0,227.5045
2025-10-27 12:00:00,1761584400000,227.715,227.89,227.61,227.75,604682.0,227.7695
2025-10-27 12:15:00,1761585300000,227.74,227.8799,227.3,227.38,530419.0,227.5263
2025-10-27 12:30:00,1761586200000,227.39,227.93,227.37,227.76,558162.0,227.6114
2025-10-27 12:45:00,1761587100000,227.78,227.83,227.631,227.68,663078.0,227.7306
2025-10-27 13:00:00,1761588000000,227.68,227.75,227.59,227.71,461666.0,227.6689
2025-10-27 13:15:00,1761588900000,227.72,227.97,227.582,227.82,585476.0,227.7492
2025-10-27 13:30:00,1761589800000,227.82,228.0,227.13,227.3049,1526141.0,227.5283
2025-10-27 13:45:00,1761590700000,227.3119,227.8,225.54,226.7,2840586.0,226.6853
2025-10-27 14:00:00,1761591600000,226.71,226.98,226.41,226.445,1197354.0,226.7106
2025-10-27 14:15:00,1761592500000,226.44,226.83,226.4,226.73,1007245.0,226.6481
2025-10-27 14:30:00,1761593400000,226.7355,227.04,226.55,226.74,1469834.0,226.7882
2025-10-27 14:45:00,1761594300000,226.75,227.52,226.66,226.985,3517208.0,227.0363
2025-10-27 15:00:00,1761595200000,226.97,227.21,226.6,226.72,652075.0,226.9617
2025-10-27 15:15:00,1761596100000,226.6358,227.18,226.6358,227.15,64059.0,226.9562
2025-10-27 15:30:00,1761597000000,227.1003,227.15,226.85,227.14,39152.0,227.0351
2025-10-27 15:45:00,1761597900000,227.1394,227.3014,226.97,227.2984,392659.0,226.9945
2025-10-27 16:00:00,1761598800000,227.27,227.6,227.2,227.4958,56726.0,227.39
2025-10-27 16:15:00,1761599700000,227.4811,227.62,227.41,227.6188,54448.0,227.5604
2025-10-27 16:30:00,1761600600000,227.62,227.8,227.56,227.68,30293.0,227.6695
2025-10-27 16:45:00,1761601500000,227.72,227.72,227.56,227.56,17119.0,227.6519
2025-10-27 17:00:00,1761602400000,227.62,227.7,227.4507,227.61,21563.0,227.5563
2025-10-27 17:15:00,1761603300000,227.6,227.88,226.97,227.76,30214.0,227.727
2025-10-27 17:30:00,1761604200000,227.81,227.8799,227.7,227.8,15868.0,227.7885
2025-10-27 17:45:00,1761605100000,227.8,227.88,227.76,227.82,18191.0,227.8114
2025-10-27 18:00:00,1761606000000,227.79,227.82,227.6108,227.7823,22653.0,227.7438
2025-10-27 18:15:00,1761606900000,227.78,227.78,227.65,227.73,21401.0,227.7154
2025-10-27 18:30:00,1761607800000,227.73,227.75,227.68,227.68,14801.0,227.7121
2025-10-27 18:45:00,1761608700000,227.69,227.7,227.53,227.65,22860.0,227.6405
2025-10-28 03:00:00,1761638400000,227.6,227.81,227.44,227.44,16496.0,227.6116
2025-10-28 03:15:00,1761639300000,227.26,227.5,227.01,227.43,12525.0,227.1991
2025-10-28 03:30:00,1761640200000,227.49,227.55,227.2,227.39,4837.0,227.3914
2025-10-28 03:45:00,1761641100000,227.55,227.66,227.42,227.6,7604.0,227.5457
2025-10-28 04:00:00,1761642000000,227.63,227.63,227.61,227.62,2808.0,227.631
2025-10-28 04:15:00,1761642900000,227.75,227.9,227.74,227.85,13759.0,227.8148
2025-10-28 04:30:00,1761643800000,227.98,228.15,227.9,227.96,15912.0,228.0131
2025-10-28 04:45:00,1761644700000,228.0,228.42,228.0,228.4,17135.0,228.1794
2025-10-28 05:00:00,1761645600000,228.5,228.65,228.06,228.37,20932.0,228.3941
2025-10-28 05:15:00,1761646500000,228.38,228.58,228.38,228.52,11797.0,228.4569
2025-10-28 05:30:00,1761647400000,228.58,228.79,228.05,228.2,53809.0,228.4237
2025-10-28 05:45:00,1761648300000,228.2,228.42,228.15,228.2,16851.0,228.2599
2025-10-28 06:00:00,1761649200000,228.15,229.25,227.91,229.1,164082.0,228.6082
2025-10-28 06:15:00,1761650100000,229.14,229.14,228.53,228.67,33794.0,228.8453
2025-10-28 06:30:00,1761651000000,228.68,228.85,228.53,228.7,27573.0,228.6928
2025-10-28 06:45:00,1761651900000,228.74,228.85,228.63,228.7,31873.0,228.7772
2025-10-28 07:00:00,1761652800000,228.2,229.2,227.3,228.77,289439.0,228.5062
2025-10-28 07:15:00,1761653700000,228.78,228.8299,228.54,228.82,36222.0,228.6851
2025-10-28 07:30:00,1761654600000,228.8299,228.84,228.33,228.36,55000.0,228.5334
2025-10-28 07:45:00,1761655500000,228.3749,228.5484,228.1183,228.37,45364.0,228.3585
2025-10-28 08:00:00,1761656400000,228.32,228.4894,227.0,227.7,245098.0,227.659
2025-10-28 08:15:00,1761657300000,227.8875,228.43,227.5,228.1,139068.0,227.8572
2025-10-28 08:30:00,1761658200000,228.215,228.59,227.2,227.565,3630645.0,227.8475
2025-10-28 08:45:00,1761659100000,227.57,227.695,226.845,227.5405,1988463.0,227.2307
2025-10-28 09:00:00,1761660000000,227.59,227.9231,226.8423,226.975,1521456.0,227.3274
2025-10-28 09:15:00,1761660900000,226.98,227.13,226.21,226.52,1619846.0,226.6643
2025-10-28 09:30:00,1761661800000,226.53,226.86,226.245,226.455,1199563.0,226.5373
2025-10-28 09:45:00,1761662700000,226.455,227.23,226.415,227.18,983927.0,226.8591
2025-10-28 10:00:00,1761663600000,227.175,227.7,227.03,227.6999,1190799.0,227.3667
2025-10-28 10:15:00,1761664500000,227.7,227.885,227.45,227.55,1041008.0,227.6534
2025-10-28 10:30:00,1761665400000,227.54,227.55,227.15,227.325,992646.0,227.3713
2025-10-28 10:45:00,1761666300000,227.3207,228.1199,227.16,228.11,1780563.0,227.5703
2025-10-28 11:00:00,1761667200000,228.12,229.1,228.12,228.6,2191090.0,228.661
2025-10-28 11:15:00,1761668100000,228.59,229.23,228.53,229.11,1809863.0,228.9023
2025-10-28 11:30:00,1761669000000,229.1,229.51,228.6304,229.19,1715177.0,229.0557
2025-10-28 11:45:00,1761669900000,229.19,229.43,229.01,229.14,1083498.0,229.2588
2025-10-28 12:00:00,1761670800000,229.14,229.66,229.05,229.515,1039547.0,229.4682
2025-10-28 12:15:00,1761671700000,229.52,230.8,229.4,230.69,2476120.0,230.1529
2025-10-28 12:30:00,1761672600000,230.69,231.485,230.46,230.74,2208104.0,231.0063
2025-10-28 12:45:00,1761673500000,230.7416,231.235,230.6701,230.7201,1385093.0,230.9303
2025-10-28 13:00:00,1761674400000,230.72,230.77,229.6416,229.7,1244220.0,230.2186
2025-10-28 13:15:00,1761675300000,229.69,230.19,229.39,230.0524,1317661.0,229.7948
2025-10-28 13:30:00,1761676200000,230.06,230.2517,229.77,230.235,882533.0,230.0349
2025-10-28 13:45:00,1761677100000,230.235,230.44,230.1,230.36,689807.0,230.296
2025-10-28 14:00:00,1761678000000,230.36,230.53,230.01,230.365,990148.0,230.3461
2025-10-28 14:15:00,1761678900000,230.36,230.52,230.161,230.3689,963529.0,230.3661
2025-10-28 14:30:00,1761679800000,230.355,230.445,229.0395,229.19,1684395.0,229.7931
2025-10-28 14:45:00,1761680700000,229.2,229.445,228.56,229.24,3202822.0,229.1258
2025-10-28 15:00:00,1761681600000,229.25,229.39,228.51,228.9001,807042.0,229.2379
2025-10-28 15:15:00,1761682500000,228.9885,229.19,228.9,229.02,36110.0,229.0497
2025-10-28 15:30:00,1761683400000,229.02,229.71,228.8,228.9652,52924.0,229.1369
2025-10-28 15:45:00,1761684300000,229.06,229.1,228.51,228.8599,33243.0,228.8093
2025-10-28 16:00:00,1761685200000,228.85,228.98,228.65,228.89,12472.0,228.8218
2025-10-28 16:15:00,1761686100000,228.98,229.0,228.71,228.9,17354.0,228.8634
2025-10-28 16:30:00,1761687000000,228.85,228.95,228.75,228.86,16060.0,228.8512
2025-10-28 16:45:00,1761687900000,228.89,229.0,228.85,228.94,14626.0,228.9663
2025-10-28 17:00:00,1761688800000,228.92,229.21,228.85,229.21,36308.0,229.0186
2025-10-28 17:15:00,1761689700000,229.3,229.32,229.2,229.25,30050.0,229.286
2025-10-28 17:30:00,1761690600000,229.26,229.26,229.0,229.1696,12730.0,229.1395
2025-10-28 17:45:00,1761691500000,229.02,229.3,229.02,229.3,14660.0,229.1849
2025-10-28 18:00:00,1761692400000,229.25,229.3299,229.15,229.2578,28272.0,229.2364
2025-10-28 18:15:00,1761693300000,229.22,229.2601,229.1001,229.15,23418.0,229.1978
2025-10-28 18:30:00,1761694200000,229.12,229.25,229.12,229.15,21729.0,229.1741
2025-10-28 18:45:00,1761695100000,229.24,229.25,229.102,229.17,11845.0,229.1832
2025-10-29 03:00:00,1761724800000,230.22,230.61,229.8,230.08,36195.0,230.2708
2025-10-29 03:15:00,1761725700000,230.0,230.0,229.8,229.8,7951.0,229.9145
2025-10-29 03:30:00,1761726600000,229.7,230.1,229.5,229.69,12550.0,229.73
2025-10-29 03:45:00,1761727500000,229.68,229.78,229.32,229.44,15587.0,229.5722
2025-10-29 04:00:00,1761728400000,229.41,229.5,228.95,229.07,25238.0,229.2115
2025-10-29 04:15:00,1761729300000,229.24,229.48,228.88,229.19,9810.0,229.2146
2025-10-29 04:30:00,1761730200000,228.93,228.99,228.74,228.78,6714.0,228.8188
2025-10-29 04:45:00,1761731100000,228.81,229.1,228.79,229.1,6840.0,228.9689
2025-10-29 05:00:00,1761732000000,229.19,229.39,229.08,229.39,15142.0,229.2062
2025-10-29 05:15:00,1761732900000,229.32,229.5,229.23,229.23,19957.0,229.4095
2025-10-29 05:30:00,1761733800000,229.0,229.0,228.79,229.0,10435.0,228.9503
2025-10-29 05:45:00,1761734700000,229.07,229.32,228.93,228.93,11100.0,229.1096
2025-10-29 06:00:00,1761735600000,228.9,229.25,228.89,229.0,48395.0,229.0709
2025-10-29 06:15:00,1761736500000,228.97,229.45,228.97,229.32,13645.0,229.2581
2025-10-29 06:30:00,1761737400000,229.3,229.7,229.29,229.4,34407.0,229.4932
2025-10-29 06:45:00,1761738300000,229.31,229.46,229.28,229.3,13070.0,229.3474
2025-10-29 07:00:00,1761739200000,228.9,230.68,228.75,229.74,205052.0,229.5189
2025-10-29 07:15:00,1761740100000,229.74,229.74,229.33,229.38,30114.0,229.5858
2025-10-29 07:30:00,1761741000000,229.38,229.4,228.82,229.1018,50780.0,229.052
2025-10-29 07:45:00,1761741900000,229.15,234.0,229.1004,232.6,918526.0,232.1696
2025-10-29 08:00:00,1761742800000,232.6,232.6,231.55,232.36,284373.0,232.0952
2025-10-29 08:15:00,1761743700000,232.28,232.71,231.75,231.8,291285.0,232.2793
2025-10-29 08:30:00,1761744600000,231.672,232.82,229.55,229.63,5115857.0,230.9868
2025-10-29 08:45:00,1761745500000,229.63,230.06,228.95,229.0986,2816303.0,229.5092
2025-10-29 09:00:00,1761746400000,229.105,229.12,227.76,228.64,2686864.0,228.468
2025-10-29 09:15:00,1761747300000,228.64,229.33,228.58,229.13,1487187.0,229.0229
2025-10-29 09:30:00,1761748200000,229.12,229.5,228.86,229.165,1375263.0,229.2213
2025-10-29 09:45:00,1761749100000,229.18,230.43,229.14,230.3374,1905141.0,230.0248
2025-10-29 10:00:00,1761750000000,230.33,230.33,229.7,230.017,1486814.0,230.0065
2025-10-29 10:15:00,1761750900000,230.0294,231.295,229.98,230.535,2291963.0,230.7507
2025-10-29 10:30:00,1761751800000,230.53,231.22,230.34,231.09,1469705.0,230.7623
2025-10-29 10:45:00,1761752700000,231.09,231.6,231.04,231.44,1771614.0,231.3523
2025-10-29 11:00:00,1761753600000,231.43,231.61,230.86,231.385,1531770.0,231.2486
2025-10-29 11:15:00,1761754500000,231.385,231.43,231.06,231.368,830621.0,231.238
2025-10-29 11:30:00,1761755400000,231.38,231.43,231.0345,231.2188,726722.0,231.2659
2025-10-29 11:45:00,1761756300000,231.22,231.37,230.832,230.94,701405.0,231.1264
2025-10-29 12:00:00,1761757200000,230.945,231.07,230.7,230.805,780461.0,230.9041
2025-10-29 12:15:00,1761758100000,230.805,230.98,230.03,230.3722,884835.0,230.492
2025-10-29 12:30:00,1761759000000,230.37,230.431,230.02,230.07,913481.0,230.1617
2025-10-29 12:45:00,1761759900000,230.07,230.07,229.7018,229.95,989089.0,229.8799
2025-10-29 13:00:00,1761760800000,229.95,230.185,228.59,228.635,1595686.0,229.2465
2025-10-29 13:15:00,1761761700000,228.65,229.83,228.635,229.69,1128955.0,229.4718
2025-10-29 13:30:00,1761762600000,229.722,230.12,228.13,228.24,1945688.0,229.048
2025-10-29 13:45:00,1761763500000,228.18,229.82,228.13,229.49,1533687.0,229.1665
2025-10-29 14:00:00,1761764400000,229.51,229.64,228.6401,228.9422,1372787.0,229.0551
2025-10-29 14:15:00,1761765300000,228.97,229.4835,228.71,228.86,945898.0,229.0766
2025-10-29 14:30:00,1761766200000,228.83,229.43,228.32,229.35,1382989.0,228.9442
2025-10-29 14:45:00,1761767100000,229.35,230.65,229.32,230.34,3107587.0,230.0954
2025-10-29 15:00:00,1761768000000,230.3,230.99,227.85,228.9999,664164.0,229.838
2025-10-29 15:15:00,1761768900000,228.91,229.22,228.0,228.77,210474.0,228.5115
2025-10-29 15:30:00,1761769800000,228.7362,230.3,228.02,228.65,121487.0,228.474
2025-10-29 15:45:00,1761770700000,228.6699,228.92,228.4,228.63,101692.0,228.6299
2025-10-29 16:00:00,1761771600000,228.6,228.74,228.05,228.16,651723.0,229.9725
2025-10-29 16:15:00,1761772500000,228.12,228.12,227.65,227.94,108586.0,227.8792
2025-10-29 16:30:00,1761773400000,227.98,228.2,227.65,228.09,64362.0,227.886
2025-10-29 16:45:00,1761774300000,228.12,228.82,225.85,227.17,164877.0,227.3795
2025-10-29 17:00:00,1761775200000,227.13,228.64,226.45,227.76,128763.0,227.6887
2025-10-29 17:15:00,1761776100000,227.76,228.3,227.5601,228.0,52172.0,227.9722
2025-10-29 17:30:00,1761777000000,228.0,228.3,227.88,228.0801,37735.0,228.1161
2025-10-29 17:45:00,1761777900000,228.05,228.68,228.0131,228.59,45310.0,228.3064
2025-10-29 18:00:00,1761778800000,228.56,228.85,228.55,228.6,35056.0,228.6985
2025-10-29 18:15:00,1761779700000,228.6,228.99,228.4462,228.65,33512.0,228.7477
2025-10-29 18:30:00,1761780600000,228.66,228.72,228.35,228.45,28021.0,228.5394
2025-10-29 18:45:00,1761781500000,228.42,228.9494,228.42,228.91,32694.0,228.7836
2025-10-30 03:00:00,1761811200000,230.0,230.0,229.48,229.56,27425.0,229.7606
2025-10-30 03:15:00,1761812100000,229.63,229.63,229.0,229.17,19300.0,229.1914
2025-10-30 03:30:00,1761813000000,228.92,229.36,228.84,229.36,19708.0,229.0625
2025-10-30 03:45:00,1761813900000,229.25,229.25,229.06,229.15,6791.0,229.1459
2025-10-30 04:00:00,1761814800000,229.06,229.23,228.94,229.1,15134.0,229.0758
2025-10-30 04:15:00,1761815700000,229.04,229.14,228.7,229.14,14532.0,228.8964
2025-10-30 04:30:00,1761816600000,229.2,229.29,228.69,228.69,8418.0,228.9636
2025-10-30 04:45:00,1761817500000,228.64,228.78,228.37,228.37,16166.0,228.6182
2025-10-30 05:00:00,1761818400000,228.36,228.46,228.15,228.46,16168.0,228.3006
2025-10-30 05:15:00,1761819300000,228.4,228.9,228.4,228.74,14507.0,228.6385
2025-10-30 05:30:00,1761820200000,228.83,228.91,228.83,228.89,9966.0,228.8662
2025-10-30 05:45:00,1761821100000,228.75,228.86,228.68,228.75,9659.0,228.8014
2025-10-30 06:00:00,1761822000000,228.79,229.5,228.64,229.0,53157.0,229.1116
2025-10-30 06:15:00,1761822900000,229.02,229.4,228.99,229.1,21810.0,229.1334
2025-10-30 06:30:00,1761823800000,229.18,229.55,229.04,229.04,24596.0,229.3438
2025-10-30 06:45:00,1761824700000,229.01,229.05,228.5,228.75,30447.0,228.7439
2025-10-30 07:00:00,1761825600000,228.9,230.45,228.14,228.6,295888.0,229.1126
2025-10-30 07:15:00,1761826500000,228.6,228.6,227.25,227.4985,126123.0,228.0925
2025-10-30 07:30:00,1761827400000,227.47,227.96,227.15,227.33,132325.0,227.565
2025-10-30 07:45:00,1761828300000,227.3,227.4,226.53,227.0028,171040.0,227.0132
2025-10-30 08:00:00,1761829200000,227.14,227.9,227.0,227.35,126152.0,227.3233
2025-10-30 08:15:00,1761830100000,227.35,227.44,226.74,227.0,186301.0,227.0861
2025-10-30 08:30:00,1761831000000,227.06,227.1,223.93,224.735,6583362.0,225.4938
2025-10-30 08:45:00,1761831900000,224.7,227.0899,224.54,226.815,3412940.0,225.7737
2025-10-30 09:00:00,1761832800000,226.84,228.0,226.74,227.03,2876335.0,227.4716
2025-10-30 09:15:00,1761833700000,227.06,227.35,226.41,226.68,2184576.0,226.9044
2025-10-30 09:30:00,1761834600000,226.685,227.37,226.51,227.36,1696825.0,226.9409
2025-10-30 09:45:00,1761835500000,227.37,227.5797,226.7,227.405,1909202.0,227.1965
2025-10-30 10:00:00,1761836400000,227.405,228.44,227.15,228.2632,2101060.0,227.8425
2025-10-30 10:15:00,1761837300000,228.27,228.35,227.74,227.96,1500111.0,227.9998
2025-10-30 10:30:00,1761838200000,227.95,227.98,226.61,226.955,1607129.0,227.3809
2025-10-30 10:45:00,1761839100000,226.95,227.04,226.3,226.35,1301859.0,226.7886
2025-10-30 11:00:00,1761840000000,226.36,227.05,226.146,226.87,1750677.0,226.6305
2025-10-30 11:15:00,1761840900000,226.87,226.96,225.85,226.12,2053254.0,226.2079
2025-10-30 11:30:00,1761841800000,226.135,226.18,225.27,226.13,1932016.0,225.7327
2025-10-30 11:45:00,1761842700000,226.12,226.36,225.7301,226.005,1677358.0,226.0039
2025-10-30 12:00:00,1761843600000,226.02,226.07,224.52,225.05,1850909.0,225.0119
2025-10-30 12:15:00,1761844500000,225.04,225.55,224.77,225.41,1395237.0,225.1729
2025-10-30 12:30:00,1761845400000,225.4,225.4,224.805,224.9884,3579415.0,225.4819
2025-10-30 12:45:00,1761846300000,224.99,225.351,224.8,225.3278,1619439.0,225.1313
2025-10-30 13:00:00,1761847200000,225.3293,225.9391,225.27,225.43,2027652.0,225.5892
2025-10-30 13:15:00,1761848100000,225.435,225.495,225.01,225.09,1607562.0,225.1937
2025-10-30 13:30:00,1761849000000,225.1,225.26,224.635,224.685,1784398.0,224.9301
2025-10-30 13:45:00,1761849900000,224.68,225.18,224.5,225.0799,1937669.0,224.8271
2025-10-30 14:00:00,1761850800000,225.07,225.445,224.57,224.71,2524623.0,224.9794
2025-10-30 14:15:00,1761851700000,224.71,224.95,223.95,224.391,2935852.0,224.3554
2025-10-30 14:30:00,1761852600000,224.4,225.08,223.0,223.08,3865490.0,224.2501
2025-10-30 14:45:00,1761853500000,223.08,223.9,222.75,222.855,8157203.0,223.2481
2025-10-30 15:00:00,1761854400000,222.86,247.83,222.61,242.61,11338156.0,242.4686
2025-10-30 15:15:00,1761855300000,242.74,245.34,242.01,244.47,3976596.0,243.4419
2025-10-30 15:30:00,1761856200000,244.48,248.99,243.66,248.01,2902335.0,246.5194
2025-10-30 15:45:00,1761857100000,248.0,249.89,247.5,249.069,2279144.0,248.8572
2025-10-30 16:00:00,1761858000000,249.08,254.0,247.5,253.5462,2761828.0,251.0483
2025-10-30 16:15:00,1761858900000,253.7,255.55,253.1,253.52,1943568.0,254.2568
2025-10-30 16:30:00,1761859800000,253.52,254.0,251.11,251.75,942012.0,252.3606
2025-10-30 16:45:00,1761860700000,251.75,254.0,251.5,253.76,885022.0,250.4367
2025-10-30 17:00:00,1761861600000,253.75,254.21,252.3,253.08,472057.0,253.4552
2025-10-30 17:15:00,1761862500000,253.08,253.0997,251.7,252.0,325786.0,252.315
2025-10-30 17:30:00,1761863400000,251.85,252.15,251.55,251.5787,212347.0,251.8453
2025-10-30 17:45:00,1761864300000,251.56,251.8,251.16,251.4999,230769.0,251.4106
2025-10-30 18:00:00,1761865200000,251.44,251.99,251.35,251.949,160939.0,251.6124
2025-10-30 18:15:00,1761866100000,251.91,252.42,251.7201,251.8,200795.0,252.0009
2025-10-30 18:30:00,1761867000000,251.8,252.2,251.56,252.0175,174928.0,251.8984
2025-10-30 18:45:00,1761867900000,252.15,252.34,251.746,252.1799,236900.0,252.1177
2025-10-31 03:00:00,1761897600000,249.9,250.5,248.16,248.67,431571.0,249.1905
2025-10-31 03:15:00,1761898500000,248.67,250.99,248.26,250.71,328318.0,249.7467
2025-10-31 03:30:00,1761899400000,250.71,251.0,250.0,250.11,169488.0,250.4648
2025-10-31 03:45:00,1761900300000,250.16,251.37,250.15,250.5,165552.0,250.7225
2025-10-31 04:00:00,1761901200000,250.48,251.1,250.17,250.3,100538.0,250.6578
2025-10-31 04:15:00,1761902100000,250.25,250.99,250.21,250.86,87314.0,250.6025
2025-10-31 04:30:00,1761903000000,250.8,251.2,250.55,250.84,136528.0,250.8684
2025-10-31 04:45:00,1761903900000,250.82,251.88,250.5,251.0,149722.0,251.1474
2025-10-31 05:00:00,1761904800000,251.05,251.88,250.96,251.18,115649.0,251.2638
2025-10-31 05:15:00,1761905700000,251.27,251.85,251.17,251.37,125417.0,251.4019
2025-10-31 05:30:00,1761906600000,251.35,251.99,251.17,251.65,102246.0,251.5436
2025-10-31 05:45:00,1761907500000,251.61,251.79,251.14,251.17,114556.0,251.3086
2025-10-31 06:00:00,1761908400000,251.17,251.66,250.47,251.06,269367.0,250.9052
2025-10-31 06:15:00,1761909300000,251.05,251.49,249.6,250.88,343724.0,250.4509
2025-10-31 06:30:00,1761910200000,250.91,251.25,249.7,250.2,192770.0,250.3028
2025-10-31 06:45:00,1761911100000,250.2,250.59,249.78,250.28,167150.0,250.1679
2025-10-31 07:00:00,1761912000000,251.16,251.95,248.0,250.0,1390987.0,250.4278
2025-10-31 07:15:00,1761912900000,249.99,253.45,249.99,252.96,903621.0,252.0147
2025-10-31 07:30:00,1761913800000,253.0,253.15,251.2021,251.6,711324.0,252.0747
2025-10-31 07:45:00,1761914700000,251.6,253.44,251.51,252.2999,762344.0,252.4237
2025-10-31 08:00:00,1761915600000,252.12,253.9,252.0,253.35,1200287.0,252.9551
2025-10-31 08:15:00,1761916500000,253.34,253.75,250.0,250.3,2603944.0,251.6173
2025-10-31 08:30:00,1761917400000,250.1,250.5,246.95,248.235,33495976.0,249.1679
2025-10-31 08:45:00,1761918300000,248.2375,249.95,247.302,248.59,13442424.0,248.6833
2025-10-31 09:00:00,1761919200000,248.65,248.92,246.21,246.41,8584438.0,247.7342
2025-10-31 09:15:00,1761920100000,246.445,249.85,245.4,246.55,7029131.0,246.8019
2025-10-31 09:30:00,1761921000000,246.555,247.25,245.12,247.2326,6036260.0,246.0949
2025-10-31 09:45:00,1761921900000,247.24,247.98,246.6,246.6012,6809302.0,247.4498
2025-10-31 10:00:00,1761922800000,246.6,247.06,245.59,245.79,3643637.0,246.1866
2025-10-31 10:15:00,1761923700000,245.785,247.83,245.78,247.79,5684607.0,246.8097
2025-10-31 10:30:00,1761924600000,247.8,248.83,247.46,248.215,5087544.0,248.2887
2025-10-31 10:45:00,1761925500000,248.21,248.65,246.71,246.9795,3692663.0,247.8649
2025-10-31 11:00:00,1761926400000,246.98,247.0896,245.63,245.77,2937226.0,246.3857
2025-10-31 11:15:00,1761927300000,245.77,249.0,244.6701,245.8,3785383.0,245.5209
2025-10-31 11:30:00,1761928200000,245.8,246.6486,245.62,246.02,2798870.0,246.1114
2025-10-31 11:45:00,1761929100000,246.04,246.61,245.72,245.915,1910682.0,246.1243
2025-10-31 12:00:00,1761930000000,245.91,246.23,245.33,245.61,1983184.0,245.9191
2025-10-31 12:15:00,1761930900000,245.5999,246.176,244.8201,246.025,2163914.0,245.414
2025-10-31 12:30:00,1761931800000,246.04,246.8,245.73,246.76,2084374.0,246.0854
2025-10-31 12:45:00,1761932700000,246.76,246.96,246.43,246.49,1739647.0,246.6733
2025-10-31 13:00:00,1761933600000,246.49,246.96,246.36,246.6998,1619433.0,246.7338
2025-10-31 13:15:00,1761934500000,246.72,247.8,246.58,247.61,2065951.0,247.2609
2025-10-31 13:30:00,1761935400000,247.6,247.94,247.35,247.54,2380304.0,247.6576
2025-10-31 13:45:00,1761936300000,247.54,247.61,246.66,246.91,1651436.0,247.0637
2025-10-31 14:00:00,1761937200000,246.91,247.04,246.02,246.5,2254996.0,246.3745
2025-10-31 14:15:00,1761938100000,246.51,246.9099,246.23,246.8522,2073076.0,246.6177
2025-10-31 14:30:00,1761939000000,246.83,247.5,246.64,246.82,3685765.0,247.1181
2025-10-31 14:45:00,1761939900000,246.82,246.8264,243.98,244.17,10023610.0,245.1973
2025-10-31 15:00:00,1761940800000,244.16,246.6682,244.16,244.71,1336215.0,244.305
2025-10-31 15:15:00,1761941700000,244.73,244.75,244.22,244.52,245621.0,244.5466
2025-10-31 15:30:00,1761942600000,244.57,244.73,244.22,244.6016,503106.0,244.2625
2025-10-31 15:45:00,1761943500000,244.6,244.74,244.5,244.6,67905.0,244.6331
2025-10-31 16:00:00,1761944400000,244.64,244.73,244.5,244.67,35858.0,244.6668
2025-10-31 16:15:00,1761945300000,244.7,244.73,244.49,244.55,23762.0,243.8237
2025-10-31 16:30:00,1761946200000,244.5,244.75,244.45,244.6,46464.0,243.2212
2025-10-31 16:45:00,1761947100000,244.6098,244.72,244.6,244.65,11648.0,244.6494
2025-10-31 17:00:00,1761948000000,244.68,244.7,244.55,244.62,17373.0,244.6141
2025-10-31 17:15:00,1761948900000,244.66,244.7,244.53,244.53,9680.0,244.5987
2025-10-31 17:30:00,1761949800000,244.54,244.54,244.4,244.4022,12544.0,244.4708
2025-10-31 17:45:00,1761950700000,244.4012,244.43,244.29,244.4,10078.0,244.3431
2025-10-31 18:00:00,1761951600000,244.3481,244.45,244.33,244.44,12191.0,244.365
2025-10-31 18:15:00,1761952500000,244.44,244.4781,244.27,244.35,20834.0,244.3968
2025-10-31 18:30:00,1761953400000,244.3,244.4,244.25,244.35,18036.0,244.3018
2025-10-31 18:45:00,1761954300000,244.4,244.4,244.2518,244.3,28674.0,244.3077
2025-11-03 04:00:00,1762160400000,245.0,245.78,244.82,245.78,38913.0,245.2875
2025-11-03 04:15:00,1762161300000,245.74,245.86,245.43,245.43,30048.0,245.6263
2025-11-03 04:30:00,1762162200000,245.59,245.8,245.02,245.54,21684.0,245.3838
2025-11-03 04:45:00,1762163100000,245.21,245.8,245.0,245.71,25087.0,245.3849
2025-11-03 05:00:00,1762164000000,245.53,245.61,245.3,245.3,15385.0,245.4079
2025-11-03 05:15:00,1762164900000,245.35,245.4,244.79,245.0,25394.0,245.1161
2025-11-03 05:30:00,1762165800000,245.0,245.38,244.95,245.31,19815.0,245.2147
2025-11-03 05:45:00,1762166700000,245.01,245.22,244.8,244.8,17031.0,245.022
2025-11-03 06:00:00,1762167600000,244.96,245.35,244.96,245.2,12381.0,245.1839
2025-11-03 06:15:00,1762168500000,245.17,245.33,245.0,245.19,15329.0,245.1168
2025-11-03 06:30:00,1762169400000,245.2,245.43,245.13,245.34,19809.0,245.3083
2025-11-03 06:45:00,1762170300000,245.34,245.4,245.02,245.17,15922.0,245.2181
2025-11-03 07:00:00,1762171200000,245.19,245.4,244.89,245.38,43318.0,245.131
2025-11-03 07:15:00,1762172100000,245.38,245.38,244.8,244.83,43737.0,245.0952
2025-11-03 07:30:00,1762173000000,244.9,245.15,244.89,245.04,36937.0,245.0197
2025-11-03 07:45:00,1762173900000,245.05,245.3,244.92,245.19,49174.0,245.2001
2025-11-03 08:00:00,1762174800000,245.16,245.86,244.3,245.2,573694.0,244.5165
2025-11-03 08:15:00,1762175700000,245.3,245.57,245.2,245.32,76390.0,245.3499
2025-11-03 08:30:00,1762176600000,245.2502,245.6699,245.2502,245.62,65002.0,245.535
2025-11-03 08:45:00,1762177500000,245.6,249.27,245.3,248.48,197070.0,246.9889
2025-11-03 09:00:00,1762178400000,248.5,259.0024,248.18,257.0,4200430.0,256.3037
2025-11-03 09:15:00,1762179300000,257.0,257.6,254.0,255.47,2153229.0,256.1354
2025-11-03 09:30:00,1762180200000,255.36,258.6,255.0,257.4,16973313.0,256.5769
2025-11-03 09:45:00,1762181100000,257.41,258.25,254.5575,255.3802,5632601.0,255.8825
2025-11-03 10:00:00,1762182000000,255.38,257.45,254.6,256.605,5039471.0,255.7714
2025-11-03 10:15:00,1762182900000,256.605,256.85,255.28,255.34,2848690.0,255.9435
2025-11-03 10:30:00,1762183800000,255.34,256.86,254.99,256.701,4905438.0,255.3386
2025-11-03 10:45:00,1762184700000,256.685,256.7799,254.99,255.12,2852531.0,255.5987
2025-11-03 11:00:00,1762185600000,255.13,255.955,254.99,255.72,2640500.0,255.4709
2025-11-03 11:15:00,1762186500000,255.73,256.54,255.35,255.46,2798848.0,255.9973
2025-11-03 11:30:00,1762187400000,255.455,255.75,255.07,255.2249,1867033.0,255.3689
2025-11-03 11:45:00,1762188300000,255.23,256.02,253.9,256.0,3141382.0,255.0169
2025-11-03 12:00:00,1762189200000,256.01,256.44,255.16,256.25,1695799.0,255.8192
2025-11-03 12:15:00,1762190100000,256.2209,256.37,255.74,256.0103,1645421.0,256.0673
2025-11-03 12:30:00,1762191000000,256.0262,256.7,256.0,256.5,1775176.0,256.3306
2025-11-03 12:45:00,1762191900000,256.5,256.51,255.8301,256.02,1212227.0,256.1749
2025-11-03 13:00:00,1762192800000,256.01,256.66,255.8136,256.49,1426905.0,256.2163
2025-11-03 13:15:00,1762193700000,256.505,257.17,256.3,256.51,1869016.0,256.728
2025-11-03 13:30:00,1762194600000,256.52,256.585,255.8305,255.97,1342678.0,256.207
2025-11-03 13:45:00,1762195500000,255.98,256.0599,255.49,255.505,1179011.0,255.8486
2025-11-03 14:00:00,1762196400000,255.52,255.64,254.72,255.395,1825505.0,255.1363
2025-11-03 14:15:00,1762197300000,255.395,255.83,254.82,255.065,1668406.0,255.4011
2025-11-03 14:30:00,1762198200000,255.065,256.03,255.05,255.31,1404962.0,255.5412
2025-11-03 14:45:00,1762199100000,255.34,255.75,255.06,255.67,1433085.0,255.3358
2025-11-03 15:00:00,1762200000000,255.68,256.02,254.52,254.87,1835651.0,255.1418
2025-11-03 15:15:00,1762200900000,254.8727,255.06,254.07,254.87,1816880.0,254.5654
2025-11-03 15:30:00,1762201800000,254.88,255.28,254.23,254.81,1753561.0,254.6876
2025-11-03 15:45:00,1762202700000,254.8,254.9,252.9,254.07,4569882.0,253.9191
2025-11-03 16:00:00,1762203600000,254.0,254.09,253.5662,253.67,1405421.0,254.0046
2025-11-03 16:15:00,1762204500000,253.71,254.0,253.24,253.45,452767.0,253.956
2025-11-03 16:30:00,1762205400000,253.63,253.85,253.35,253.6001,24526.0,253.6187
2025-11-03 16:45:00,1762206300000,253.72,253.9899,253.6,253.8111,15998.0,251.8732
2025-11-03 17:00:00,1762207200000,253.85,254.2,253.8101,253.94,1985940.0,254.0
2025-11-03 17:15:00,1762208100000,253.91,253.9899,253.6,253.61,23899.0,253.8099
2025-11-03 17:30:00,1762209000000,253.6,253.7,253.3,253.3104,25978.0,253.408
2025-11-03 17:45:00,1762209900000,253.3308,253.49,253.2699,253.3188,18302.0,253.259
2025-11-03 18:00:00,1762210800000,253.31,254.0,253.31,254.0,21571.0,253.5112
2025-11-03 18:15:00,1762211700000,253.61,253.99,253.59,253.84,38443.0,253.786
2025-11-03 18:30:00,1762212600000,253.92,253.92,253.3272,253.44,7067.0,253.5754
2025-11-03 18:45:00,1762213500000,253.41,253.4442,253.35,253.35,8099.0,253.399
2025-11-03 19:00:00,1762214400000,253.34,253.34,252.58,252.65,49067.0,252.9572
2025-11-03 19:15:00,1762215300000,252.65,252.81,251.99,251.99,46515.0,252.2984
2025-11-03 19:30:00,1762216200000,251.92,252.39,251.8004,252.05,31556.0,252.16
2025-11-03 19:45:00,1762217100000,252.18,252.4764,251.65,252.1805,59384.0,251.9243
2025-11-04 04:00:00,1762246800000,250.58,250.58,249.04,249.93,36562.0,249.777
2025-11-04 04:15:00,1762247700000,249.96,250.69,249.66,249.66,23683.0,250.2392
2025-11-04 04:30:00,1762248600000,249.77,250.06,249.44,249.66,15906.0,249.7999
2025-11-04 04:45:00,1762249500000,249.48,249.65,248.72,248.75,31231.0,249.1516
2025-11-04 05:00:00,1762250400000,248.69,249.25,248.64,249.04,27020.0,248.9915
2025-11-04 05:15:00,1762251300000,249.11,249.75,249.0,249.7,28282.0,249.3309
2025-11-04 05:30:00,1762252200000,249.74,250.25,249.74,250.25,25605.0,250.0593
2025-11-04 05:45:00,1762253100000,250.0,250.35,249.94,250.25,22924.0,250.1106
2025-11-04 06:00:00,1762254000000,250.26,250.51,250.2,250.32,10961.0,250.3659
2025-11-04 06:15:00,1762254900000,250.4,250.49,250.26,250.29,3240.0,250.3186
2025-11-04 06:30:00,1762255800000,250.2,250.89,250.2,250.69,31217.0,250.5799
2025-11-04 06:45:00,1762256700000,250.63,251.0,250.6,250.74,25970.0,250.8117
2025-11-04 07:00:00,1762257600000,250.8,250.99,249.55,250.05,86073.0,250.2285
2025-11-04 07:15:00,1762258500000,250.22,250.9,250.17,250.8,28761.0,250.529
2025-11-04 07:30:00,1762259400000,250.85,250.86,249.0,250.14,42621.0,249.8016
2025-11-04 07:45:00,1762260300000,250.1,250.1,249.55,249.55,43912.0,249.8518
2025-11-04 08:00:00,1762261200000,250.86,250.94,247.87,249.53,671198.0,251.2628
2025-11-04 08:15:00,1762262100000,249.53,249.57,248.75,249.2883,110124.0,249.2497
2025-11-04 08:30:00,1762263000000,249.1317,249.28,248.8,249.26,73784.0,249.0933
2025-11-04 08:45:00,1762263900000,249.2058,249.31,248.78,248.95,67473.0,249.0036
2025-11-04 09:00:00,1762264800000,248.95,249.2822,248.56,248.8037,76077.0,248.834
2025-11-04 09:15:00,1762265700000,248.9,250.81,248.8,250.26,203581.0,249.7559
2025-11-04 09:30:00,1762266600000,250.38,253.065,249.6501,252.69,5714643.0,251.2197
2025-11-04 09:45:00,1762267500000,252.66,255.13,252.35,255.045,3484569.0,253.7819
2025-11-04 10:00:00,1762268400000,255.06,255.44,253.94,254.1,2531009.0,254.5494
2025-11-04 10:15:00,1762269300000,254.12,254.24,253.01,253.39,1684046.0,253.7585
2025-11-04 10:30:00,1762270200000,253.37,253.58,252.5,252.83,1672640.0,252.9636
2025-11-04 10:45:00,1762271100000,252.81,252.9385,251.88,252.63,1348467.0,252.3629
2025-11-04 11:00:00,1762272000000,252.62,253.155,252.08,253.09,1870365.0,252.6858
2025-11-04 11:15:00,1762272900000,253.1,253.13,252.17,252.4401,1123547.0,252.56
2025-11-04 11:30:00,1762273800000,252.43,252.5351,251.47,251.79,1214778.0,252.0436
2025-11-04 11:45:00,1762274700000,251.79,251.88,251.35,251.71,1439330.0,251.6362
2025-11-04 12:00:00,1762275600000,251.73,251.85,250.78,251.125,905541.0,251.2825
2025-11-04 12:15:00,1762276500000,251.14,251.4,250.33,250.94,1176383.0,250.8017
2025-11-04 12:30:00,1762277400000,250.93,251.25,250.48,250.5798,976602.0,250.9278
2025-11-04 12:45:00,1762278300000,250.58,251.122,250.17,250.44,902118.0,250.601
2025-11-04 13:00:00,1762279200000,250.47,250.7016,250.08,250.3,1533715.0,250.2612
2025-11-04 13:15:00,1762280100000,250.29,250.44,249.5,249.87,1173761.0,249.9354
2025-11-04 13:30:00,1762281000000,249.85,250.09,249.36,249.92,950864.0,249.6479
2025-11-04 13:45:00,1762281900000,249.9,250.24,249.64,250.03,856007.0,249.9573
2025-11-04 14:00:00,1762282800000,250.02,250.33,249.55,249.62,736772.0,249.8904
2025-11-04 14:15:00,1762283700000,249.6,249.96,249.4501,249.75,876082.0,249.7312
2025-11-04 14:30:00,1762284600000,249.76,249.8003,249.02,249.28,1037190.0,249.3106
2025-11-04 14:45:00,1762285500000,249.28,249.47,249.02,249.31,770807.0,249.2227
2025-11-04 15:00:00,1762286400000,249.295,249.44,248.86,249.21,995361.0,249.13
2025-11-04 15:15:00,1762287300000,249.22,249.44,248.94,249.43,1032158.0,249.1823
2025-11-04 15:30:00,1762288200000,249.43,250.08,249.095,249.985,1612438.0,249.5749
2025-11-04 15:45:00,1762289100000,249.98,250.02,248.66,249.43,3911756.0,249.1961
2025-11-04 16:00:00,1762290000000,249.4482,250.0,249.0,249.46,364967.0,249.3368
2025-11-04 16:15:00,1762290900000,249.47,249.47,248.62,249.0,50609.0,249.2479
2025-11-04 16:30:00,1762291800000,249.0,249.8,249.0,249.6982,41783.0,249.3761
2025-11-04 16:45:00,1762292700000,249.69,249.85,249.6,249.74,1512320.0,249.3244
2025-11-04 17:00:00,1762293600000,249.75,249.75,249.5,249.5,16570.0,249.6141
2025-11-04 17:15:00,1762294500000,249.32,249.65,249.32,249.55,12287.0,249.4693
2025-11-04 17:30:00,1762295400000,249.52,249.6,249.2,249.2,15819.0,249.455
2025-11-04 17:45:00,1762296300000,249.21,249.4,249.0,249.09,14518.0,249.1277
2025-11-04 18:00:00,1762297200000,249.32,249.7,248.74,248.9,22124.0,249.2478
2025-11-04 18:15:00,1762298100000,249.0515,249.2482,248.7814,248.9,10219.0,249.0138
2025-11-04 18:30:00,1762299000000,248.99,249.25,248.9,248.9,8931.0,249.0607
2025-11-04 18:45:00,1762299900000,248.8001,248.82,248.49,248.7687,20339.0,248.6502
2025-11-04 19:00:00,1762300800000,248.5625,248.5625,247.9011,247.9501,26495.0,248.1296
2025-11-04 19:15:00,1762301700000,248.4,248.5,247.5542,247.5542,18930.0,248.1015
2025-11-04 19:30:00,1762302600000,247.59,247.65,247.1,247.1,27318.0,247.3905
2025-11-04 19:45:00,1762303500000,247.1501,247.3,247.0,247.01,38109.0,247.0773
2025-11-05 04:00:00,1762333200000,247.82,249.03,247.82,248.5,15104.0,248.4947
2025-11-05 04:15:00,1762334100000,248.44,248.8,248.4,248.8,8524.0,248.7198
2025-11-05 04:30:00,1762335000000,248.67,248.92,248.38,248.92,11199.0,248.5888
2025-11-05 04:45:00,1762335900000,248.73,249.1,248.69,248.92,5866.0,248.873
2025-11-05 05:00:00,1762336800000,248.61,248.61,248.61,248.61,1233.0,248.6172
2025-11-05 05:15:00,1762337700000,248.69,248.94,248.69,248.94,1059.0,248.8436
2025-11-05 05:30:00,1762338600000,248.6,248.6,248.59,248.59,488.0,248.597
2025-11-05 05:45:00,1762339500000,248.49,248.54,248.24,248.24,3494.0,248.3575
2025-11-05 06:00:00,1762340400000,248.21,248.21,248.0,248.19,6073.0,248.0453
2025-11-05 06:15:00,1762341300000,248.29,248.4,248.29,248.4,2276.0,248.3721
2025-11-05 06:30:00,1762342200000,248.39,248.42,248.0,248.13,26477.0,248.1338
2025-11-05 06:45:00,1762343100000,248.12,248.4,248.0,248.4,2208.0,248.1012
2025-11-05 07:00:00,1762344000000,248.06,248.45,248.0,248.13,16950.0,248.2183
2025-11-05 07:15:00,1762344900000,248.3,248.73,248.26,248.6,7906.0,248.6071
2025-11-05 07:30:00,1762345800000,248.6,248.85,248.6,248.73,13557.0,248.7082
2025-11-05 07:45:00,1762346700000,248.55,248.97,248.32,248.95,13176.0,248.5824
2025-11-05 08:00:00,1762347600000,248.95,249.11,247.3,248.75,138254.0,248.471
2025-11-05 08:15:00,1762348500000,248.8,249.11,248.6,249.0,28154.0,248.8197
2025-11-05 08:30:00,1762349400000,248.88,249.5,248.72,249.45,97055.0,249.1069
2025-11-05 08:45:00,1762350300000,249.31,249.45,248.94,249.02,64753.0,249.1604
2025-11-05 09:00:00,1762351200000,249.1,249.3,248.72,249.25,48817.0,248.9375
2025-11-05 09:15:00,1762352100000,249.1406,249.25,248.56,249.05,34617.0,249.0515
2025-11-05 09:30:00,1762353000000,249.03,249.065,246.16,247.2851,3465842.0,247.469
2025-11-05 09:45:00,1762353900000,247.26,248.49,247.25,248.205,1809484.0,247.9603
2025-11-05 10:00:00,1762354800000,248.19,248.43,247.38,247.81,1296348.0,247.8099
2025-11-05 10:15:00,1762355700000,247.778,249.24,247.5,248.6,1587387.0,248.4092
2025-11-05 10:30:00,1762356600000,248.59,249.06,248.37,248.44,907072.0,248.7105
2025-11-05 10:45:00,1762357500000,248.4301,248.85,247.85,248.245,926377.0,248.3642
2025-11-05 11:00:00,1762358400000,248.27,248.3285,247.725,247.82,832274.0,247.9985
2025-11-05 11:15:00,1762359300000,247.82,249.19,247.711,249.1,1000339.0,248.4029
2025-11-05 11:30:00,1762360200000,249.09,249.21,248.68,249.13,887356.0,248.9902
2025-11-05 11:45:00,1762361100000,249.12,249.64,248.9946,249.36,1014771.0,249.3487
2025-11-05 12:00:00,1762362000000,249.37,249.6516,248.82,248.98,986360.0,249.2729
2025-11-05 12:15:00,1762362900000,248.98,249.85,248.86,249.81,848896.0,249.375
2025-11-05 12:30:00,1762363800000,249.8,250.52,249.495,250.515,1139133.0,250.0275
2025-11-05 12:45:00,1762364700000,250.5,251.0,250.28,250.58,970705.0,250.6661
2025-11-05 13:00:00,1762365600000,250.585,250.7699,250.12,250.32,752291.0,250.4588
2025-11-05 13:15:00,1762366500000,250.31,250.49,249.73,249.97,676269.0,250.0566
2025-11-05 13:30:00,1762367400000,249.97,250.69,249.93,250.21,695333.0,250.361
2025-11-05 13:45:00,1762368300000,250.2213,250.2213,249.585,249.8304,608964.0,249.9269
2025-11-05 14:00:00,1762369200000,249.81,249.81,249.32,249.54,694448.0,249.4632
2025-11-05 14:15:00,1762370100000,249.54,249.6301,249.1,249.135,703512.0,249.3847
2025-11-05 14:30:00,1762371000000,249.11,249.265,248.84,248.9,830492.0,249.1177
2025-11-05 14:45:00,1762371900000,248.8922,249.15,248.78,249.07,627763.0,248.9344
2025-11-05 15:00:00,1762372800000,249.069,249.53,248.95,249.31,1575022.0,248.9924
2025-11-05 15:15:00,1762373700000,249.3,249.35,248.41,248.44,788514.0,248.9054
2025-11-05 15:30:00,1762374600000,248.44,249.0,248.3909,248.72,1020476.0,248.6959
2025-11-05 15:45:00,1762375500000,248.72,250.86,248.62,250.25,4748010.0,250.0875
2025-11-05 16:00:00,1762376400000,250.2,250.45,249.2406,249.72,685440.0,250.092
2025-11-05 16:15:00,1762377300000,249.7349,250.2,249.72,250.19,12319.0,249.9146
2025-11-05 16:30:00,1762378200000,249.7529,250.0,249.73,249.8112,13861.0,249.8469
2025-11-05 16:45:00,1762379100000,249.83,250.0,249.8101,249.87,15140.0,249.9649
2025-11-05 17:00:00,1762380000000,249.85,249.9924,249.85,249.9879,6009.0,249.9103
2025-11-05 17:15:00,1762380900000,249.86,249.9195,249.8,249.9,12680.0,249.7015
2025-11-05 17:30:00,1762381800000,249.8,250.0,249.71,249.71,11384.0,249.85
2025-11-05 17:45:00,1762382700000,249.92,250.03,249.85,250.03,11728.0,249.9633
2025-11-05 18:00:00,1762383600000,250.05,250.19,249.36,250.0,10239.0,249.8753
2025-11-05 18:15:00,1762384500000,249.95,250.15,249.4,250.15,11089.0,249.9733
2025-11-05 18:30:00,1762385400000,250.15,250.2,249.6827,250.2,11121.0,250.0409
2025-11-05 18:45:00,1762386300000,250.2,250.38,250.0,250.2,10492.0,250.1148
2025-11-05 19:00:00,1762387200000,250.2,250.24,249.46,249.46,9450.0,249.8043
2025-11-05 19:15:00,1762388100000,249.65,249.95,248.9352,249.25,18996.0,249.377
2025-11-05 19:30:00,1762389000000,249.27,249.68,249.27,249.51,5353.0,249.4484
2025-11-05 19:45:00,1762389900000,249.37,249.64,249.1065,249.3,22644.0,249.2655
2025-11-06 04:00:00,1762419600000,249.55,249.76,249.3,249.66,5756.0,249.5127
2025-11-06 04:15:00,1762420500000,249.76,249.84,249.76,249.84,2095.0,249.7692
2025-11-06 04:30:00,1762421400000,249.75,249.75,249.58,249.58,2099.0,249.6806
2025-11-06 04:45:00,1762422300000,249.81,249.9,249.81,249.9,2722.0,249.842
2025-11-06 05:00:00,1762423200000,249.88,249.92,249.75,249.9,1792.0,249.8582
2025-11-06 05:15:00,1762424100000,250.0,250.11,250.0,250.07,2399.0,250.0204
2025-11-06 05:30:00,1762425000000,250.08,250.09,250.0,250.0,3976.0,250.0177
2025-11-06 05:45:00,1762425900000,250.0,250.22,249.88,250.22,7426.0,250.078
2025-11-06 06:00:00,1762426800000,250.22,250.22,249.65,249.65,6341.0,249.8091
2025-11-06 06:15:00,1762427700000,249.99,249.99,249.99,249.99,653.0,249.9963
2025-11-06 06:30:00,1762428600000,249.56,250.26,249.56,250.26,1140.0,249.9928
2025-11-06 06:45:00,1762429500000,250.27,250.28,250.0,250.0,2812.0,250.1052
2025-11-06 07:00:00,1762430400000,249.83,250.29,249.81,250.29,10405.0,250.0555
2025-11-06 07:15:00,1762431300000,250.2,250.21,249.98,250.12,6206.0,250.1272
2025-11-06 07:30:00,1762432200000,250.28,250.3,250.13,250.13,3575.0,250.2078
2025-11-06 07:45:00,1762433100000,250.2,250.3,250.2,250.25,3977.0,250.2473
2025-11-06 08:00:00,1762434000000,250.2,250.7,248.9,250.63,84608.0,249.941
2025-11-06 08:15:00,1762434900000,250.4,250.6299,250.37,250.51,15630.0,250.4945
2025-11-06 08:30:00,1762435800000,250.5782,250.85,250.3047,250.35,35059.0,250.5779
2025-11-06 08:45:00,1762436700000,250.32,250.4699,250.05,250.1,124483.0,250.2048
2025-11-06 09:00:00,1762437600000,250.1865,250.1865,249.0102,249.65,47185.0,249.5785
2025-11-06 09:15:00,1762438500000,249.54,249.6,249.0,249.1598,51996.0,249.2731
2025-11-06 09:30:00,1762439400000,249.155,250.38,248.51,249.18,3244449.0,249.4409
2025-11-06 09:45:00,1762440300000,249.21,249.815,247.8912,247.97,2218060.0,248.9462
2025-11-06 10:00:00,1762441200000,247.95,248.17,246.58,247.23,2037684.0,247.3916
2025-11-06 10:15:00,1762442100000,247.245,247.6299,246.65,247.1595,1743824.0,247.1913
2025-11-06 10:30:00,1762443000000,247.2,247.3,244.65,244.705,1944723.0,245.7462
2025-11-06 10:45:00,1762443900000,244.7,244.85,243.41,244.09,2061610.0,244.2081
2025-11-06 11:00:00,1762444800000,244.11,244.48,243.4,244.0484,1195472.0,243.9714
2025-11-06 11:15:00,1762445700000,244.02,244.487,242.9,243.66,1564561.0,243.6516
2025-11-06 11:30:00,1762446600000,243.65,243.7883,242.45,243.11,1123383.0,243.1624
2025-11-06 11:45:00,1762447500000,243.0996,243.21,242.17,242.36,1440440.0,242.7338
2025-11-06 12:00:00,1762448400000,242.36,243.95,242.36,243.37,1200279.0,243.1715
2025-11-06 12:15:00,1762449300000,243.36,244.08,243.1701,243.94,772669.0,243.5439
2025-11-06 12:30:00,1762450200000,243.96,244.67,243.7801,244.45,851377.0,244.2257
2025-11-06 12:45:00,1762451100000,244.44,244.74,244.27,244.498,759493.0,244.5024
2025-11-06 13:00:00,1762452000000,244.5,244.66,243.55,243.74,720481.0,243.9936
2025-11-06 13:15:00,1762452900000,243.71,244.2999,243.38,244.11,698373.0,243.7856
2025-11-06 13:30:00,1762453800000,244.1,244.77,244.1,244.305,711039.0,244.5211
2025-11-06 13:45:00,1762454700000,244.318,244.42,243.83,244.24,1072058.0,244.3288
2025-11-06 14:00:00,1762455600000,244.25,245.03,244.1,244.99,956806.0,244.634
2025-11-06 14:15:00,1762456500000,244.98,245.51,244.76,245.4099,1282333.0,245.0492
2025-11-06 14:30:00,1762457400000,245.405,245.44,244.8605,245.18,767808.0,245.1632
2025-11-06 14:45:00,1762458300000,245.21,245.54,244.91,245.26,794836.0,245.1424
2025-11-06 15:00:00,1762459200000,245.25,245.32,244.59,244.75,753080.0,244.9447
2025-11-06 15:15:00,1762460100000,244.78,244.835,244.09,244.13,898656.0,244.4954
2025-11-06 15:30:00,1762461000000,244.12,244.525,243.93,244.22,1588928.0,244.3168
2025-11-06 15:45:00,1762461900000,244.23,244.31,242.65,243.09,4317720.0,243.2676
2025-11-06 16:00:00,1762462800000,243.04,243.4916,243.03,243.49,403994.0,243.0574
2025-11-06 16:15:00,1762463700000,243.41,243.74,243.04,243.38,330959.0,243.0753
2025-11-06 16:30:00,1762464600000,243.3356,243.8677,243.32,243.7171,9404.0,243.5737
2025-11-06 16:45:00,1762465500000,243.75,243.95,243.7,243.8007,18052.0,243.8642
2025-11-06 17:00:00,1762466400000,243.8,243.86,243.5,243.57,31998.0,243.3669
2025-11-06 17:15:00,1762467300000,243.57,243.7983,243.5504,243.6,6328.0,243.6425
2025-11-06 17:30:00,1762468200000,243.55,243.5884,243.3458,243.5379,6921.0,243.4916
2025-11-06 17:45:00,1762469100000,243.5666,243.5666,243.4,243.5,4607.0,243.4849
2025-11-06 18:00:00,1762470000000,243.41,243.4955,242.92,242.92,18924.0,243.1723
2025-11-06 18:15:00,1762470900000,242.91,243.476,242.91,243.45,10813.0,243.2212
2025-11-06 18:30:00,1762471800000,243.45,243.72,243.2,243.2977,8054.0,243.3848
2025-11-06 18:45:00,1762472700000,243.5,243.8174,243.3619,243.8174,4346.0,243.6504
2025-11-06 19:00:00,1762473600000,243.6,243.91,243.336,243.486,8877.0,243.6658
2025-11-06 19:15:00,1762474500000,243.79,243.79,243.36,243.6802,5300.0,243.5218
2025-11-06 19:30:00,1762475400000,243.48,243.7,243.44,243.5,7424.0,243.592
2025-11-06 19:45:00,1762476300000,243.6,243.85,243.5,243.55,12430.0,243.6343
2025-11-07 04:00:00,1762506000000,243.31,244.22,243.31,244.21,5760.0,243.8147
2025-11-07 04:15:00,1762506900000,243.97,244.0,243.6,243.6,2189.0,243.7927
2025-11-07 04:30:00,1762507800000,243.56,243.56,243.2,243.5,19064.0,243.5012
2025-11-07 04:45:00,1762508700000,243.5,243.51,243.5,243.51,5524.0,243.5062
2025-11-07 05:00:00,1762509600000,243.5,243.79,243.37,243.37,9525.0,243.515
2025-11-07 05:15:00,1762510500000,243.06,243.06,242.41,242.52,8445.0,242.7197
2025-11-07 05:30:00,1762511400000,242.55,242.87,242.55,242.79,7751.0,242.7928
2025-11-07 05:45:00,1762512300000,242.82,242.82,242.63,242.66,1103.0,242.7091
2025-11-07 06:00:00,1762513200000,242.5,242.59,241.58,241.58,10157.0,242.1099
2025-11-07 06:15:00,1762514100000,241.49,242.01,241.38,241.46,16011.0,241.5792
2025-11-07 06:30:00,1762515000000,241.22,241.8,241.1,241.8,16428.0,241.4654
2025-11-07 06:45:00,1762515900000,241.98,242.2,241.98,242.2,9682.0,242.0956
2025-11-07 07:00:00,1762516800000,242.39,242.5,242.1,242.1,13003.0,242.3305
2025-11-07 07:15:00,1762517700000,242.2,242.23,241.45,241.53,27693.0,241.8306
2025-11-07 07:30:00,1762518600000,241.54,241.55,241.11,241.25,17936.0,241.3346
2025-11-07 07:45:00,1762519500000,241.25,241.39,241.01,241.19,31535.0,241.25
2025-11-07 08:00:00,1762520400000,242.45,244.27,241.01,241.2,152754.0,242.0958
2025-11-07 08:15:00,1762521300000,241.35,241.6,240.83,240.8351,58145.0,241.1501
2025-11-07 08:30:00,1762522200000,240.81,241.04,240.3483,240.6,61639.0,240.6992
2025-11-07 08:45:00,1762523100000,240.6,241.69,240.6,241.21,54590.0,241.256
2025-11-07 09:00:00,1762524000000,241.29,241.57,241.09,241.56,55668.0,241.32
2025-11-07 09:15:00,1762524900000,241.58,242.99,240.94,242.99,125326.0,241.8133
2025-11-07 09:30:00,1762525800000,242.9,243.22,239.3,240.15,4347477.0,240.9352
2025-11-07 09:45:00,1762526700000,240.11,240.92,239.3294,240.71,3598145.0,240.0675
2025-11-07 10:00:00,1762527600000,240.65,240.9785,239.15,240.95,1497375.0,240.0575
2025-11-07 10:15:00,1762528500000,240.94,241.3005,240.37,240.96,1328421.0,240.8523
2025-11-07 10:30:00,1762529400000,240.97,241.22,240.4,240.79,1085598.0,240.8314
2025-11-07 10:45:00,1762530300000,240.83,241.02,239.78,239.8,1189402.0,240.3089
2025-11-07 11:00:00,1762531200000,239.8,240.24,239.3266,239.385,1172072.0,239.7519
2025-11-07 11:15:00,1762532100000,239.38,240.1,239.2,240.01,1087634.0,239.7131
2025-11-07 11:30:00,1762533000000,240.0,240.14,239.03,239.52,811779.0,239.6478
2025-11-07 11:45:00,1762533900000,239.535,239.905,238.73,238.89,997332.0,239.3698
2025-11-07 12:00:00,1762534800000,238.89,239.4388,238.49,239.325,875753.0,238.8477
2025-11-07 12:15:00,1762535700000,239.3,240.0,239.28,239.76,752176.0,239.7049
2025-11-07 12:30:00,1762536600000,239.74,240.27,239.57,239.62,742597.0,239.9311
2025-11-07 12:45:00,1762537500000,239.66,240.26,239.3,240.1202,548004.0,239.7606
2025-11-07 13:00:00,1762538400000,240.13,240.74,239.9312,240.4496,738709.0,240.3841
2025-11-07 13:15:00,1762539300000,240.47,240.83,240.17,240.55,675327.0,240.488
2025-11-07 13:30:00,1762540200000,240.53,241.0,240.21,240.895,685441.0,240.6841
2025-11-07 13:45:00,1762541100000,240.8944,241.05,240.32,240.735,836597.0,240.7386
2025-11-07 14:00:00,1762542000000,240.73,241.4925,240.5801,241.46,728037.0,241.1741
2025-11-07 14:15:00,1762542900000,241.48,241.66,241.33,241.489,2517494.0,241.4092
2025-11-07 14:30:00,1762543800000,241.49,243.305,241.48,243.125,1992572.0,242.2875
2025-11-07 14:45:00,1762544700000,243.125,243.64,242.82,243.55,1823599.0,243.1893
2025-11-07 15:00:00,1762545600000,243.55,243.82,242.86,243.71,1008362.0,243.3878
2025-11-07 15:15:00,1762546500000,243.73,243.75,242.89,243.37,2848163.0,243.0902
2025-11-07 15:30:00,1762547400000,243.39,244.88,243.37,244.78,1496161.0,244.2029
2025-11-07 15:45:00,1762548300000,244.77,244.9,243.8,244.419,2925177.0,244.5553
2025-11-07 16:00:00,1762549200000,244.4082,244.89,244.4082,244.85,847922.0,244.4299
2025-11-07 16:15:00,1762550100000,244.8254,244.99,244.75,244.76,28075.0,244.8451
2025-11-07 16:30:00,1762551000000,244.75,244.967,244.7,244.76,9675.0,244.809
2025-11-07 16:45:00,1762551900000,244.7,244.8,244.66,244.8,31152.0,244.5441
2025-11-07 17:00:00,1762552800000,244.8,244.99,244.8,244.9,11347.0,245.0464
2025-11-07 17:15:00,1762553700000,244.9263,244.99,244.8816,244.98,10778.0,245.0059
2025-11-07 17:30:00,1762554600000,244.97,244.99,244.9015,244.9508,4768.0,244.9636
2025-11-07 17:45:00,1762555500000,244.95,244.99,244.83,244.99,8325.0,244.9198
2025-11-07 18:00:00,1762556400000,244.98,244.99,244.9,244.95,8892.0,244.9314
2025-11-07 18:15:00,1762557300000,244.95,244.99,244.9,244.99,7663.0,244.9521
2025-11-07 18:30:00,1762558200000,244.9889,245.344,244.93,245.0316,13610.0,245.0892
2025-11-07 18:45:00,1762559100000,245.1964,245.5,245.03,245.3702,21276.0,245.338
2025-11-07 19:00:00,1762560000000,245.3747,245.38,245.17,245.25,9584.0,245.2412
2025-11-07 19:15:00,1762560900000,245.2001,245.33,245.1909,245.33,3997.0,245.2547
2025-11-07 19:30:00,1762561800000,245.3,245.3563,245.24,245.24,10250.0,245.2778
2025-11-07 19:45:00,1762562700000,245.15,245.25,245.0,245.1,9522.0,245.1009
2025-11-10 04:00:00,1762765200000,247.57,248.09,246.97,248.09,38184.0,247.5882
2025-11-10 04:15:00,1762766100000,248.16,248.44,247.9,247.97,11994.0,248.1554
2025-11-10 04:30:00,1762767000000,247.72,248.12,247.5,247.96,10069.0,247.9121
2025-11-10 04:45:00,1762767900000,247.63,248.3,247.52,248.1,13931.0,247.8558
2025-11-10 05:00:00,1762768800000,248.0,248.0,247.52,247.52,6975.0,247.7902
2025-11-10 05:15:00,1762769700000,247.53,247.83,247.4,247.45,13027.0,247.5717
2025-11-10 05:30:00,1762770600000,247.51,247.95,247.44,247.95,10400.0,247.5928
2025-11-10 05:45:00,1762771500000,247.64,247.64,247.45,247.45,4393.0,247.5319
2025-11-10 06:00:00,1762772400000,247.41,247.52,247.17,247.5,17375.0,247.3626
2025-11-10 06:15:00,1762773300000,247.51,247.61,247.5,247.6,4418.0,247.5291
2025-11-10 06:30:00,1762774200000,247.6,247.6,247.47,247.55,3006.0,247.5617
2025-11-10 06:45:00,1762775100000,247.59,248.0,247.59,248.0,6310.0,247.8026
2025-11-10 07:00:00,1762776000000,247.8,248.0,247.43,247.5,21045.0,247.6629
2025-11-10 07:15:00,1762776900000,247.5,247.8,246.88,246.92,56732.0,247.2756
2025-11-10 07:30:00,1762777800000,247.0,247.28,246.95,247.27,11549.0,247.0795
2025-11-10 07:45:00,1762778700000,247.36,247.99,247.23,247.9,46416.0,247.6491
2025-11-10 08:00:00,1762779600000,247.99,248.45,243.799,248.17,247199.0,247.5465
2025-11-10 08:15:00,1762780500000,248.2,248.3,247.81,247.8796,44503.0,247.9668
2025-11-10 08:30:00,1762781400000,247.88,248.28,247.88,248.16,46988.0,248.1339
2025-11-10 08:45:00,1762782300000,248.2,248.23,247.95,248.2,47967.0,248.1052
2025-11-10 09:00:00,1762783200000,248.2,248.22,247.86,248.0,47928.0,248.0539
2025-11-10 09:15:00,1762784100000,248.0,248.48,247.85,248.47,152487.0,245.537
2025-11-10 09:30:00,1762785000000,248.34,251.75,248.27,250.728,4562049.0,249.7214
2025-11-10 09:45:00,1762785900000,250.7167,250.86,249.59,249.859,1984813.0,250.0199
2025-11-10 10:00:00,1762786800000,249.81,249.94,248.84,248.86,1299546.0,249.373
2025-11-10 10:15:00,1762787700000,248.87,249.31,247.99,248.03,1297990.0,248.7105
2025-11-10 10:30:00,1762788600000,248.0212,248.09,247.21,247.685,1285299.0,247.6511
2025-11-10 10:45:00,1762789500000,247.69,247.9,246.275,246.48,1209518.0,246.9155
2025-11-10 11:00:00,1762790400000,246.48,246.53,245.59,246.08,1190771.0,246.1671
2025-11-10 11:15:00,1762791300000,246.06,246.4877,245.6045,246.34,957534.0,246.1521
2025-11-10 11:30:00,1762792200000,246.34,246.66,246.0,246.335,868487.0,246.3289
2025-11-10 11:45:00,1762793100000,246.32,246.955,246.0,246.91,824995.0,246.8362
2025-11-10 12:00:00,1762794000000,246.91,247.445,246.54,246.61,833801.0,247.0776
2025-11-10 12:15:00,1762794900000,246.63,247.36,246.42,247.105,926060.0,246.9839
2025-11-10 12:30:00,1762795800000,247.12,247.965,247.0955,247.7199,688046.0,247.4742
2025-11-10 12:45:00,1762796700000,247.73,248.41,247.72,248.3774,785372.0,248.1596
2025-11-10 13:00:00,1762797600000,248.39,248.64,248.3507,248.4101,609791.0,248.5048
2025-11-10 13:15:00,1762798500000,248.43,248.9,248.385,248.62,681786.0,248.5861
2025-11-10 13:30:00,1762799400000,248.64,248.9564,248.47,248.701,589807.0,248.6978
2025-11-10 13:45:00,1762800300000,248.68,248.79,248.51,248.583,509953.0,248.6439
2025-11-10 14:00:00,1762801200000,248.58,248.88,248.55,248.675,448285.0,248.7177
2025-11-10 14:15:00,1762802100000,248.67,248.91,248.565,248.76,549612.0,248.7353
2025-11-10 14:30:00,1762803000000,248.745,248.8199,248.43,248.585,554235.0,248.583
2025-11-10 14:45:00,1762803900000,248.58,248.84,248.48,248.5704,613112.0,248.6328
2025-11-10 15:00:00,1762804800000,248.57,248.77,248.365,248.56,723026.0,248.5501
2025-11-10 15:15:00,1762805700000,248.54,248.62,248.175,248.27,746228.0,248.3092
2025-11-10 15:30:00,1762806600000,248.26,249.13,247.9,248.805,1175058.0,248.5587
2025-11-10 15:45:00,1762807500000,248.8,249.23,248.33,248.4,2342017.0,248.6765
2025-11-10 16:00:00,1762808400000,248.4,248.6603,248.01,248.52,770208.0,248.3983
2025-11-10 16:15:00,1762809300000,248.66,248.66,248.36,248.52,14778.0,248.4657
2025-11-10 16:30:00,1762810200000,248.51,248.8,248.18,248.4877,14293.0,248.421
2025-11-10 16:45:00,1762811100000,248.49,248.49,248.21,248.2539,5951.0,248.5987
2025-11-10 17:00:00,1762812000000,248.2641,248.4,248.191,248.2691,4283.0,248.3046
2025-11-10 17:15:00,1762812900000,248.19,248.2363,247.95,248.15,7441.0,248.0833
2025-11-10 17:30:00,1762813800000,248.27,248.39,248.1878,248.3,3712.0,248.3338
2025-11-10 17:45:00,1762814700000,248.38,248.4883,248.31,248.4883,7890.0,248.385
2025-11-10 18:00:00,1762815600000,248.47,248.498,248.11,248.37,5892.0,248.3405
2025-11-10 18:15:00,1762816500000,248.4,248.49,248.39,248.39,4030.0,248.412
2025-11-10 18:30:00,1762817400000,248.401,248.5,248.32,248.4,7663.0,248.4397
2025-11-10 18:45:00,1762818300000,248.4,248.6388,248.4,248.5944,5586.0,248.5381
2025-11-10 19:00:00,1762819200000,248.6,248.72,248.5006,248.52,10293.0,248.6292
2025-11-10 19:15:00,1762820100000,248.52,248.72,248.4502,248.62,1660.0,248.5833
2025-11-10 19:30:00,1762821000000,248.41,248.68,248.41,248.68,3082.0,248.5271
2025-11-10 19:45:00,1762821900000,248.42,248.4999,248.3501,248.4,8596.0,248.4134
2025-11-11 04:00:00,1762851600000,248.33,248.4,247.5,247.75,6193.0,247.8746
2025-11-11 04:15:00,1762852500000,247.52,247.52,247.36,247.45,2557.0,247.4426
2025-11-11 04:30:00,1762853400000,247.37,247.37,247.3,247.37,904.0,247.3309
2025-11-11 04:45:00,1762854300000,247.38,247.58,247.38,247.52,2703.0,247.5381
2025-11-11 05:00:00,1762855200000,247.66,247.92,247.66,247.82,4719.0,247.8153
2025-11-11 05:15:00,1762856100000,247.75,247.86,247.75,247.78,1612.0,247.8124
2025-11-11 05:30:00,1762857000000,247.77,247.8,247.69,247.8,615.0,247.7111
2025-11-11 05:45:00,1762857900000,247.81,247.95,247.7,247.95,1189.0,247.7821
2025-11-11 06:00:00,1762858800000,247.96,247.96,247.73,247.73,1012.0,247.8369
2025-11-11 06:15:00,1762859700000,247.96,247.96,247.86,247.86,639.0,247.9013
2025-11-11 06:30:00,1762860600000,247.98,248.0,247.98,248.0,466.0,247.9879
2025-11-11 06:45:00,1762861500000,248.1,248.1,248.0,248.0,1177.0,248.0257
2025-11-11 07:00:00,1762862400000,248.0,248.4,247.9,248.1,10522.0,248.1909
2025-11-11 07:15:00,1762863300000,248.03,248.1,247.95,247.95,5673.0,247.9881
2025-11-11 07:30:00,1762864200000,247.96,247.96,247.6,247.9,7898.0,247.7483
2025-11-11 07:45:00,1762865100000,247.76,247.76,247.61,247.61,2517.0,247.6775
2025-11-11 08:00:00,1762866000000,247.3,248.4968,247.24,247.9109,57408.0,247.8115
2025-11-11 08:15:00,1762866900000,247.9,247.93,247.45,247.45,59691.0,248.2155
2025-11-11 08:30:00,1762867800000,247.5,247.83,247.41,247.75,13412.0,247.6336
2025-11-11 08:45:00,1762868700000,247.6302,247.87,247.46,247.6295,6452.0,247.6414
2025-11-11 09:00:00,1762869600000,247.64,247.76,247.3656,247.7,16563.0,247.5436
2025-11-11 09:15:00,1762870500000,247.76,248.39,247.75,248.33,29351.0,248.018
2025-11-11 09:30:00,1762871400000,248.41,249.0799,247.83,248.55,1791847.0,248.4703
2025-11-11 09:45:00,1762872300000,248.56,249.34,247.94,249.32,983252.0,248.5861
2025-11-11 10:00:00,1762873200000,249.2818,249.63,248.12,248.27,1065650.0,248.8252
2025-11-11 10:15:00,1762874100000,248.3,248.56,248.04,248.44,686710.0,248.2674
2025-11-11 10:30:00,1762875000000,248.4574,248.54,247.6,247.93,742394.0,247.9785
2025-11-11 10:45:00,1762875900000,247.95,248.33,247.87,248.09,646625.0,248.0749
2025-11-11 11:00:00,1762876800000,248.115,248.2699,247.8072,247.91,587803.0,248.0535
2025-11-11 11:15:00,1762877700000,247.91,248.96,247.54,247.58,1167689.0,248.2435
2025-11-11 11:30:00,1762878600000,247.6,248.04,247.23,247.67,1406162.0,247.7827
2025-11-11 11:45:00,1762879500000,247.69,247.92,247.54,247.75,1419875.0,247.7454
2025-11-11 12:00:00,1762880400000,247.73,248.43,247.67,248.04,416659.0,248.032
2025-11-11 12:15:00,1762881300000,248.05,248.48,247.97,248.2683,456668.0,248.2614
2025-11-11 12:30:00,1762882200000,248.2736,248.4628,248.14,248.33,315001.0,248.3085
2025-11-11 12:45:00,1762883100000,248.35,248.793,248.0,248.66,527572.0,248.5061
2025-11-11 13:00:00,1762884000000,248.65,249.0999,248.62,248.72,657123.0,248.8676
2025-11-11 13:15:00,1762884900000,248.715,249.39,248.63,249.326,581542.0,249.0905
2025-11-11 13:30:00,1762885800000,249.325,249.46,249.1043,249.325,488633.0,249.2958
2025-11-11 13:45:00,1762886700000,249.31,249.7499,249.17,249.6,455036.0,249.4444
2025-11-11 14:00:00,1762887600000,249.58,249.65,249.22,249.33,478819.0,249.4146
2025-11-11 14:15:00,1762888500000,249.35,249.58,249.26,249.37,371765.0,249.427
2025-11-11 14:30:00,1762889400000,249.39,249.5,249.0,249.035,379129.0,249.2811
2025-11-11 14:45:00,1762890300000,249.037,249.27,249.0,249.08,399785.0,249.1424
2025-11-11 15:00:00,1762891200000,249.06,249.4,248.995,249.3822,418831.0,249.1698
2025-11-11 15:15:00,1762892100000,249.3701,249.43,248.82,248.88,494629.0,249.0894
2025-11-11 15:30:00,1762893000000,248.86,249.21,248.8,249.0499,578521.0,248.9651
2025-11-11 15:45:00,1762893900000,249.0499,249.48,248.75,249.08,2015427.0,249.0833
2025-11-11 16:00:00,1762894800000,249.1,249.25,248.8,249.22,128418.0,249.1074
2025-11-11 16:15:00,1762895700000,249.3,249.36,248.7,248.7211,13945.0,249.1534
2025-11-11 16:30:00,1762896600000,248.9,249.1,248.7922,248.8482,5485.0,248.9518
2025-11-11 16:45:00,1762897500000,249.0201,249.0275,248.8077,248.82,2394.0,248.9272
2025-11-11 17:00:00,1762898400000,248.92,249.0,248.82,248.91,3245.0,248.9969
2025-11-11 17:15:00,1762899300000,248.86,249.0,248.86,249.0,4441.0,248.9631
2025-11-11 17:30:00,1762900200000,249.0,249.1,248.99,249.1,5120.0,249.0412
2025-11-11 17:45:00,1762901100000,249.0,249.1,248.99,249.1,4434.0,249.0369
2025-11-11 18:00:00,1762902000000,249.05,249.06,248.7,248.7,8272.0,248.9426
2025-11-11 18:15:00,1762902900000,248.74,248.88,248.74,248.78,1832.0,248.8009
2025-11-11 18:30:00,1762903800000,248.82,248.98,248.77,248.98,1549.0,248.8866
2025-11-11 18:45:00,1762904700000,248.96,248.96,248.87,248.9,6428.0,248.9391
2025-11-11 19:00:00,1762905600000,248.92,248.9796,248.85,248.85,3590.0,248.927
2025-11-11 19:15:00,1762906500000,248.84,249.05,248.7305,248.99,3906.0,248.9747
2025-11-11 19:30:00,1762907400000,248.99,249.04,248.98,249.0,1424.0,249.0083
2025-11-11 19:45:00,1762908300000,249.05,249.36,249.0,249.25,10549.0,249.2267
2025-11-12 04:00:00,1762938000000,250.2,250.5,250.0,250.0,12232.0,250.2332
2025-11-12 04:15:00,1762938900000,250.0,250.11,249.79,249.9,8037.0,249.9642
2025-11-12 04:30:00,1762939800000,249.89,250.4,249.89,250.4,6304.0,250.1331
2025-11-12 04:45:00,1762940700000,250.34,250.5,250.33,250.33,5209.0,250.4169
2025-11-12 05:00:00,1762941600000,250.45,250.49,250.17,250.19,4917.0,250.2898
2025-11-12 05:15:00,1762942500000,250.07,250.1,249.9,250.0,4552.0,250.0138
2025-11-12 05:30:00,1762943400000,249.96,250.01,249.73,250.01,7275.0,249.9183
2025-11-12 05:45:00,1762944300000,250.01,250.22,250.01,250.2,1619.0,250.1443
2025-11-12 06:00:00,1762945200000,250.1,250.1,250.1,250.1,365.0,250.0998
2025-11-12 06:15:00,1762946100000,250.1,250.1,250.0,250.0,3529.0,250.0185
2025-11-12 06:30:00,1762947000000,249.55,249.99,249.55,249.99,2092.0,249.7032
2025-11-12 06:45:00,1762947900000,249.99,249.99,249.89,249.97,3734.0,249.9595
2025-11-12 07:00:00,1762948800000,250.0,250.21,249.99,250.0,7450.0,250.0364
2025-11-12 07:15:00,1762949700000,250.09,250.21,250.06,250.17,6519.0,250.1515
2025-11-12 07:30:00,1762950600000,250.22,250.74,250.05,250.05,20351.0,250.4849
2025-11-12 07:45:00,1762951500000,250.12,250.5,250.12,250.5,5614.0,250.3712
2025-11-12 08:00:00,1762952400000,249.9,252.5,249.58,251.65,232785.0,251.1
2025-11-12 08:15:00,1762953300000,251.43,251.8,251.1,251.1,39832.0,251.3948
2025-11-12 08:30:00,1762954200000,251.25,251.36,251.0,251.25,23754.0,251.1905
2025-11-12 08:45:00,1762955100000,251.25,251.61,249.1,251.4,32023.0,251.4666
2025-11-12 09:00:00,1762956000000,251.2608,251.38,250.8078,250.8233,35713.0,251.1283
2025-11-12 09:15:00,1762956900000,250.8071,251.0,249.88,250.0,61300.0,250.3778
2025-11-12 09:30:00,1762957800000,250.235,250.37,248.33,248.3401,2083665.0,249.6402
2025-11-12 09:45:00,1762958700000,248.33,248.44,247.5,247.873,1271215.0,248.0425
2025-11-12 10:00:00,1762959600000,247.875,248.39,245.95,246.12,2007634.0,247.3069
2025-11-12 10:15:00,1762960500000,246.13,246.47,245.55,245.925,1392789.0,245.9964
2025-11-12 10:30:00,1762961400000,245.93,246.315,244.8114,245.48,1345399.0,245.5212
2025-11-12 10:45:00,1762962300000,245.465,245.47,244.47,244.825,1262514.0,244.9324
2025-11-12 11:00:00,1762963200000,244.81,245.275,243.93,244.2,1121477.0,244.521
2025-11-12 11:15:00,1762964100000,244.25,245.5,244.24,245.3,885349.0,244.852
2025-11-12 11:30:00,1762965000000,245.28,245.715,244.57,244.79,722063.0,245.1569
2025-11-12 11:45:00,1762965900000,244.82,245.11,244.1672,244.795,515155.0,244.7135
2025-11-12 12:00:00,1762966800000,244.84,245.21,244.62,245.19,464102.0,244.9295
2025-11-12 12:15:00,1762967700000,245.1816,245.45,244.5988,245.175,490245.0,245.1307
2025-11-12 12:30:00,1762968600000,245.16,245.79,245.15,245.5805,620868.0,245.4466
2025-11-12 12:45:00,1762969500000,245.555,246.16,245.3,246.11,630130.0,245.7668
2025-11-12 13:00:00,1762970400000,246.14,246.305,245.61,245.84,519421.0,245.9917
2025-11-12 13:15:00,1762971300000,245.81,245.88,245.2,245.4487,783504.0,245.4771
2025-11-12 13:30:00,1762972200000,245.425,245.86,245.235,245.3,467705.0,245.6213
2025-11-12 13:45:00,1762973100000,245.3,245.71,245.09,245.575,531748.0,245.5162
2025-11-12 14:00:00,1762974000000,245.57,245.89,245.315,245.34,419757.0,245.6188
2025-11-12 14:15:00,1762974900000,245.32,245.5,245.03,245.0875,492766.0,245.284
2025-11-12 14:30:00,1762975800000,245.0701,245.1797,244.79,244.955,525530.0,245.009
2025-11-12 14:45:00,1762976700000,244.955,245.3699,244.76,245.07,609437.0,244.9827
2025-11-12 15:00:00,1762977600000,245.05,245.2786,244.72,244.89,524422.0,244.9517
2025-11-12 15:15:00,1762978500000,244.88,245.1873,244.433,245.16,667914.0,244.7447
2025-11-12 15:30:00,1762979400000,245.14,245.33,244.645,244.96,820569.0,244.9639
2025-11-12 15:45:00,1762980300000,244.965,245.225,243.75,244.24,2646542.0,244.3299
2025-11-12 16:00:00,1762981200000,244.241,244.82,244.2,244.65,234712.0,244.2949
2025-11-12 16:15:00,1762982100000,244.61,244.7809,244.58,244.78,18651.0,244.6926
2025-11-12 16:30:00,1762983000000,244.7809,244.88,244.6,244.6,26477.0,244.771
2025-11-12 16:45:00,1762983900000,244.64,244.74,244.22,244.3,27960.0,244.3663
2025-11-12 17:00:00,1762984800000,244.2799,244.39,244.2318,244.31,7316.0,244.2902
2025-11-12 17:15:00,1762985700000,244.38,244.38,244.3,244.33,6198.0,244.3017
2025-11-12 17:30:00,1762986600000,244.3029,244.39,244.2,244.34,15579.0,244.2337
2025-11-12 17:45:00,1762987500000,244.31,244.38,244.27,244.35,10274.0,244.3361
2025-11-12 18:00:00,1762988400000,244.36,244.36,243.04,243.6,32607.0,243.8359
2025-11-12 18:15:00,1762989300000,243.61,243.9649,243.32,243.6,17400.0,243.4839
2025-11-12 18:30:00,1762990200000,243.5241,243.58,243.01,243.36,11315.0,243.2407
2025-11-12 18:45:00,1762991100000,243.2451,243.6,243.15,243.5,11223.0,243.3955
2025-11-12 19:00:00,1762992000000,243.5,244.2,243.5,244.0,14384.0,243.9206
2025-11-12 19:15:00,1762992900000,244.076,244.076,243.85,243.85,4979.0,243.9734
2025-11-12 19:30:00,1762993800000,243.5046,243.7412,243.5046,243.7015,9393.0,243.6275
2025-11-12 19:45:00,1762994700000,243.73,243.84,243.7,243.7,8622.0,243.7568
2025-11-13 04:00:00,1763024400000,245.86,246.71,244.62,244.62,18444.0,245.2797
2025-11-13 04:15:00,1763025300000,244.59,244.59,244.3,244.35,3307.0,244.4673
2025-11-13 04:30:00,1763026200000,244.35,244.4,243.86,244.19,4964.0,244.1593
2025-11-13 04:45:00,1763027100000,244.21,244.4,244.21,244.28,2197.0,244.3311
2025-11-13 05:00:00,1763028000000,244.4,244.4,244.38,244.4,4957.0,244.3971
2025-11-13 05:15:00,1763028900000,244.64,244.64,244.64,244.64,620.0,244.6528
2025-11-13 05:30:00,1763029800000,244.69,244.7,244.36,244.36,5419.0,244.4801
2025-11-13 05:45:00,1763030700000,244.33,244.36,244.22,244.22,2696.0,244.2824
2025-11-13 06:00:00,1763031600000,244.13,244.38,244.06,244.38,2958.0,244.259
2025-11-13 06:15:00,1763032500000,244.1,244.1,244.0,244.0,1868.0,244.0442
2025-11-13 06:30:00,1763033400000,243.84,244.08,243.83,244.08,1507.0,243.8818
2025-11-13 06:45:00,1763034300000,244.27,244.3,244.01,244.1,1663.0,244.2003
2025-11-13 07:00:00,1763035200000,244.2,244.28,243.7,243.89,7532.0,243.9854
2025-11-13 07:15:00,1763036100000,244.0,244.0,244.0,244.0,891.0,243.9918
2025-11-13 07:30:00,1763037000000,243.99,244.77,243.99,244.55,9935.0,244.3682
2025-11-13 07:45:00,1763037900000,244.58,244.64,243.7,243.7,17324.0,244.0062
2025-11-13 08:00:00,1763038800000,244.16,245.49,243.61,243.7775,62370.0,244.6018
2025-11-13 08:15:00,1763039700000,243.85,243.9998,243.6,243.99,16248.0,243.856
2025-11-13 08:30:00,1763040600000,243.7525,243.93,243.0,243.28,32146.0,243.3252
2025-11-13 08:45:00,1763041500000,243.2928,243.8,243.0,243.01,19043.0,243.3999
2025-11-13 09:00:00,1763042400000,243.08,243.45,242.19,242.3,57431.0,242.7884
2025-11-13 09:15:00,1763043300000,242.3,243.17,242.0,243.16,104447.0,242.3805
2025-11-13 09:30:00,1763044200000,243.05,243.75,240.92,241.12,2340796.0,242.3192
2025-11-13 09:45:00,1763045100000,241.04,242.34,240.726,242.18,1428329.0,241.579
2025-11-13 10:00:00,1763046000000,242.18,243.24,241.58,243.08,1025539.0,242.4532
2025-11-13 10:15:00,1763046900000,243.08,243.25,242.055,242.539,732671.0,242.9246
2025-11-13 10:30:00,1763047800000,242.54,242.54,241.6,241.99,1034746.0,241.9418
2025-11-13 10:45:00,1763048700000,241.99,242.04,240.14,240.95,1826493.0,240.7971
2025-11-13 11:00:00,1763049600000,240.96,241.28,239.58,239.77,1674682.0,240.1846
2025-11-13 11:15:00,1763050500000,239.78,240.095,238.97,239.7898,1273619.0,239.5367
2025-11-13 11:30:00,1763051400000,239.73,240.14,239.16,239.295,1355016.0,239.6525
2025-11-13 11:45:00,1763052300000,239.28,239.6528,239.0,239.54,1855694.0,239.5062
2025-11-13 12:00:00,1763053200000,239.53,239.72,238.99,239.45,1890978.0,239.4027
2025-11-13 12:15:00,1763054100000,239.455,239.945,239.43,239.83,960375.0,239.6303
2025-11-13 12:30:00,1763055000000,239.8025,239.99,239.24,239.28,877075.0,239.5646
2025-11-13 12:45:00,1763055900000,239.285,239.31,238.2423,238.445,1806190.0,238.9874
2025-11-13 13:00:00,1763056800000,238.46,239.11,238.16,239.085,785693.0,238.6404
2025-11-13 13:15:00,1763057700000,239.1,239.1771,237.8,238.0734,942907.0,238.3767
2025-11-13 13:30:00,1763058600000,238.11,238.72,237.825,238.71,858982.0,238.1939
2025-11-13 13:45:00,1763059500000,238.7,238.88,238.3,238.74,737158.0,238.5807
2025-11-13 14:00:00,1763060400000,238.76,238.86,238.1251,238.31,621458.0,238.4588
2025-11-13 14:15:00,1763061300000,238.31,239.2,238.21,239.05,676506.0,238.7131
2025-11-13 14:30:00,1763062200000,239.05,239.1,238.34,238.54,599132.0,238.7788
2025-11-13 14:45:00,1763063100000,238.54,238.64,237.44,237.92,776925.0,238.0312
2025-11-13 15:00:00,1763064000000,237.91,238.24,237.66,238.03,719457.0,237.9505
2025-11-13 15:15:00,1763064900000,238.03,238.42,237.64,238.399,890467.0,237.9487
2025-11-13 15:30:00,1763065800000,238.39,238.9,238.225,238.875,1028091.0,238.5534
2025-11-13 15:45:00,1763066700000,238.88,238.97,236.5,237.59,4443796.0,237.6043
2025-11-13 16:00:00,1763067600000,237.58,238.2,237.5551,238.2,499583.0,237.621
2025-11-13 16:15:00,1763068500000,238.2005,238.4532,237.8,237.91,23469.0,238.2254
2025-11-13 16:30:00,1763069400000,237.89,238.12,237.75,238.0,19926.0,237.9863
2025-11-13 16:45:00,1763070300000,237.991,238.2,237.7284,237.8,18120.0,237.9699
2025-11-13 17:00:00,1763071200000,237.7766,237.9897,237.6398,237.76,8374.0,237.9406
2025-11-13 17:15:00,1763072100000,237.58,237.9999,237.5,237.6,7230.0,237.8435
2025-11-13 17:30:00,1763073000000,237.6845,237.88,237.65,237.7,5036.0,237.7088
2025-11-13 17:45:00,1763073900000,237.81,238.15,237.81,238.05,8616.0,238.0189
2025-11-13 18:00:00,1763074800000,238.06,238.6514,238.06,238.3,16751.0,238.3834
2025-11-13 18:15:00,1763075700000,238.25,238.5,238.25,238.42,6529.0,238.3603
2025-11-13 18:30:00,1763076600000,238.48,238.65,238.35,238.6,7134.0,238.5266
2025-11-13 18:45:00,1763077500000,238.5,238.59,238.0874,238.16,6449.0,238.3159
2025-11-13 19:00:00,1763078400000,238.05,238.2,238.0,238.17,4420.0,238.0919
2025-11-13 19:15:00,1763079300000,237.9232,238.3,237.9232,238.3,5877.0,238.2145
2025-11-13 19:30:00,1763080200000,238.15,238.3,238.0,238.1024,4480.0,238.1308
2025-11-13 19:45:00,1763081100000,238.3,238.3919,238.01,238.2986,11660.0,238.1857
2025-11-14 04:00:00,1763110800000,235.1,237.23,235.1,237.17,33241.0,236.3648
2025-11-14 04:15:00,1763111700000,237.04,237.16,236.81,237.0,5427.0,237.0003
2025-11-14 04:30:00,1763112600000,236.9,237.0,236.49,236.5,12671.0,236.6198
2025-11-14 04:45:00,1763113500000,236.44,236.48,236.25,236.4,3840.0,236.426
2025-11-14 05:00:00,1763114400000,236.35,236.85,236.33,236.85,3841.0,236.4904
2025-11-14 05:15:00,1763115300000,236.59,236.74,236.35,236.74,3922.0,236.5392
2025-11-14 05:30:00,1763116200000,236.99,237.0,236.71,236.92,2427.0,236.8512
2025-11-14 05:45:00,1763117100000,236.91,236.91,236.35,236.35,6600.0,236.552
2025-11-14 06:00:00,1763118000000,236.36,236.36,235.69,235.77,11917.0,236.0787
2025-11-14 06:15:00,1763118900000,235.84,235.84,235.28,235.33,14689.0,235.4857
2025-11-14 06:30:00,1763119800000,235.25,235.25,234.31,234.66,25994.0,234.7934
2025-11-14 06:45:00,1763120700000,234.66,234.88,234.14,234.8,30274.0,234.4241
2025-11-14 07:00:00,1763121600000,234.85,235.24,233.67,234.0,80513.0,234.2551
2025-11-14 07:15:00,1763122500000,234.0,234.28,233.51,234.15,62338.0,233.9102
2025-11-14 07:30:00,1763123400000,234.13,234.25,232.7,233.0,56911.0,233.2136
2025-11-14 07:45:00,1763124300000,233.0,233.68,232.89,233.41,60777.0,233.3549
2025-11-14 08:00:00,1763125200000,235.0,238.3,232.71,233.71,338845.0,234.6152
2025-11-14 08:15:00,1763126100000,233.54,233.75,232.9,233.35,68906.0,233.2098
2025-11-14 08:30:00,1763127000000,233.1,234.0,232.66,232.9785,71152.0,233.2719
2025-11-14 08:45:00,1763127900000,232.9,237.58,232.8,233.1202,74702.0,233.2745
2025-11-14 09:00:00,1763128800000,233.09,233.8,233.03,233.75,89337.0,233.444
2025-11-14 09:15:00,1763129700000,233.6509,235.16,233.51,235.0,166769.0,234.264
2025-11-14 09:30:00,1763130600000,235.06,235.69,232.89,234.41,4213831.0,234.6079
2025-11-14 09:45:00,1763131500000,234.39,236.08,234.07,235.42,2252077.0,235.069
2025-11-14 10:00:00,1763132400000,235.44,236.22,234.86,235.465,1344780.0,235.47
2025-11-14 10:15:00,1763133300000,235.465,236.77,235.42,236.71,987466.0,236.0481
2025-11-14 10:30:00,1763134200000,236.69,237.69,236.4,237.67,1399522.0,237.1142
2025-11-14 10:45:00,1763135100000,237.66,238.47,237.52,237.84,1247983.0,238.0002
2025-11-14 11:00:00,1763136000000,237.83,238.04,237.13,237.87,835751.0,237.6398
2025-11-14 11:15:00,1763136900000,237.865,238.73,237.76,238.29,1354551.0,238.1216
2025-11-14 11:30:00,1763137800000,238.32,238.32,237.67,237.73,818140.0,237.9609
2025-11-14 11:45:00,1763138700000,237.73,238.05,237.265,237.881,757044.0,237.7242
2025-11-14 12:00:00,1763139600000,237.8699,238.28,237.64,238.05,655496.0,237.9769
2025-11-14 12:15:00,1763140500000,238.05,238.055,237.22,237.56,599924.0,237.6232
2025-11-14 12:30:00,1763141400000,237.52,237.7,237.13,237.22,561281.0,237.3848
2025-11-14 12:45:00,1763142300000,237.21,237.4,236.37,236.605,1327362.0,236.8657
2025-11-14 13:00:00,1763143200000,236.595,236.78,235.77,236.76,734485.0,236.2236
2025-11-14 13:15:00,1763144100000,236.76,236.78,235.8008,236.2064,697895.0,236.1345
2025-11-14 13:30:00,1763145000000,236.18,236.39,235.23,235.31,695370.0,235.7015
2025-11-14 13:45:00,1763145900000,235.305,236.4195,235.2,236.235,528691.0,235.8865
2025-11-14 14:00:00,1763146800000,236.24,236.4,235.8264,236.01,499075.0,236.108
2025-11-14 14:15:00,1763147700000,236.0,236.5,235.77,236.2551,591456.0,236.1455
2025-11-14 14:30:00,1763148600000,236.26,236.3,235.36,235.43,1316761.0,235.788
2025-11-14 14:45:00,1763149500000,235.44,235.92,235.33,235.5747,999860.0,235.5246
2025-11-14 15:00:00,1763150400000,235.59,235.9,235.33,235.4004,1082297.0,235.6203
2025-11-14 15:15:00,1763151300000,235.4118,235.5,234.98,235.2,1123133.0,235.2089
2025-11-14 15:30:00,1763152200000,235.2,235.28,234.65,234.65,1478815.0,234.9761
2025-11-14 15:45:00,1763153100000,234.65,235.21,234.31,234.75,4238077.0,234.792
2025-11-14 16:00:00,1763154000000,234.69,234.9,234.2688,234.809,425372.0,234.6872
2025-11-14 16:15:00,1763154900000,234.8,235.16,234.7218,234.9746,21113.0,234.9427
2025-11-14 16:30:00,1763155800000,234.89,235.2,234.8,234.8253,34035.0,234.9794
2025-11-14 16:45:00,1763156700000,234.82,235.03,234.69,234.99,140135.0,234.7059
2025-11-14 17:00:00,1763157600000,235.0,235.2,234.9061,235.05,8997.0,234.797
2025-11-14 17:15:00,1763158500000,235.15,235.15,234.9983,235.05,17952.0,235.0413
2025-11-14 17:30:00,1763159400000,235.0828,235.45,235.01,235.45,16541.0,235.2227
2025-11-14 17:45:00,1763160300000,235.3,235.44,235.15,235.25,6811.0,235.2964
2025-11-14 18:00:00,1763161200000,235.44,235.45,235.3,235.42,2318.0,235.3878
2025-11-14 18:15:00,1763162100000,235.4131,235.45,235.35,235.44,6997.0,235.4187
2025-11-14 18:30:00,1763163000000,235.44,235.62,235.4106,235.62,9604.0,235.5226
2025-11-14 18:45:00,1763163900000,235.61,235.625,235.5,235.5,12641.0,235.5507
2025-11-14 19:00:00,1763164800000,235.5,235.69,235.49,235.6897,12505.0,235.5869
2025-11-14 19:15:00,1763165700000,235.6885,235.6885,235.35,235.52,15471.0,235.5172
2025-11-14 19:30:00,1763166600000,235.4,235.51,235.4,235.4725,5288.0,235.4755
2025-11-14 19:45:00,1763167500000,235.49,235.52,235.4,235.52,9397.0,235.4607
2025-11-17 04:00:00,1763370000000,237.6,237.67,237.0,237.4,48140.0,237.3823
2025-11-17 04:15:00,1763370900000,237.45,238.0,237.42,237.8,26578.0,237.7644
2025-11-17 04:30:00,1763371800000,237.8,237.8,237.23,237.61,8001.0,237.563
2025-11-17 04:45:00,1763372700000,237.6,237.67,237.45,237.45,13699.0,237.5549
2025-11-17 05:00:00,1763373600000,237.46,237.54,237.35,237.46,2793.0,237.4362
2025-11-17 05:15:00,1763374500000,237.4,237.4,236.61,237.0,15894.0,236.9941
2025-11-17 05:30:00,1763375400000,236.75,237.18,236.66,236.92,6605.0,236.7857
2025-11-17 05:45:00,1763376300000,236.87,237.0,236.4,236.69,11962.0,236.6408
2025-11-17 06:00:00,1763377200000,236.69,236.8,236.55,236.78,2791.0,236.6698
2025-11-17 06:15:00,1763378100000,236.76,236.78,236.34,236.38,11700.0,236.5391
2025-11-17 06:30:00,1763379000000,236.4,236.9,236.39,236.6,15442.0,236.6285
2025-11-17 06:45:00,1763379900000,236.65,236.78,236.52,236.78,6666.0,236.6216
2025-11-17 07:00:00,1763380800000,236.59,236.85,235.95,236.21,27528.0,236.283
2025-11-17 07:15:00,1763381700000,236.39,237.0,236.34,236.66,29804.0,236.6987
2025-11-17 07:30:00,1763382600000,236.71,236.71,236.38,236.62,10816.0,236.5679
2025-11-17 07:45:00,1763383500000,236.6,236.66,236.02,236.11,27575.0,236.3659
2025-11-17 08:00:00,1763384400000,237.37,238.0,235.21,235.58,224126.0,236.6624
2025-11-17 08:15:00,1763385300000,235.49,236.45,235.49,235.8,34108.0,235.9739
2025-11-17 08:30:00,1763386200000,235.73,235.8427,235.1,235.114,57414.0,235.1525
2025-11-17 08:45:00,1763387100000,235.1,235.65,234.8,235.63,60111.0,235.2351
2025-11-17 09:00:00,1763388000000,235.7,236.0,235.32,235.5,38074.0,235.7102
2025-11-17 09:15:00,1763388900000,235.31,235.76,232.25,232.94,329680.0,233.8777
2025-11-17 09:30:00,1763389800000,233.25,234.6,231.41,231.9,6395060.0,232.8045
2025-11-17 09:45:00,1763390700000,231.88,233.52,230.86,231.005,4229158.0,232.4635
2025-11-17 10:00:00,1763391600000,231.04,231.545,229.75,229.9303,3865981.0,230.4732
2025-11-17 10:15:00,1763392500000,229.915,230.88,229.6,230.725,2698892.0,230.173
2025-11-17 10:30:00,1763393400000,230.7,231.09,230.14,231.07,2480661.0,230.7039
2025-11-17 10:45:00,1763394300000,231.05,231.31,229.19,229.68,3353068.0,230.2404
2025-11-17 11:00:00,1763395200000,229.65,231.07,229.21,230.185,2860280.0,229.9388
2025-11-17 11:15:00,1763396100000,230.18,232.5,229.5,232.42,2720120.0,230.6364
2025-11-17 11:30:00,1763397000000,232.43,233.74,232.41,233.27,2707640.0,233.0742
2025-11-17 11:45:00,1763397900000,233.3,233.43,231.0,233.14,1639875.0,232.991
2025-11-17 12:00:00,1763398800000,233.13,233.24,232.76,233.0,1119637.0,233.0307
2025-11-17 12:15:00,1763399700000,232.97,233.825,232.88,233.52,1602816.0,233.2633
2025-11-17 12:30:00,1763400600000,233.5244,234.03,232.75,232.8537,1710530.0,233.3308
2025-11-17 12:45:00,1763401500000,232.88,232.89,232.3,232.35,818374.0,232.519
2025-11-17 13:00:00,1763402400000,232.37,232.81,232.08,232.465,793623.0,232.3531
2025-11-17 13:15:00,1763403300000,232.48,232.55,231.86,231.99,614317.0,232.2426
2025-11-17 13:30:00,1763404200000,231.99,232.32,231.895,232.27,556501.0,232.0796
2025-11-17 13:45:00,1763405100000,232.26,232.77,230.54,230.7988,1084732.0,231.4018
2025-11-17 14:00:00,1763406000000,230.77,231.25,230.62,230.97,1217700.0,230.8909
2025-11-17 14:15:00,1763406900000,230.98,231.43,230.83,231.39,1186421.0,231.055
2025-11-17 14:30:00,1763407800000,231.395,231.525,230.985,231.31,787188.0,231.2254
2025-11-17 14:45:00,1763408700000,231.2807,231.32,230.58,230.61,723114.0,230.9222
2025-11-17 15:00:00,1763409600000,230.6,231.15,230.38,230.809,1140794.0,230.7514
2025-11-17 15:15:00,1763410500000,230.82,231.69,230.75,231.66,1011334.0,231.3338
2025-11-17 15:30:00,1763411400000,231.68,232.05,231.3,232.05,1425844.0,231.857
2025-11-17 15:45:00,1763412300000,232.05,233.02,232.05,232.86,2826012.0,232.6569
2025-11-17 16:00:00,1763413200000,232.87,233.46,232.75,233.1,1581688.0,232.877
2025-11-17 16:15:00,1763414100000,233.17,233.25,232.75,232.8,23381.0,233.0062
2025-11-17 16:30:00,1763415000000,232.87,232.93,232.6,232.6,12023.0,232.7151
2025-11-17 16:45:00,1763415900000,232.71,232.9547,232.4,232.8,258573.0,232.8039
2025-11-17 17:00:00,1763416800000,232.7055,232.75,232.61,232.62,7444.0,232.6816
2025-11-17 17:15:00,1763417700000,232.6202,232.745,232.49,232.51,8351.0,232.4025
2025-11-17 17:30:00,1763418600000,232.52,232.6762,232.5,232.52,5068.0,232.5842
2025-11-17 17:45:00,1763419500000,232.52,232.65,232.43,232.65,4247.0,232.4972
2025-11-17 18:00:00,1763420400000,232.69,233.2,232.5,232.69,17281.0,232.914
2025-11-17 18:15:00,1763421300000,232.74,232.87,232.4,232.8,7637.0,232.6372
2025-11-17 18:30:00,1763422200000,232.87,233.2,232.8,233.0,13269.0,232.9309
2025-11-17 18:45:00,1763423100000,232.9,232.92,232.7711,232.7711,6539.0,232.8624
2025-11-17 19:00:00,1763424000000,232.816,233.2,232.816,233.05,9000.0,233.0831
2025-11-17 19:15:00,1763424900000,233.0,233.0,232.4,232.46,7001.0,232.6332
2025-11-17 19:30:00,1763425800000,232.41,232.4399,231.49,231.6807,23838.0,231.8148
2025-11-17 19:45:00,1763426700000,231.85,232.65,231.71,232.0801,14811.0,232.2054
2025-11-18 04:00:00,1763456400000,229.79,230.4,229.53,230.12,16682.0,229.9929
2025-11-18 04:15:00,1763457300000,230.04,230.18,229.56,229.56,7240.0,230.0007
2025-11-18 04:30:00,1763458200000,229.72,229.92,229.57,229.78,4603.0,229.7334
2025-11-18 04:45:00,1763459100000,229.92,230.39,229.67,230.28,12145.0,230.006
2025-11-18 05:00:00,1763460000000,230.32,230.32,229.76,229.76,1654.0,230.0896
2025-11-18 05:15:00,1763460900000,229.82,229.99,229.82,229.9,734.0,229.9498
2025-11-18 05:30:00,1763461800000,230.0,230.15,230.0,230.06,2639.0,230.0476
2025-11-18 05:45:00,1763462700000,230.12,230.7,230.11,230.45,11633.0,230.3875
2025-11-18 06:00:00,1763463600000,230.43,230.43,229.81,229.9,2951.0,230.1334
2025-11-18 06:15:00,1763464500000,229.78,229.82,229.6,229.6,5574.0,229.7351
2025-11-18 06:30:00,1763465400000,229.68,229.68,229.04,229.38,11733.0,229.3388
2025-11-18 06:45:00,1763466300000,229.32,229.6,228.93,229.47,19910.0,229.3078
2025-11-18 07:00:00,1763467200000,229.5,229.6,228.68,228.72,37228.0,229.0799
2025-11-18 07:15:00,1763468100000,228.8,228.83,228.36,228.55,41832.0,228.741
2025-11-18 07:30:00,1763469000000,228.55,229.0,228.2,228.4,28457.0,228.6308
2025-11-18 07:45:00,1763469900000,228.35,228.36,227.39,227.7,70281.0,227.9354
2025-11-18 08:00:00,1763470800000,227.7,231.5,227.39,228.25,306634.0,228.8577
2025-11-18 08:15:00,1763471700000,228.22,228.45,227.8,227.99,45966.0,228.0127
2025-11-18 08:30:00,1763472600000,227.95,228.25,226.8585,226.99,132774.0,227.5507
2025-11-18 08:45:00,1763473500000,227.0,227.95,226.75,227.8,212165.0,230.0325
2025-11-18 09:00:00,1763474400000,227.8,228.22,227.5,227.85,63121.0,227.8527
2025-11-18 09:15:00,1763475300000,227.9,228.1,227.2,228.08,100321.0,227.6077
2025-11-18 09:30:00,1763476200000,228.1,230.2,227.72,227.95,4171070.0,228.5723
2025-11-18 09:45:00,1763477100000,227.92,228.6962,225.18,225.36,3265351.0,226.8966
2025-11-18 10:00:00,1763478000000,225.34,226.83,222.6,225.39,6805325.0,224.7422
2025-11-18 10:15:00,1763478900000,225.37,225.9,224.26,225.52,2833245.0,225.1103
2025-11-18 10:30:00,1763479800000,225.49,225.6698,224.1701,224.66,1780632.0,224.8637
2025-11-18 10:45:00,1763480700000,224.6,225.165,223.93,224.71,1525965.0,224.4868
2025-11-18 11:00:00,1763481600000,224.68,225.3,223.6,225.2,1749681.0,224.4831
2025-11-18 11:15:00,1763482500000,225.2,226.6,224.83,226.26,1485454.0,225.7487
2025-11-18 11:30:00,1763483400000,226.25,226.52,225.05,225.66,1260722.0,225.926
2025-11-18 11:45:00,1763484300000,225.67,225.795,224.7,224.9036,1233994.0,225.1398
2025-11-18 12:00:00,1763485200000,224.9,225.04,222.95,223.11,2286173.0,223.8061
2025-11-18 12:15:00,1763486100000,223.13,223.71,222.71,222.8144,1452591.0,223.1639
2025-11-18 12:30:00,1763487000000,222.8,224.25,222.42,223.95,1870954.0,223.2762
2025-11-18 12:45:00,1763487900000,223.96,224.6799,223.67,224.28,1423070.0,224.2616
2025-11-18 13:00:00,1763488800000,224.3,225.0,224.19,224.28,1266149.0,224.6168
2025-11-18 13:15:00,1763489700000,224.29,224.5,223.65,223.65,1074177.0,224.151
2025-11-18 13:30:00,1763490600000,223.65,224.41,223.645,223.87,942675.0,223.9992
2025-11-18 13:45:00,1763491500000,223.88,224.4799,223.618,223.8586,1169318.0,224.0563
2025-11-18 14:00:00,1763492400000,223.87,225.65,223.79,225.52,1020239.0,224.7578
2025-11-18 14:15:00,1763493300000,225.52,225.7446,224.939,225.2,1095501.0,225.3016
2025-11-18 14:30:00,1763494200000,225.22,226.26,224.786,225.62,1094576.0,225.5808
2025-11-18 14:45:00,1763495100000,225.63,226.5,225.1254,225.785,1438796.0,225.8066
2025-11-18 15:00:00,1763496000000,225.785,225.95,224.27,224.5,1254253.0,224.9897
2025-11-18 15:15:00,1763496900000,224.51,224.66,223.86,224.17,1700348.0,224.2389
2025-11-18 15:30:00,1763497800000,224.155,224.28,223.38,223.4699,1703592.0,223.7847
2025-11-18 15:45:00,1763498700000,223.465,223.62,222.47,222.58,5024818.0,223.0141
2025-11-18 16:00:00,1763499600000,222.57,222.8,222.31,222.69,637535.0,222.5657
2025-11-18 16:15:00,1763500500000,222.69,222.82,222.55,222.8,61811.0,222.7327
2025-11-18 16:30:00,1763501400000,222.75,222.87,222.52,222.8244,43285.0,222.7504
2025-11-18 16:45:00,1763502300000,222.85,222.88,222.4,222.4,48186.0,222.5875
2025-11-18 17:00:00,1763503200000,222.4,222.66,222.38,222.65,14023.0,222.4236
2025-11-18 17:15:00,1763504100000,222.62,222.7,222.54,222.7,21489.0,222.6082
2025-11-18 17:30:00,1763505000000,222.7,222.8999,222.6,222.83,19878.0,222.6986
2025-11-18 17:45:00,1763505900000,222.9,222.92,222.61,222.7315,26465.0,222.7781
2025-11-18 18:00:00,1763506800000,222.86,223.3,222.79,223.2,47539.0,223.0623
2025-11-18 18:15:00,1763507700000,223.27,223.7,223.2504,223.4913,28202.0,223.3854
2025-11-18 18:30:00,1763508600000,223.45,223.5,223.11,223.3899,12114.0,223.286
2025-11-18 18:45:00,1763509500000,223.15,223.15,223.0384,223.09,15061.0,223.0909
2025-11-18 19:00:00,1763510400000,223.16,223.2,222.6306,222.66,18582.0,222.9437
2025-11-18 19:15:00,1763511300000,222.87,222.89,222.4,222.55,27466.0,222.5883
2025-11-18 19:30:00,1763512200000,222.55,222.85,222.5,222.85,20125.0,222.6213
2025-11-18 19:45:00,1763513100000,222.9557,222.99,222.65,222.8151,19100.0,222.7875
2025-11-19 04:00:00,1763542800000,223.05,223.59,222.66,223.59,13687.0,223.2138
2025-11-19 04:15:00,1763543700000,223.72,223.9,223.7,223.73,7056.0,223.7786
2025-11-19 04:30:00,1763544600000,223.93,223.93,223.62,223.7,3611.0,223.7462
2025-11-19 04:45:00,1763545500000,223.76,224.19,223.75,223.75,17906.0,223.9979
2025-11-19 05:00:00,1763546400000,223.77,224.02,223.77,223.93,3905.0,223.9383
2025-11-19 05:15:00,1763547300000,223.87,224.27,223.85,224.01,7626.0,224.0628
2025-11-19 05:30:00,1763548200000,224.1,224.15,224.01,224.15,3268.0,224.1245
2025-11-19 05:45:00,1763549100000,224.15,224.27,223.87,223.93,11260.0,224.0356
2025-11-19 06:00:00,1763550000000,224.05,224.27,223.76,224.09,8672.0,224.0351
2025-11-19 06:15:00,1763550900000,224.13,224.13,224.05,224.05,2344.0,224.0948
2025-11-19 06:30:00,1763551800000,224.05,224.05,223.6,224.0,16680.0,223.8577
2025-11-19 06:45:00,1763552700000,224.0,224.09,223.77,223.79,19373.0,223.986
2025-11-19 07:00:00,1763553600000,223.74,223.93,223.45,223.92,25147.0,223.6404
2025-11-19 07:15:00,1763554500000,223.95,223.95,223.59,223.7,17485.0,223.7145
2025-11-19 07:30:00,1763555400000,223.74,223.89,222.67,223.49,48305.0,223.3163
2025-11-19 07:45:00,1763556300000,223.45,223.58,223.36,223.4,8739.0,223.4707
2025-11-19 08:00:00,1763557200000,223.39,224.3,221.0,223.2,178935.0,223.1111
2025-11-19 08:15:00,1763558100000,223.12,223.66,223.1,223.66,22991.0,223.3815
2025-11-19 08:30:00,1763559000000,223.63,223.7,223.1,223.2384,26994.0,223.3697
2025-11-19 08:45:00,1763559900000,223.18,223.67,223.12,223.5,50902.0,223.434
2025-11-19 09:00:00,1763560800000,223.33,223.669,222.98,223.0,41393.0,223.329
2025-11-19 09:15:00,1763561700000,223.0,224.01,222.5,223.77,100167.0,223.309
2025-11-19 09:30:00,1763562600000,223.735,223.735,220.08,220.48,5653104.0,221.4716
2025-11-19 09:45:00,1763563500000,220.5,221.08,218.52,220.31,5438289.0,219.6651
2025-11-19 10:00:00,1763564400000,220.365,221.91,220.35,221.52,3131715.0,221.1931
2025-11-19 10:15:00,1763565300000,221.5408,222.1,220.2,220.59,2507079.0,221.1114
2025-11-19 10:30:00,1763566200000,220.6,220.61,219.71,220.43,1933979.0,220.1683
2025-11-19 10:45:00,1763567100000,220.415,221.53,220.3,221.4495,1588042.0,220.8249
2025-11-19 11:00:00,1763568000000,221.43,221.72,220.89,221.11,1801165.0,221.3022
2025-11-19 11:15:00,1763568900000,221.11,222.27,221.11,222.0598,1570610.0,221.721
2025-11-19 11:30:00,1763569800000,222.1,222.55,221.62,222.1,1114622.0,222.1685
2025-11-19 11:45:00,1763570700000,222.09,222.85,221.755,222.765,1224051.0,222.339
2025-11-19 12:00:00,1763571600000,222.75,222.91,221.31,221.61,1351904.0,222.2318
2025-11-19 12:15:00,1763572500000,221.64,221.89,221.02,221.78,1294010.0,221.3998
2025-11-19 12:30:00,1763573400000,221.75,221.7707,219.8901,220.8248,1500316.0,220.8197
2025-11-19 12:45:00,1763574300000,220.83,220.94,219.78,219.91,1165021.0,220.2699
2025-11-19 13:00:00,1763575200000,219.9,220.5899,219.7603,220.54,1072122.0,220.1202
2025-11-19 13:15:00,1763576100000,220.53,221.11,220.365,220.59,1006789.0,220.7866
2025-11-19 13:30:00,1763577000000,220.59,221.26,220.5,220.85,935616.0,220.9226
2025-11-19 13:45:00,1763577900000,220.85,222.04,220.64,221.84,768536.0,221.412
2025-11-19 14:00:00,1763578800000,221.86,221.91,221.04,221.35,783000.0,221.3381
2025-11-19 14:15:00,1763579700000,221.36,221.51,220.53,220.7,594560.0,221.0959
2025-11-19 14:30:00,1763580600000,220.68,221.27,220.665,221.01,760562.0,220.9961
2025-11-19 14:45:00,1763581500000,221.03,221.97,220.84,221.5,643539.0,221.3726
2025-11-19 15:00:00,1763582400000,221.495,222.185,221.38,222.15,754299.0,221.7063
2025-11-19 15:15:00,1763583300000,222.156,223.02,222.15,222.69,1462336.0,222.6058
2025-11-19 15:30:00,1763584200000,222.67,223.25,222.22,222.57,1337511.0,222.6732
2025-11-19 15:45:00,1763585100000,222.56,223.16,221.76,222.69,3490187.0,222.5494
2025-11-19 16:00:00,1763586000000,222.69,223.2199,221.56,223.06,710948.0,222.7011
2025-11-19 16:15:00,1763586900000,223.06,224.89,223.0001,223.84,265575.0,223.7649
2025-11-19 16:30:00,1763587800000,223.91,224.52,223.76,224.32,166556.0,224.0278
2025-11-19 16:45:00,1763588700000,224.32,224.65,222.69,223.9,95426.0,224.0371
2025-11-19 17:00:00,1763589600000,223.8501,226.13,223.4,225.8,191819.0,224.8117
2025-11-19 17:15:00,1763590500000,225.8,225.8,224.5095,225.01,83136.0,225.1624
2025-11-19 17:30:00,1763591400000,224.9712,224.9999,224.5,224.53,37268.0,224.8037
2025-11-19 17:45:00,1763592300000,224.59,225.3949,224.51,225.254,31860.0,224.9191
2025-11-19 18:00:00,1763593200000,225.26,226.0,225.25,225.95,60662.0,225.5548
2025-11-19 18:15:00,1763594100000,225.99,226.7,225.98,226.64,66177.0,226.3595
2025-11-19 18:30:00,1763595000000,226.65,227.283,226.59,226.66,90878.0,226.8974
2025-11-19 18:45:00,1763595900000,226.77,226.8431,226.35,226.5,39257.0,226.5391
2025-11-19 19:00:00,1763596800000,226.64,226.8,226.5,226.8,15532.0,226.6984
2025-11-19 19:15:00,1763597700000,226.76,226.9,226.5,226.61,43260.0,226.7394
2025-11-19 19:30:00,1763598600000,226.58,227.0,226.5,227.0,36409.0,226.7909
2025-11-19 19:45:00,1763599500000,227.0,227.0,226.8,226.8799,23095.0,226.8822
2025-11-20 04:00:00,1763629200000,227.36,227.63,225.8,226.48,22487.0,226.4443
2025-11-20 04:15:00,1763630100000,226.45,226.49,226.0,226.0,11937.0,226.3192
2025-11-20 04:30:00,1763631000000,226.0,226.05,225.86,225.91,22081.0,225.9807
2025-11-20 04:45:00,1763631900000,225.87,225.91,225.71,225.91,2708.0,225.8301
2025-11-20 05:00:00,1763632800000,226.03,226.19,225.73,226.0,12144.0,225.9743
2025-11-20 05:15:00,1763633700000,226.0,226.2,225.99,226.05,9841.0,226.0655
2025-11-20 05:30:00,1763634600000,226.08,226.2,226.03,226.06,11793.0,226.1497
2025-11-20 05:45:00,1763635500000,226.1,226.69,226.03,226.61,14238.0,226.2537
2025-11-20 06:00:00,1763636400000,226.57,226.62,226.34,226.62,11722.0,226.4755
2025-11-20 06:15:00,1763637300000,226.62,226.77,226.25,226.4,21900.0,226.6254
2025-11-20 06:30:00,1763638200000,226.58,226.84,226.5,226.65,9549.0,226.7225
2025-11-20 06:45:00,1763639100000,226.81,226.85,226.21,226.48,9738.0,226.5197
2025-11-20 07:00:00,1763640000000,226.56,226.85,225.64,226.3,33316.0,226.1291
2025-11-20 07:15:00,1763640900000,226.3,226.32,225.8,225.8,20101.0,226.0155
2025-11-20 07:30:00,1763641800000,226.0,226.25,225.9,226.1,15583.0,226.0467
2025-11-20 07:45:00,1763642700000,226.17,226.83,225.95,226.83,23146.0,226.2119
2025-11-20 08:00:00,1763643600000,226.1,228.06,225.58,227.17,270245.0,226.8477
2025-11-20 08:15:00,1763644500000,227.2,227.4,227.08,227.24,82194.0,227.2143
2025-11-20 08:30:00,1763645400000,227.24,227.9,226.3025,227.45,191167.0,227.0764
2025-11-20 08:45:00,1763646300000,226.98,227.99,226.98,227.69,110705.0,227.639
2025-11-20 09:00:00,1763647200000,227.59,227.8,226.8167,227.18,107326.0,227.398
2025-11-20 09:15:00,1763648100000,227.1521,227.99,226.9,226.99,83184.0,227.2187
2025-11-20 09:30:00,1763649000000,227.05,227.21,225.36,225.6656,4049328.0,226.3409
2025-11-20 09:45:00,1763649900000,225.66,226.8,224.85,226.2,2558316.0,225.8722
2025-11-20 10:00:00,1763650800000,226.17,226.7,225.09,225.24,1732000.0,225.9497
2025-11-20 10:15:00,1763651700000,225.285,226.43,224.76,226.41,1390876.0,225.7538
2025-11-20 10:30:00,1763652600000,226.4159,227.41,226.3432,227.19,1405220.0,226.8853
2025-11-20 10:45:00,1763653500000,227.2,227.26,225.94,225.97,1186826.0,226.6223
2025-11-20 11:00:00,1763654400000,225.99,226.0,224.68,224.74,1413657.0,225.1836
2025-11-20 11:15:00,1763655300000,224.71,224.78,223.2313,223.74,1710223.0,223.9992
2025-11-20 11:30:00,1763656200000,223.72,224.18,222.56,222.69,2007747.0,223.3295
2025-11-20 11:45:00,1763657100000,222.69,222.879,220.32,220.7,1970460.0,221.7412
2025-11-20 12:00:00,1763658000000,220.7,221.05,219.89,220.5326,1918563.0,220.5651
2025-11-20 12:15:00,1763658900000,220.48,220.5,219.3,219.46,1454115.0,219.8052
2025-11-20 12:30:00,1763659800000,219.46,219.95,218.22,218.54,1829391.0,219.1896
2025-11-20 12:45:00,1763660700000,218.53,219.43,218.245,219.0893,1126934.0,218.7598
2025-11-20 13:00:00,1763661600000,219.09,220.69,218.8101,220.62,1377679.0,219.6718
2025-11-20 13:15:00,1763662500000,220.65,220.67,219.52,219.8339,962365.0,219.9528
2025-11-20 13:30:00,1763663400000,219.825,220.0,218.64,218.78,791027.0,219.09
2025-11-20 13:45:00,1763664300000,218.77,219.13,218.2,218.76,1101031.0,218.4822
2025-11-20 14:00:00,1763665200000,218.7471,219.2336,218.2,219.17,853963.0,218.7317
2025-11-20 14:15:00,1763666100000,219.14,219.75,218.79,219.575,1129503.0,219.2697
2025-11-20 14:30:00,1763667000000,219.565,219.6,218.94,219.41,862157.0,219.2193
2025-11-20 14:45:00,1763667900000,219.42,220.0,218.7501,219.945,722278.0,219.3863
2025-11-20 15:00:00,1763668800000,219.93,219.93,218.7953,219.13,970463.0,219.1753
2025-11-20 15:15:00,1763669700000,219.135,219.63,218.79,219.07,1057717.0,219.2286
2025-11-20 15:30:00,1763670600000,219.06,219.28,217.2202,217.4,2462789.0,218.1544
2025-11-20 15:45:00,1763671500000,217.39,217.7,216.74,217.15,4949764.0,217.1143
2025-11-20 16:00:00,1763672400000,217.14,217.3,216.7,216.87,442746.0,217.1146
2025-11-20 16:15:00,1763673300000,216.86,217.0,216.5,216.95,48043.0,216.7298
2025-11-20 16:30:00,1763674200000,216.9,217.0,216.6,216.7,40524.0,216.8096
2025-11-20 16:45:00,1763675100000,216.75,216.89,216.5,216.78,45288.0,216.757
2025-11-20 17:00:00,1763676000000,216.7805,216.81,216.58,216.6887,28852.0,216.748
2025-11-20 17:15:00,1763676900000,216.62,216.6201,216.27,216.44,46114.0,216.449
2025-11-20 17:30:00,1763677800000,216.51,216.75,216.3526,216.499,21064.0,216.5371
2025-11-20 17:45:00,1763678700000,216.4013,216.81,216.4,216.81,19109.0,216.5466
2025-11-20 18:00:00,1763679600000,216.9,217.4,216.4,216.4,36573.0,216.8612
2025-11-20 18:15:00,1763680500000,216.39,217.4,216.32,217.4,65836.0,216.701
2025-11-20 18:30:00,1763681400000,217.35,217.95,216.85,217.42,43604.0,217.4349
2025-11-20 18:45:00,1763682300000,217.5,217.78,217.14,217.14,10489.0,217.3803
2025-11-20 19:00:00,1763683200000,217.2,217.78,217.02,217.65,19371.0,217.5194
2025-11-20 19:15:00,1763684100000,217.4031,217.8,217.4031,217.7,25480.0,217.703
2025-11-20 19:30:00,1763685000000,217.8,217.8,217.59,217.7492,13712.0,217.6952
2025-11-20 19:45:00,1763685900000,217.6002,217.88,217.5,217.85,18848.0,217.7639
2025-11-21 04:00:00,1763715600000,217.93,218.83,217.93,218.7,24146.0,218.3719
2025-11-21 04:15:00,1763716500000,218.54,218.67,218.06,218.07,26354.0,218.4504
2025-11-21 04:30:00,1763717400000,218.29,218.78,218.02,218.08,13614.0,218.3173
2025-11-21 04:45:00,1763718300000,218.11,218.35,217.45,217.45,19601.0,217.9254
2025-11-21 05:00:00,1763719200000,217.4,217.4,216.25,216.75,32215.0,216.712
2025-11-21 05:15:00,1763720100000,216.7,216.7,215.97,215.97,27064.0,216.3055
2025-11-21 05:30:00,1763721000000,215.97,217.57,215.97,217.38,35756.0,216.8599
2025-11-21 05:45:00,1763721900000,217.3,217.99,217.25,217.59,10914.0,217.5994
2025-11-21 06:00:00,1763722800000,217.72,218.14,217.5,218.08,14631.0,217.8408
2025-11-21 06:15:00,1763723700000,218.13,218.19,217.5,217.6,10711.0,217.693
2025-11-21 06:30:00,1763724600000,217.57,217.85,217.45,217.68,15230.0,217.6676
2025-11-21 06:45:00,1763725500000,217.62,217.62,216.85,217.01,14318.0,217.1321
2025-11-21 07:00:00,1763726400000,217.2,217.52,216.61,216.85,26713.0,217.0586
2025-11-21 07:15:00,1763727300000,216.93,217.0,216.5,216.72,9343.0,216.6728
2025-11-21 07:30:00,1763728200000,216.72,218.45,216.71,218.45,55874.0,217.7522
2025-11-21 07:45:00,1763729100000,218.43,218.8,218.25,218.25,58120.0,218.5561
2025-11-21 08:00:00,1763730000000,217.5,218.8,216.1497,218.48,256345.0,217.8072
2025-11-21 08:15:00,1763730900000,218.47,218.52,218.02,218.1,75386.0,218.3545
2025-11-21 08:30:00,1763731800000,218.17,218.89,218.1,218.8,59885.0,218.5244
2025-11-21 08:45:00,1763732700000,218.87,218.98,218.39,218.61,53192.0,218.6507
2025-11-21 09:00:00,1763733600000,218.42,218.87,218.2577,218.75,41999.0,218.5445
2025-11-21 09:15:00,1763734500000,218.52,218.8,216.15,216.3,200685.0,217.0332
2025-11-21 09:30:00,1763735400000,216.345,217.6,215.27,216.14,6920375.0,216.2952
2025-11-21 09:45:00,1763736300000,216.095,217.82,215.55,217.11,3836847.0,216.7396
2025-11-21 10:00:00,1763737200000,217.12,217.66,215.95,217.26,2606714.0,216.8061
2025-11-21 10:15:00,1763738100000,217.27,217.91,215.92,216.265,2038466.0,217.0606
2025-11-21 10:30:00,1763739000000,216.28,217.12,215.28,216.2,3185066.0,216.1615
2025-11-21 10:45:00,1763739900000,216.24,216.95,215.25,215.688,2191663.0,216.3892
2025-11-21 11:00:00,1763740800000,215.68,216.83,215.18,216.665,1814657.0,215.9004
2025-11-21 11:15:00,1763741700000,216.68,218.62,215.5,218.575,2796918.0,217.3691
2025-11-21 11:30:00,1763742600000,218.575,218.81,216.76,218.3,2406720.0,217.9988
2025-11-21 11:45:00,1763743500000,218.2999,219.845,217.0,219.795,2137614.0,218.6509
2025-11-21 12:00:00,1763744400000,219.79,220.723,219.6666,220.41,2818651.0,220.2011
2025-11-21 12:15:00,1763745300000,220.395,220.7,219.43,219.69,1677491.0,220.0617
2025-11-21 12:30:00,1763746200000,219.74,220.085,219.22,219.5,1867077.0,219.7232
2025-11-21 12:45:00,1763747100000,219.52,219.845,219.18,219.42,837334.0,219.495
2025-11-21 13:00:00,1763748000000,219.415,219.5,218.2,218.2,1551114.0,218.9378
2025-11-21 13:15:00,1763748900000,218.18,218.74,218.01,218.722,859435.0,218.3885
2025-11-21 13:30:00,1763749800000,218.71,219.48,218.57,219.3371,986484.0,219.0493
2025-11-21 13:45:00,1763750700000,219.35,220.43,219.11,219.39,1124073.0,219.801
2025-11-21 14:00:00,1763751600000,219.39,221.17,219.25,221.055,1563230.0,220.4231
2025-11-21 14:15:00,1763752500000,221.07,222.1,221.01,222.05,1608140.0,221.6605
2025-11-21 14:30:00,1763753400000,222.07,222.21,220.815,221.01,1232887.0,221.4472
2025-11-21 14:45:00,1763754300000,221.03,221.33,220.47,220.92,901665.0,220.922
2025-11-21 15:00:00,1763755200000,220.91,221.46,220.775,221.1,1078277.0,221.1116
2025-11-21 15:15:00,1763756100000,221.09,221.34,220.18,220.185,2281755.0,221.0755
2025-11-21 15:30:00,1763757000000,220.17,220.875,219.89,220.65,1427718.0,220.4616
2025-11-21 15:45:00,1763757900000,220.65,221.5,220.07,220.67,4639255.0,220.5749
2025-11-21 16:00:00,1763758800000,220.6839,220.9,219.9,220.6696,1094220.0,220.6852
2025-11-21 16:15:00,1763759700000,220.85,220.89,220.61,220.67,50175.0,220.6946
2025-11-21 16:30:00,1763760600000,220.67,220.81,220.25,220.73,36424.0,220.6728
2025-11-21 16:45:00,1763761500000,220.73,220.88,220.6,220.85,18683.0,220.7316
2025-11-21 17:00:00,1763762400000,220.86,221.3,220.84,221.15,31480.0,221.1006
2025-11-21 17:15:00,1763763300000,221.25,221.28,221.01,221.17,8719.0,221.1057
2025-11-21 17:30:00,1763764200000,221.12,221.17,221.05,221.14,6134.0,221.135
2025-11-21 17:45:00,1763765100000,221.14,221.69,221.11,221.65,17106.0,221.267
2025-11-21 18:00:00,1763766000000,221.2889,221.33,221.1114,221.15,6849.0,221.2297
2025-11-21 18:15:00,1763766900000,221.3,221.4,221.29,221.4,3192.0,221.3657
2025-11-21 18:30:00,1763767800000,221.3505,221.5753,221.3505,221.45,7041.0,221.4444
2025-11-21 18:45:00,1763768700000,221.35,221.4068,221.2,221.23,4744.0,221.2378
2025-11-21 19:00:00,1763769600000,221.2666,221.45,221.23,221.4211,6134.0,221.3105
2025-11-21 19:15:00,1763770500000,221.3,221.41,221.3,221.36,2357.0,221.3716
2025-11-21 19:30:00,1763771400000,221.41,221.45,221.35,221.38,5256.0,221.4213
2025-11-21 19:45:00,1763772300000,221.3627,221.45,221.35,221.44,11370.0,221.4164
2025-11-24 04:00:00,1763974800000,224.0,224.0,222.28,223.18,25521.0,223.6896
2025-11-24 04:15:00,1763975700000,223.2,223.2,221.9,222.06,26434.0,222.5819
2025-11-24 04:30:00,1763976600000,222.12,222.8,222.09,222.09,8120.0,222.4367
2025-11-24 04:45:00,1763977500000,222.39,222.68,222.33,222.33,4747.0,222.5387
2025-11-24 05:00:00,1763978400000,222.42,222.61,221.52,222.13,26379.0,222.0853
2025-11-24 05:15:00,1763979300000,222.05,222.1,221.7,221.7,5592.0,221.8895
2025-11-24 05:30:00,1763980200000,221.71,221.81,221.5,221.78,12095.0,221.6522
2025-11-24 05:45:00,1763981100000,221.7,222.0,221.65,221.96,12246.0,221.7348
2025-11-24 06:00:00,1763982000000,221.91,221.97,221.5,221.82,5913.0,221.7168
2025-11-24 06:15:00,1763982900000,221.71,222.4,221.6,221.97,9118.0,221.9468
2025-11-24 06:30:00,1763983800000,221.97,222.01,221.65,221.8,5531.0,221.8651
2025-11-24 06:45:00,1763984700000,222.0,222.35,222.0,222.35,4294.0,222.2146
2025-11-24 07:00:00,1763985600000,222.3,222.43,221.72,221.72,17752.0,222.1124
2025-11-24 07:15:00,1763986500000,221.82,222.1,221.73,222.0,19856.0,221.9748
2025-11-24 07:30:00,1763987400000,221.96,222.12,221.94,222.12,9620.0,222.0165
2025-11-24 07:45:00,1763988300000,222.17,222.6,222.1,222.42,21064.0,222.339
2025-11-24 08:00:00,1763989200000,221.68,223.8,221.5993,223.17,211358.0,222.6145
2025-11-24 08:15:00,1763990100000,223.2,223.65,223.12,223.51,71589.0,223.3346
2025-11-24 08:30:00,1763991000000,223.56,223.86,223.42,223.62,83196.0,223.6704
2025-11-24 08:45:00,1763991900000,223.65,223.769,222.55,222.69,78094.0,223.1872
2025-11-24 09:00:00,1763992800000,222.61,223.5,222.61,223.5,49076.0,223.2198
2025-11-24 09:15:00,1763993700000,223.5,223.52,222.5,222.58,82930.0,223.0732
2025-11-24 09:30:00,1763994600000,222.555,225.64,222.27,224.42,4380970.0,224.1862
2025-11-24 09:45:00,1763995500000,224.44,225.85,224.22,225.7766,2136637.0,225.2236
2025-11-24 10:00:00,1763996400000,225.79,226.63,225.54,226.425,2131724.0,226.0343
2025-11-24 10:15:00,1763997300000,226.44,226.79,225.68,225.87,1429492.0,226.2592
2025-11-24 10:30:00,1763998200000,225.849,226.75,225.42,226.0793,1150316.0,225.9183
2025-11-24 10:45:00,1763999100000,226.085,226.415,225.33,225.39,923196.0,225.8266
2025-11-24 11:00:00,1764000000000,225.39,226.175,225.25,225.7118,1314035.0,225.7739
2025-11-24 11:15:00,1764000900000,225.73,226.07,224.87,224.949,1121016.0,225.4295
2025-11-24 11:30:00,1764001800000,224.93,225.005,224.45,224.86,1215177.0,224.6734
2025-11-24 11:45:00,1764002700000,224.85,225.12,224.6,224.63,920113.0,224.9129
2025-11-24 12:00:00,1764003600000,224.64,224.85,224.055,224.3,898412.0,224.454
2025-11-24 12:15:00,1764004500000,224.29,224.8365,224.24,224.62,763033.0,224.6237
2025-11-24 12:30:00,1764005400000,224.61,225.59,224.59,225.39,1174542.0,225.224
2025-11-24 12:45:00,1764006300000,225.38,225.53,224.9,225.005,724648.0,225.2092
2025-11-24 13:00:00,1764007200000,225.01,225.34,224.94,225.23,659234.0,225.1675
2025-11-24 13:15:00,1764008100000,225.24,225.26,224.935,224.96,737052.0,225.1079
2025-11-24 13:30:00,1764009000000,224.955,225.0999,224.75,224.945,598326.0,224.9205
2025-11-24 13:45:00,1764009900000,224.94,225.38,224.87,225.185,818851.0,225.1524
2025-11-24 14:00:00,1764010800000,225.19,225.95,225.19,225.88,997633.0,225.6894
2025-11-24 14:15:00,1764011700000,225.88,226.04,225.76,225.91,1019402.0,225.8731
2025-11-24 14:30:00,1764012600000,225.91,226.14,225.47,226.07,861435.0,225.8262
2025-11-24 14:45:00,1764013500000,226.07,226.285,225.765,226.105,1003595.0,225.9842
2025-11-24 15:00:00,1764014400000,226.11,226.7,226.1,226.49,1382757.0,226.4822
2025-11-24 15:15:00,1764015300000,226.48,226.865,226.0599,226.0993,1346854.0,226.4921
2025-11-24 15:30:00,1764016200000,226.09,226.575,225.97,226.3201,1428591.0,226.2432
2025-11-24 15:45:00,1764017100000,226.33,227.33,225.29,226.07,5120268.0,226.2865
2025-11-24 16:00:00,1764018000000,226.28,226.7,226.0734,226.37,3412746.0,226.2571
2025-11-24 16:15:00,1764018900000,226.47,226.5,226.28,226.49,470490.0,226.2846
2025-11-24 16:30:00,1764019800000,226.41,226.54,226.25,226.35,20621.0,226.4574
2025-11-24 16:45:00,1764020700000,226.39,226.54,226.31,226.48,12495.0,226.4285
2025-11-24 17:00:00,1764021600000,226.42,226.56,226.42,226.5,16181.0,226.4554
2025-11-24 17:15:00,1764022500000,226.554,226.6,226.52,226.58,20087.0,226.5659
2025-11-24 17:30:00,1764023400000,226.6105,226.69,226.59,226.6,10944.0,226.6538
2025-11-24 17:45:00,1764024300000,226.69,226.69,226.6402,226.6899,12838.0,226.6774
2025-11-24 18:00:00,1764025200000,226.62,226.68,226.3,226.38,20128.0,226.4451
2025-11-24 18:15:00,1764026100000,226.28,226.35,226.141,226.23,23870.0,226.2762
2025-11-24 18:30:00,1764027000000,226.2171,226.45,226.2,226.42,9465.0,226.2724
2025-11-24 18:45:00,1764027900000,226.66,226.67,226.3,226.4316,10805.0,226.4637
2025-11-24 19:00:00,1764028800000,226.23,226.3915,226.01,226.1769,11093.0,226.1416
2025-11-24 19:15:00,1764029700000,226.1006,226.16,226.0,226.0595,12000.0,226.0554
2025-11-24 19:30:00,1764030600000,226.05,226.3399,226.0,226.1491,9736.0,226.1321
2025-11-24 19:45:00,1764031500000,226.16,226.3,226.04,226.29,9120.0,226.1115
2025-11-25 04:00:00,1764061200000,226.28,226.8,226.27,226.51,18862.0,226.4736
2025-11-25 04:15:00,1764062100000,226.56,226.56,225.82,226.11,18606.0,226.1655
2025-11-25 04:30:00,1764063000000,226.29,226.43,225.7,226.24,12077.0,226.1151
2025-11-25 04:45:00,1764063900000,226.26,226.43,226.26,226.27,6304.0,226.3122
2025-11-25 05:00:00,1764064800000,226.13,226.24,225.77,225.94,16597.0,225.9629
2025-11-25 05:15:00,1764065700000,225.85,225.9,225.81,225.9,3983.0,225.8859
2025-11-25 05:30:00,1764066600000,225.74,226.23,225.62,226.06,7026.0,226.0155
2025-11-25 05:45:00,1764067500000,226.02,226.45,226.02,226.16,9443.0,226.2904
2025-11-25 06:00:00,1764068400000,226.39,226.8,226.3,226.8,10547.0,226.5945
2025-11-25 06:15:00,1764069300000,226.74,226.74,226.19,226.4,8270.0,226.3829
2025-11-25 06:30:00,1764070200000,226.27,227.2,226.1,227.05,17371.0,226.6491
2025-11-25 06:45:00,1764071100000,227.05,227.2,226.81,226.81,7243.0,227.0035
2025-11-25 07:00:00,1764072000000,226.69,227.0,226.68,227.0,19234.0,226.8947
2025-11-25 07:15:00,1764072900000,226.9,226.99,226.44,226.72,14310.0,226.7205
2025-11-25 07:30:00,1764073800000,226.6,227.17,226.6,226.92,55859.0,226.9507
2025-11-25 07:45:00,1764074700000,226.92,227.19,226.9,227.0,27525.0,227.0308
2025-11-25 08:00:00,1764075600000,226.92,227.28,225.7,226.72,214789.0,226.8304
2025-11-25 08:15:00,1764076500000,226.74,227.08,226.7,227.0,34610.0,226.884
2025-11-25 08:30:00,1764077400000,227.07,227.29,226.05,226.1679,70641.0,226.7979
2025-11-25 08:45:00,1764078300000,226.1613,226.445,225.17,225.34,114421.0,225.8701
2025-11-25 09:00:00,1764079200000,225.4,225.6866,225.1,225.33,53822.0,225.2917
2025-11-25 09:15:00,1764080100000,225.53,226.54,225.08,226.38,136391.0,225.6885
2025-11-25 09:30:00,1764081000000,226.38,227.31,224.1,224.3201,3285929.0,225.8518
2025-11-25 09:45:00,1764081900000,224.355,227.9,223.8,227.75,2717574.0,225.5806
2025-11-25 10:00:00,1764082800000,227.725,227.77,226.21,227.2489,1728566.0,227.099
2025-11-25 10:15:00,1764083700000,227.24,227.35,226.26,226.71,1193478.0,226.8822
2025-11-25 10:30:00,1764084600000,226.69,227.34,226.35,227.15,863794.0,226.8133
2025-11-25 10:45:00,1764085500000,227.16,227.87,227.0,227.6001,1168507.0,227.3982
2025-11-25 11:00:00,1764086400000,227.64,228.43,227.3,227.885,1244605.0,227.9738
2025-11-25 11:15:00,1764087300000,227.885,228.1399,227.53,227.77,718995.0,227.8394
2025-11-25 11:30:00,1764088200000,227.79,228.29,227.58,227.985,679705.0,227.9448
2025-11-25 11:45:00,1764089100000,228.0,229.28,227.85,229.15,1432617.0,228.6243
2025-11-25 12:00:00,1764090000000,229.16,229.98,229.13,229.92,1269760.0,229.6688
2025-11-25 12:15:00,1764090900000,229.93,230.07,229.14,229.27,981538.0,229.5686
2025-11-25 12:30:00,1764091800000,229.26,229.915,229.1,229.39,774526.0,229.4956
2025-11-25 12:45:00,1764092700000,229.41,229.905,229.2,229.605,740034.0,229.5937
2025-11-25 13:00:00,1764093600000,229.6199,229.7199,229.17,229.19,785689.0,229.472
2025-11-25 13:15:00,1764094500000,229.18,229.57,229.03,229.56,654884.0,229.2394
2025-11-25 13:30:00,1764095400000,229.5501,229.97,229.44,229.85,657861.0,229.7044
2025-11-25 13:45:00,1764096300000,229.85,230.27,229.81,230.12,812847.0,230.0875
2025-11-25 14:00:00,1764097200000,230.12,230.52,230.12,230.3,745820.0,230.3421
2025-11-25 14:15:00,1764098100000,230.305,230.33,229.37,229.8,723732.0,229.7676
2025-11-25 14:30:00,1764099000000,229.8,229.89,228.98,229.221,1193143.0,229.2713
2025-11-25 14:45:00,1764099900000,229.21,229.83,228.79,229.78,875936.0,229.3131
2025-11-25 15:00:00,1764100800000,229.77,229.95,229.7,229.71,605404.0,229.8162
2025-11-25 15:15:00,1764101700000,229.71,229.8,229.15,229.49,740786.0,229.4846
2025-11-25 15:30:00,1764102600000,229.49,229.895,229.26,229.39,800527.0,229.6112
2025-11-25 15:45:00,1764103500000,229.39,230.0,229.139,229.58,2339726.0,229.636
2025-11-25 16:00:00,1764104400000,229.57,229.75,229.52,229.67,1202721.0,229.6693
2025-11-25 16:15:00,1764105300000,229.67,229.79,229.59,229.6201,19380.0,229.6811
2025-11-25 16:30:00,1764106200000,229.65,229.96,229.62,229.81,11700.0,229.7356
2025-11-25 16:45:00,1764107100000,229.71,229.9,229.67,229.8232,9009.0,229.7257
2025-11-25 17:00:00,1764108000000,229.8709,229.96,229.7221,229.8,19280.0,229.8949
2025-11-25 17:15:00,1764108900000,229.81,229.8782,229.75,229.8782,24805.0,229.7183
2025-11-25 17:30:00,1764109800000,229.76,229.87,229.5,229.85,18466.0,229.7201
2025-11-25 17:45:00,1764110700000,229.8495,229.87,229.8,229.87,7859.0,229.8447
2025-11-25 18:00:00,1764111600000,229.85,229.87,229.67,229.86,9740.0,229.7938
2025-11-25 18:15:00,1764112500000,229.8697,229.87,229.82,229.87,9515.0,229.862
2025-11-25 18:30:00,1764113400000,229.87,229.87,229.825,229.87,1367.0,229.8588
2025-11-25 18:45:00,1764114300000,229.86,229.92,229.78,229.87,8501.0,229.841
2025-11-25 19:00:00,1764115200000,229.86,229.92,229.74,229.86,8613.0,229.8361
2025-11-25 19:15:00,1764116100000,229.87,230.0,229.87,229.97,12924.0,229.9365
2025-11-25 19:30:00,1764117000000,229.9994,230.0,229.96,230.0,14625.0,229.9968
2025-11-25 19:45:00,1764117900000,230.0027,230.05,230.0,230.0499,14038.0,230.0354
2025-11-26 04:00:00,1764147600000,229.67,231.0,229.67,230.85,16386.0,230.7598
2025-11-26 04:15:00,1764148500000,230.98,231.03,230.89,230.89,4571.0,230.9721
2025-11-26 04:30:00,1764149400000,230.83,231.0,230.83,230.96,5032.0,230.9428
2025-11-26 04:45:00,1764150300000,231.07,231.07,230.76,230.8,6895.0,230.8701
2025-11-26 05:00:00,1764151200000,231.19,231.27,231.13,231.13,9662.0,231.2013
2025-11-26 05:15:00,1764152100000,231.29,231.3,231.06,231.2,7024.0,231.2212
2025-11-26 05:30:00,1764153000000,231.05,231.05,230.85,231.0,4766.0,230.9896
2025-11-26 05:45:00,1764153900000,230.9,231.19,230.9,231.19,3961.0,231.077
2025-11-26 06:00:00,1764154800000,231.19,231.25,231.11,231.14,3495.0,231.1704
2025-11-26 06:15:00,1764155700000,231.21,231.35,231.08,231.35,7023.0,231.2263
2025-11-26 06:30:00,1764156600000,231.4,231.4,231.22,231.25,3874.0,231.2868
2025-11-26 06:45:00,1764157500000,231.37,231.42,231.08,231.08,5055.0,231.2341
2025-11-26 07:00:00,1764158400000,231.06,231.2,230.59,230.92,24139.0,230.8176
2025-11-26 07:15:00,1764159300000,230.65,230.7,230.5,230.66,15432.0,230.6131
2025-11-26 07:30:00,1764160200000,230.53,230.7,230.35,230.7,7898.0,230.5312
2025-11-26 07:45:00,1764161100000,230.8,231.3,230.8,231.28,19062.0,231.084
2025-11-26 08:00:00,1764162000000,230.9753,231.5,230.3,231.2,169200.0,231.0424
2025-11-26 08:15:00,1764162900000,231.23,231.25,231.06,231.23,23955.0,231.1826
2025-11-26 08:30:00,1764163800000,231.15,231.76,231.01,231.74,56376.0,231.2537
2025-11-26 08:45:00,1764164700000,231.78,232.0,231.19,231.85,71304.0,231.7078
2025-11-26 09:00:00,1764165600000,231.81,231.9,231.39,231.59,56106.0,231.5742
2025-11-26 09:15:00,1764166500000,231.5,231.74,230.69,230.71,99553.0,231.2718
2025-11-26 09:30:00,1764167400000,230.74,230.81,228.77,230.21,3176958.0,229.9157
2025-11-26 09:45:00,1764168300000,230.21,230.61,229.65,229.7975,1689386.0,230.2117
2025-11-26 10:00:00,1764169200000,229.75,230.31,229.05,230.175,1234334.0,229.624
2025-11-26 10:15:00,1764170100000,230.14,230.58,229.81,230.515,1012751.0,230.2317
2025-11-26 10:30:00,1764171000000,230.515,230.74,230.12,230.415,990301.0,230.4706
2025-11-26 10:45:00,1764171900000,230.415,230.62,230.15,230.62,886530.0,230.392
2025-11-26 11:00:00,1764172800000,230.6,231.17,230.55,230.945,846195.0,230.9028
2025-11-26 11:15:00,1764173700000,230.94,231.31,230.83,231.0841,896859.0,231.1007
2025-11-26 11:30:00,1764174600000,231.0999,231.74,230.85,231.6406,685828.0,231.3846
2025-11-26 11:45:00,1764175500000,231.65,231.7474,231.33,231.41,636908.0,231.5368
2025-11-26 12:00:00,1764176400000,231.41,231.56,230.86,230.941,693456.0,231.2037
2025-11-26 12:15:00,1764177300000,230.9,231.15,230.66,230.88,761407.0,230.8929
2025-11-26 12:30:00,1764178200000,230.88,230.99,230.5101,230.69,650619.0,230.6728
2025-11-26 12:45:00,1764179100000,230.66,230.81,230.38,230.5485,566218.0,230.5918
2025-11-26 13:00:00,1764180000000,230.545,230.55,229.44,230.11,1050355.0,230.0164
2025-11-26 13:15:00,1764180900000,230.13,230.845,230.0,230.71,1715167.0,230.2242
2025-11-26 13:30:00,1764181800000,230.7243,230.745,229.695,229.7,720612.0,230.1862
2025-11-26 13:45:00,1764182700000,229.695,230.061,229.2894,229.56,1230434.0,229.5723
2025-11-26 14:00:00,1764183600000,229.54,229.9099,229.51,229.75,1217914.0,229.7089
2025-11-26 14:15:00,1764184500000,229.765,229.765,229.45,229.565,807942.0,229.6144
2025-11-26 14:30:00,1764185400000,229.57,229.79,229.32,229.46,2072057.0,229.5918
2025-11-26 14:45:00,1764186300000,229.46,229.6,229.13,229.25,846526.0,229.3932
2025-11-26 15:00:00,1764187200000,229.2456,229.54,229.04,229.47,758705.0,229.2822
2025-11-26 15:15:00,1764188100000,229.475,229.59,229.26,229.43,951747.0,229.4121
2025-11-26 15:30:00,1764189000000,229.42,229.54,229.12,229.5082,994072.0,229.3199
2025-11-26 15:45:00,1764189900000,229.52,229.81,229.05,229.09,2505807.0,229.3553
2025-11-26 16:00:00,1764190800000,229.16,229.35,229.16,229.18,951703.0,229.162
2025-11-26 16:15:00,1764191700000,229.22,229.4,229.2,229.3001,41460.0,229.2324
2025-11-26 16:30:00,1764192600000,229.33,229.4538,229.16,229.16,16975.0,229.2908
2025-11-26 16:45:00,1764193500000,229.2519,229.34,229.21,229.31,7163.0,229.2853
2025-11-26 17:00:00,1764194400000,229.33,229.59,229.25,229.55,11415.0,229.4413
2025-11-26 17:15:00,1764195300000,229.5,229.56,229.38,229.49,4805.0,229.4658
2025-11-26 17:30:00,1764196200000,229.4968,229.5,229.44,229.5,6804.0,229.4619
2025-11-26 17:45:00,1764197100000,229.49,229.5,229.4727,229.49,6762.0,229.4904
2025-11-26 18:00:00,1764198000000,229.49,229.58,229.47,229.47,11155.0,229.4975
2025-11-26 18:15:00,1764198900000,229.4,229.5,229.4,229.5,3435.0,229.4403
2025-11-26 18:30:00,1764199800000,229.48,229.5799,229.41,229.42,11167.0,229.4761
2025-11-26 18:45:00,1764200700000,229.4422,229.45,229.35,229.44,7903.0,229.407
2025-11-26 19:00:00,1764201600000,229.45,229.5,229.4,229.4826,14902.0,229.4612
2025-11-26 19:15:00,1764202500000,229.45,229.47,229.37,229.47,4032.0,229.4239
2025-11-26 19:30:00,1764203400000,229.44,229.55,229.3875,229.3875,4341.0,229.4685
2025-11-26 19:45:00,1764204300000,229.49,229.65,229.39,229.53,9837.0,229.5186
2025-11-28 04:00:00,1764320400000,230.19,230.55,230.19,230.27,7994.0,230.4088
2025-11-28 04:15:00,1764321300000,230.3,230.63,230.3,230.63,3249.0,230.4755
2025-11-28 04:30:00,1764322200000,230.59,230.78,230.55,230.78,2243.0,230.5968
2025-11-28 04:45:00,1764323100000,230.76,230.89,230.76,230.89,6572.0,230.8277
2025-11-28 05:00:00,1764324000000,230.87,230.87,230.87,230.87,292.0,230.8578
2025-11-28 05:15:00,1764324900000,230.87,230.95,230.87,230.94,959.0,230.903
2025-11-28 05:30:00,1764325800000,230.94,230.94,230.89,230.89,1046.0,230.8804
2025-11-28 05:45:00,1764326700000,230.81,230.94,230.81,230.94,1125.0,230.8872
2025-11-28 06:00:00,1764327600000,230.96,231.0,230.91,230.92,3763.0,230.9675
2025-11-28 06:15:00,1764328500000,230.94,231.58,230.94,231.29,11265.0,231.2946
2025-11-28 06:30:00,1764329400000,231.2,231.51,231.2,231.3,15855.0,231.3127
2025-11-28 06:45:00,1764330300000,231.33,231.35,231.0,231.02,13914.0,231.1497
2025-11-28 07:00:00,1764331200000,231.06,231.06,230.8,231.04,21048.0,230.9345
2025-11-28 07:15:00,1764332100000,231.21,231.41,231.18,231.2,12787.0,231.2782
2025-11-28 07:30:00,1764333000000,231.07,231.2,230.5,230.9,31387.0,230.8865
2025-11-28 07:45:00,1764333900000,230.87,231.0,230.75,230.92,9425.0,230.8997
2025-11-28 08:00:00,1764334800000,231.06,231.545,230.4,231.1399,127798.0,231.0145
2025-11-28 08:15:00,1764335700000,231.03,231.07,230.75,230.75,26697.0,230.9212
2025-11-28 08:30:00,1764336600000,230.7,230.7,230.31,230.49,31912.0,230.4953
2025-11-28 08:45:00,1764337500000,230.5,231.38,230.46,231.2987,52127.0,231.0282
2025-11-28 09:00:00,1764338400000,231.38,231.38,231.0,231.2,43759.0,231.1954
2025-11-28 09:15:00,1764339300000,231.16,231.7,230.68,231.38,64302.0,231.2081
2025-11-28 09:30:00,1764340200000,231.24,232.74,230.22,231.16,2912959.0,231.29
2025-11-28 09:45:00,1764341100000,231.19,232.22,231.1401,231.48,1257689.0,231.7813
2025-11-28 10:00:00,1764342000000,231.51,231.72,231.14,231.5936,1046763.0,231.4013
2025-11-28 10:15:00,1764342900000,231.61,231.785,231.3,231.48,753369.0,231.5563
2025-11-28 10:30:00,1764343800000,231.48,231.77,231.22,231.63,739160.0,231.5489
2025-11-28 10:45:00,1764344700000,231.64,232.0318,231.4701,231.96,736811.0,231.8096
2025-11-28 11:00:00,1764345600000,231.99,232.42,231.845,232.33,767867.0,232.1734
2025-11-28 11:15:00,1764346500000,232.33,232.545,231.72,231.94,1010833.0,232.1202
2025-11-28 11:30:00,1764347400000,231.935,232.88,231.86,232.71,1196678.0,232.5573
2025-11-28 11:45:00,1764348300000,232.6958,232.815,232.38,232.67,761948.0,232.621
2025-11-28 12:00:00,1764349200000,232.675,232.675,232.27,232.58,576187.0,232.4449
2025-11-28 12:15:00,1764350100000,232.56,232.72,232.1045,232.1045,783099.0,232.4099
2025-11-28 12:30:00,1764351000000,232.1,232.2,231.84,231.8662,883528.0,231.9768
2025-11-28 12:45:00,1764351900000,231.87,233.285,231.83,233.23,2450198.0,232.6993
2025-11-28 13:00:00,1764352800000,233.23,233.23,233.21,233.22,3086215.0,233.22
2025-11-28 16:00:00,1764363600000,233.2894,233.29,233.1,233.23,4649.0,233.2329
2025-11-28 16:15:00,1764364500000,233.1402,233.1402,233.0,233.12,4084.0,233.0688
2025-11-28 16:30:00,1764365400000,233.02,233.07,233.02,233.02,4204.0,233.038
2025-11-28 16:45:00,1764366300000,233.07,233.1079,232.9639,233.03,7490.0,233.0465
2025-12-01 04:00:00,1764579600000,232.84,233.5,231.47,231.93,31506.0,231.7684
2025-12-01 04:15:00,1764580500000,231.69,231.98,231.61,231.84,6817.0,231.7129
2025-12-01 04:30:00,1764581400000,231.7,231.7,231.14,231.31,6678.0,231.5072
2025-12-01 04:45:00,1764582300000,231.2,231.25,230.94,231.25,36301.0,231.1446
2025-12-01 05:00:00,1764583200000,231.25,231.36,231.23,231.36,2934.0,231.2587
2025-12-01 05:15:00,1764584100000,231.43,231.64,231.42,231.6,6242.0,231.5098
2025-12-01 05:30:00,1764585000000,231.67,231.74,231.65,231.67,5853.0,231.6832
2025-12-01 05:45:00,1764585900000,231.6,231.6,231.6,231.6,255.0,231.5962
2025-12-01 06:00:00,1764586800000,231.55,231.55,231.4,231.51,2435.0,231.4774
2025-12-01 06:15:00,1764587700000,231.54,231.69,231.48,231.5,4601.0,231.5449
2025-12-01 06:30:00,1764588600000,231.57,231.57,231.35,231.4,6517.0,231.4352
2025-12-01 06:45:00,1764589500000,231.4,231.67,231.4,231.67,4926.0,231.5474
2025-12-01 07:00:00,1764590400000,231.68,231.98,231.53,231.75,30231.0,231.7813
2025-12-01 07:15:00,1764591300000,231.8,232.64,231.68,232.22,27595.0,232.0686
2025-12-01 07:30:00,1764592200000,232.0,232.05,231.6,231.81,10802.0,231.8827
2025-12-01 07:45:00,1764593100000,231.81,231.81,230.94,231.5,49702.0,231.3287
2025-12-01 08:00:00,1764594000000,231.92,232.54,229.92,231.4,233037.0,231.2691
2025-12-01 08:15:00,1764594900000,231.4,233.22,231.3,231.34,36524.0,232.0184
2025-12-01 08:30:00,1764595800000,231.31,231.53,231.19,231.48,30525.0,231.3737
2025-12-01 08:45:00,1764596700000,231.5,233.65,231.19,233.3,176407.0,232.4958
2025-12-01 09:00:00,1764597600000,233.26,233.3999,232.5,233.18,97126.0,232.9864
2025-12-01 09:15:00,1764598500000,233.24,234.0,232.55,233.24,122459.0,233.1476
2025-12-01 09:30:00,1764599400000,233.22,235.797,232.6,233.73,4981232.0,234.0699
2025-12-01 09:45:00,1764600300000,233.75,234.85,233.43,234.46,2091318.0,234.2581
2025-12-01 10:00:00,1764601200000,234.43,234.965,234.15,234.26,1210759.0,234.5113
2025-12-01 10:15:00,1764602100000,234.27,234.3,232.85,232.88,1221492.0,233.5138
2025-12-01 10:30:00,1764603000000,232.87,233.03,232.25,232.6563,1125778.0,232.6565
2025-12-01 10:45:00,1764603900000,232.65,234.2899,232.51,234.275,1227613.0,233.505
2025-12-01 11:00:00,1764604800000,234.28,234.3614,233.45,233.4939,902868.0,233.8594
2025-12-01 11:15:00,1764605700000,233.4902,234.02,233.2864,233.97,665799.0,233.6944
2025-12-01 11:30:00,1764606600000,233.97,234.3,233.89,234.1845,894311.0,234.1138
2025-12-01 11:45:00,1764607500000,234.19,234.2794,234.015,234.16,605506.0,234.1647
2025-12-01 12:00:00,1764608400000,234.15,234.47,233.97,234.25,657602.0,234.2316
2025-12-01 12:15:00,1764609300000,234.245,234.45,233.9704,234.365,679942.0,234.1829
2025-12-01 12:30:00,1764610200000,234.36,234.6,234.23,234.44,731651.0,234.4076
2025-12-01 12:45:00,1764611100000,234.43,234.545,234.16,234.23,822189.0,234.3332
2025-12-01 13:00:00,1764612000000,234.23,234.775,234.22,234.74,765465.0,234.4695
2025-12-01 13:15:00,1764612900000,234.73,235.23,234.725,234.9601,986847.0,235.0038
2025-12-01 13:30:00,1764613800000,234.98,235.49,234.937,235.0344,1117189.0,235.2086
2025-12-01 13:45:00,1764614700000,235.0369,235.11,234.908,235.005,952841.0,235.0056
2025-12-01 14:00:00,1764615600000,235.0,235.0,234.54,234.7901,779328.0,234.7913
2025-12-01 14:15:00,1764616500000,234.8,234.8037,234.099,234.18,542565.0,234.498
2025-12-01 14:30:00,1764617400000,234.19,234.19,233.7,233.8498,876808.0,233.9647
2025-12-01 14:45:00,1764618300000,233.85,233.92,233.515,233.7,600752.0,233.7327
2025-12-01 15:00:00,1764619200000,233.7,234.33,233.63,234.28,1021125.0,233.9118
2025-12-01 15:15:00,1764620100000,234.27,234.56,234.1322,234.4782,661458.0,234.3559
2025-12-01 15:30:00,1764621000000,234.49,234.55,234.155,234.385,2113536.0,234.8371
2025-12-01 15:45:00,1764621900000,234.38,234.51,233.33,233.95,3477531.0,233.7729
2025-12-01 16:00:00,1764622800000,233.88,234.1798,233.88,234.07,1219481.0,233.8875
2025-12-01 16:15:00,1764623700000,234.16,234.45,233.88,234.45,45302.0,234.2799
2025-12-01 16:30:00,1764624600000,234.45,234.68,234.45,234.62,27104.0,234.596
2025-12-01 16:45:00,1764625500000,234.55,234.62,234.4,234.4,10847.0,234.1821
2025-12-01 17:00:00,1764626400000,234.4,234.5999,234.4,234.54,6047.0,234.3549
2025-12-01 17:15:00,1764627300000,234.5,234.505,234.2962,234.3135,7574.0,234.4914
2025-12-01 17:30:00,1764628200000,234.5,234.5192,234.44,234.4554,5246.0,234.4643
2025-12-01 17:45:00,1764629100000,234.42,234.5,234.365,234.5,4043.0,234.8824
2025-12-01 18:00:00,1764630000000,234.47,234.5,234.01,234.05,4656.0,234.3168
2025-12-01 18:15:00,1764630900000,234.01,234.5,234.01,234.45,3766.0,234.3352
2025-12-01 18:30:00,1764631800000,234.4799,234.5,234.39,234.39,6150.0,234.449
2025-12-01 18:45:00,1764632700000,234.4,234.47,234.39,234.47,7654.0,234.4041
2025-12-01 19:00:00,1764633600000,234.43,234.6,234.43,234.55,13955.0,234.5113
2025-12-01 19:15:00,1764634500000,234.5963,234.73,234.5963,234.73,6234.0,234.6454
2025-12-01 19:30:00,1764635400000,234.73,234.87,234.67,234.85,5947.0,234.7436
2025-12-01 19:45:00,1764636300000,234.7838,234.8,234.68,234.7,5569.0,234.73
2025-12-02 04:00:00,1764666000000,234.8,235.08,234.61,235.08,11707.0,234.8501
2025-12-02 04:15:00,1764666900000,235.18,235.24,234.99,235.0,2929.0,235.0991
2025-12-02 04:30:00,1764667800000,235.09,235.09,234.83,234.96,1857.0,234.9477
2025-12-02 04:45:00,1764668700000,235.01,235.01,234.8,234.87,3058.0,234.9072
2025-12-02 05:00:00,1764669600000,234.85,234.93,234.74,234.74,2694.0,234.8356
2025-12-02 05:15:00,1764670500000,234.72,234.78,234.54,234.78,4305.0,234.6539
2025-12-02 05:30:00,1764671400000,234.81,235.04,234.74,235.04,3720.0,234.86
2025-12-02 05:45:00,1764672300000,235.16,235.16,235.08,235.08,1699.0,235.1219
2025-12-02 06:00:00,1764673200000,235.12,236.46,235.04,236.0,54554.0,235.8663
2025-12-02 06:15:00,1764674100000,235.85,235.85,235.49,235.75,6102.0,235.6227
2025-12-02 06:30:00,1764675000000,235.81,236.0,235.77,235.93,8704.0,235.9162
2025-12-02 06:45:00,1764675900000,235.8,235.8,235.51,235.51,5653.0,235.6702
2025-12-02 07:00:00,1764676800000,235.5,235.5,235.04,235.15,15282.0,235.2934
2025-12-02 07:15:00,1764677700000,235.24,236.0,235.24,236.0,30145.0,235.7632
2025-12-02 07:30:00,1764678600000,236.11,236.35,235.73,236.18,33640.0,236.0818
2025-12-02 07:45:00,1764679500000,236.05,236.2,236.0,236.07,10750.0,236.0931
2025-12-02 08:00:00,1764680400000,235.64,236.42,233.92,236.15,233793.0,235.305
2025-12-02 08:15:00,1764681300000,236.13,236.2,235.8601,236.1201,241762.0,234.2294
2025-12-02 08:30:00,1764682200000,236.15,236.25,236.1,236.2342,79693.0,236.1647
2025-12-02 08:45:00,1764683100000,236.2,236.2,235.88,236.1913,84658.0,236.0895
2025-12-02 09:00:00,1764684000000,236.2,236.95,236.13,236.38,166300.0,236.5232
2025-12-02 09:15:00,1764684900000,236.49,236.55,234.9,234.91,139701.0,235.6498
2025-12-02 09:30:00,1764685800000,235.005,235.5999,234.04,234.91,3419382.0,234.7469
2025-12-02 09:45:00,1764686700000,234.94,235.1299,234.5,234.52,1512014.0,234.875
2025-12-02 10:00:00,1764687600000,234.53,235.77,234.41,235.664,2083196.0,235.0581
2025-12-02 10:15:00,1764688500000,235.67,235.69,234.62,234.72,1658846.0,235.2978
2025-12-02 10:30:00,1764689400000,234.72,235.36,234.54,235.23,1187829.0,234.9082
2025-12-02 10:45:00,1764690300000,235.235,236.7,235.16,236.411,1896039.0,236.0428
2025-12-02 11:00:00,1764691200000,236.41,238.97,236.09,236.3199,5201918.0,237.5435
2025-12-02 11:15:00,1764692100000,236.25,236.7534,234.21,234.3901,2385600.0,235.3401
2025-12-02 11:30:00,1764693000000,234.4,235.2832,233.55,234.94,2210258.0,234.4833
2025-12-02 11:45:00,1764693900000,234.91,235.5499,234.8228,235.03,979402.0,235.2159
2025-12-02 12:00:00,1764694800000,235.01,235.79,234.9679,235.75,984797.0,235.5724
2025-12-02 12:15:00,1764695700000,235.745,236.4,235.73,236.19,1281074.0,236.0958
2025-12-02 12:30:00,1764696600000,236.2,236.32,235.6074,235.67,717067.0,235.9345
2025-12-02 12:45:00,1764697500000,235.68,235.765,234.73,234.74,770331.0,235.2902
2025-12-02 13:00:00,1764698400000,234.73,235.73,234.666,235.395,987130.0,235.323
2025-12-02 13:15:00,1764699300000,235.39,235.71,235.0494,235.17,615218.0,235.3911
2025-12-02 13:30:00,1764700200000,235.15,235.34,234.54,234.907,646281.0,234.9036
2025-12-02 13:45:00,1764701100000,234.87,234.96,234.63,234.72,445901.0,234.8066
2025-12-02 14:00:00,1764702000000,234.72,235.19,234.65,235.0422,763877.0,234.9816
2025-12-02 14:15:00,1764702900000,235.03,235.17,234.8,234.9821,505898.0,234.9762
2025-12-02 14:30:00,1764703800000,234.98,235.1382,234.76,234.91,523822.0,234.9719
2025-12-02 14:45:00,1764704700000,234.92,235.36,234.76,235.2502,712915.0,235.1425
2025-12-02 15:00:00,1764705600000,235.26,235.41,235.185,235.23,535596.0,235.3147
2025-12-02 15:15:00,1764706500000,235.24,235.58,235.0,235.5,893998.0,235.3092
2025-12-02 15:30:00,1764707400000,235.5,235.66,234.65,234.66,1151945.0,235.1459
2025-12-02 15:45:00,1764708300000,234.66,235.12,234.285,234.39,2831887.0,234.6051
2025-12-02 16:00:00,1764709200000,234.42,235.301,234.07,234.3088,344921.0,234.4014
2025-12-02 16:15:00,1764710100000,234.31,234.37,233.75,233.97,78437.0,234.076
2025-12-02 16:30:00,1764711000000,234.0,234.38,233.94,234.2435,26329.0,234.1333
2025-12-02 16:45:00,1764711900000,234.25,234.25,234.11,234.1262,13574.0,233.133
2025-12-02 17:00:00,1764712800000,234.2391,234.24,234.09,234.09,9078.0,234.0838
2025-12-02 17:15:00,1764713700000,234.12,234.26,234.07,234.2473,10509.0,234.1887
2025-12-02 17:30:00,1764714600000,234.23,234.3,234.2,234.28,6868.0,234.263
2025-12-02 17:45:00,1764715500000,234.2001,234.26,234.2001,234.2598,10493.0,234.2393
2025-12-02 18:00:00,1764716400000,234.26,234.5,234.2591,234.5,32526.0,234.3454
2025-12-02 18:15:00,1764717300000,234.55,234.8,234.4292,234.78,34455.0,234.5683
2025-12-02 18:30:00,1764718200000,234.76,234.93,234.5,234.63,37272.0,234.7393
2025-12-02 18:45:00,1764719100000,234.62,234.65,234.5,234.65,10656.0,234.5846
2025-12-02 19:00:00,1764720000000,234.62,234.65,234.55,234.6,10890.0,234.6201
2025-12-02 19:15:00,1764720900000,234.6,234.6,234.11,234.21,23342.0,234.3589
2025-12-02 19:30:00,1764721800000,234.24,234.4894,234.2,234.46,17740.0,234.3367
2025-12-02 19:45:00,1764722700000,234.43,234.55,234.36,234.55,18385.0,234.4588
2025-12-03 04:00:00,1764752400000,235.3,235.3,234.81,234.96,12656.0,234.985
2025-12-03 04:15:00,1764753300000,235.0,235.04,234.8,234.8,3469.0,234.9219
2025-12-03 04:30:00,1764754200000,234.69,235.05,234.65,234.93,7614.0,234.8726
2025-12-03 04:45:00,1764755100000,234.98,235.35,234.98,235.21,4624.0,235.1948
2025-12-03 05:00:00,1764756000000,235.28,235.3,235.0,235.22,6758.0,235.1322
2025-12-03 05:15:00,1764756900000,235.13,235.29,235.13,235.17,1793.0,235.2163
2025-12-03 05:30:00,1764757800000,235.2,235.49,235.18,235.23,7477.0,235.3519
2025-12-03 05:45:00,1764758700000,235.26,235.26,235.17,235.25,1613.0,235.2069
2025-12-03 06:00:00,1764759600000,235.15,235.28,235.15,235.28,5375.0,235.2309
2025-12-03 06:15:00,1764760500000,235.3,235.48,235.25,235.3,8174.0,235.3713
2025-12-03 06:30:00,1764761400000,235.35,235.42,235.22,235.22,4069.0,235.318
2025-12-03 06:45:00,1764762300000,235.21,235.45,235.21,235.4,2246.0,235.336
2025-12-03 07:00:00,1764763200000,235.31,235.42,235.02,235.3,23773.0,235.288
2025-12-03 07:15:00,1764764100000,235.33,235.45,235.28,235.45,6455.0,235.3503
2025-12-03 07:30:00,1764765000000,235.5,235.5,235.33,235.39,9940.0,235.425
2025-12-03 07:45:00,1764765900000,235.43,235.63,235.39,235.53,14400.0,235.5347
2025-12-03 08:00:00,1764766800000,235.3,235.65,234.55,235.5301,160899.0,235.2879
2025-12-03 08:15:00,1764767700000,235.53,235.57,235.13,235.28,53893.0,235.3443
2025-12-03 08:30:00,1764768600000,235.24,235.3788,235.13,235.31,21553.0,235.2757
2025-12-03 08:45:00,1764769500000,235.25,235.3269,235.1,235.23,16916.0,235.2219
2025-12-03 09:00:00,1764770400000,235.24,235.2499,233.0,233.38,253291.0,233.9907
2025-12-03 09:15:00,1764771300000,233.19,233.65,232.9005,233.39,152807.0,233.1911
2025-12-03 09:30:00,1764772200000,233.35,233.38,230.61,232.18,4353703.0,231.9238
2025-12-03 09:45:00,1764773100000,232.16,232.16,231.0262,232.08,1587280.0,231.7564
2025-12-03 10:00:00,1764774000000,232.09,232.7225,230.71,231.04,1701697.0,231.801
2025-12-03 10:15:00,1764774900000,231.06,231.63,230.87,231.41,1226335.0,231.3464
2025-12-03 10:30:00,1764775800000,231.38,232.95,231.0,232.92,1684444.0,232.0937
2025-12-03 10:45:00,1764776700000,232.93,233.19,232.35,232.42,1334021.0,232.7086
2025-12-03 11:00:00,1764777600000,232.41,232.82,231.96,232.222,952005.0,232.4304
2025-12-03 11:15:00,1764778500000,232.21,232.59,231.83,232.1807,962095.0,232.226
2025-12-03 11:30:00,1764779400000,232.21,232.79,232.0,232.62,794518.0,232.5509
2025-12-03 11:45:00,1764780300000,232.65,232.655,231.845,232.1302,614767.0,232.2205
2025-12-03 12:00:00,1764781200000,232.1322,232.5733,231.9,232.5,449180.0,232.2576
2025-12-03 12:15:00,1764782100000,232.51,232.71,232.325,232.475,469331.0,232.5399
2025-12-03 12:30:00,1764783000000,232.47,232.5,232.105,232.14,512293.0,232.319
2025-12-03 12:45:00,1764783900000,232.14,232.36,231.965,232.21,645646.0,232.2245
2025-12-03 13:00:00,1764784800000,232.2,232.58,232.2,232.5602,1672060.0,232.4739
2025-12-03 13:15:00,1764785700000,232.56,232.64,231.9,231.9576,537116.0,232.2301
2025-12-03 13:30:00,1764786600000,231.97,232.1299,231.8,232.115,548374.0,231.9382
2025-12-03 13:45:00,1764787500000,232.12,232.2,231.86,232.0163,477833.0,232.0614
2025-12-03 14:00:00,1764788400000,232.0,232.425,231.95,231.98,570014.0,232.1608
2025-12-03 14:15:00,1764789300000,231.9821,232.0205,231.8,231.9249,456338.0,231.9142
2025-12-03 14:30:00,1764790200000,231.92,231.94,231.73,231.9375,537024.0,231.8476
2025-12-03 14:45:00,1764791100000,231.935,232.59,231.875,232.52,681988.0,232.2228
2025-12-03 15:00:00,1764792000000,232.555,232.655,232.28,232.5948,728347.0,232.4486
2025-12-03 15:15:00,1764792900000,232.6,232.615,232.34,232.61,633337.0,232.482
2025-12-03 15:30:00,1764793800000,232.6,232.765,232.53,232.735,837866.0,232.679
2025-12-03 15:45:00,1764794700000,232.7392,232.75,232.27,232.37,3084809.0,232.4451
2025-12-03 16:00:00,1764795600000,232.38,232.4,232.12,232.31,498617.0,232.3723
2025-12-03 16:15:00,1764796500000,232.35,232.38,232.057,232.15,24709.0,232.1961
2025-12-03 16:30:00,1764797400000,232.22,232.4485,232.0,232.35,24530.0,232.2845
2025-12-03 16:45:00,1764798300000,232.35,232.35,232.1329,232.25,13222.0,232.1618
2025-12-03 17:00:00,1764799200000,232.2499,232.25,232.0824,232.1995,9339.0,231.8848
2025-12-03 17:15:00,1764800100000,232.2,232.3,232.2,232.3,5562.0,231.5394
2025-12-03 17:30:00,1764801000000,232.22,232.38,232.07,232.24,10504.0,232.1987
2025-12-03 17:45:00,1764801900000,232.25,232.3,232.1,232.11,2700.0,232.2427
2025-12-03 18:00:00,1764802800000,232.25,232.3,232.15,232.3,8319.0,232.227
2025-12-03 18:15:00,1764803700000,232.3,232.3,232.2032,232.28,9767.0,232.2634
2025-12-03 18:30:00,1764804600000,232.25,232.38,232.22,232.38,11602.0,232.2489
2025-12-03 18:45:00,1764805500000,232.37,232.38,232.34,232.35,7397.0,232.3555
2025-12-03 19:00:00,1764806400000,232.36,232.4819,232.33,232.33,10277.0,232.4033
2025-12-03 19:15:00,1764807300000,232.4,232.47,232.35,232.4478,6362.0,232.4192
2025-12-03 19:30:00,1764808200000,232.45,232.48,232.41,232.45,5425.0,232.4411
2025-12-03 19:45:00,1764809100000,232.47,232.48,232.15,232.2,15512.0,232.3559
2025-12-04 04:00:00,1764838800000,232.64,232.88,232.52,232.6,3562.0,232.6601
2025-12-04 04:15:00,1764839700000,232.51,232.76,232.44,232.76,4350.0,232.6333
2025-12-04 04:30:00,1764840600000,232.77,233.08,232.77,232.87,4917.0,232.8911
2025-12-04 04:45:00,1764841500000,232.95,233.18,232.95,233.18,1762.0,233.0298
2025-12-04 05:00:00,1764842400000,233.11,233.11,232.81,232.81,2430.0,232.9822
2025-12-04 05:15:00,1764843300000,232.8,232.8,232.69,232.69,1991.0,232.7657
2025-12-04 05:30:00,1764844200000,232.7,232.7,232.66,232.66,881.0,232.6866
2025-12-04 05:45:00,1764845100000,232.51,232.6,232.51,232.6,599.0,232.5535
2025-12-04 06:00:00,1764846000000,232.5,232.76,232.37,232.5,8465.0,232.6509
2025-12-04 06:15:00,1764846900000,232.49,232.75,232.49,232.75,2993.0,232.5745
2025-12-04 06:30:00,1764847800000,232.75,232.79,232.75,232.76,3576.0,232.7558
2025-12-04 06:45:00,1764848700000,232.64,232.64,232.5,232.5,1563.0,232.5533
2025-12-04 07:00:00,1764849600000,232.7,232.79,232.65,232.76,3998.0,232.7159
2025-12-04 07:15:00,1764850500000,232.72,232.75,232.72,232.75,2165.0,232.7342
2025-12-04 07:30:00,1764851400000,232.8,232.85,232.68,232.71,3796.0,232.7702
2025-12-04 07:45:00,1764852300000,232.75,232.8,232.75,232.8,696.0,232.7657
2025-12-04 08:00:00,1764853200000,232.7,233.17,232.29,232.6,158269.0,232.4778
2025-12-04 08:15:00,1764854100000,232.5117,232.74,232.5101,232.65,19385.0,232.5765
2025-12-04 08:30:00,1764855000000,232.5,232.71,232.47,232.6,12190.0,232.521
2025-12-04 08:45:00,1764855900000,232.6,232.6,232.38,232.45,14154.0,232.463
2025-12-04 09:00:00,1764856800000,232.5099,233.1,232.2,232.7838,77703.0,232.6389
2025-12-04 09:15:00,1764857700000,232.79,233.06,232.4321,232.75,77275.0,232.7538
2025-12-04 09:30:00,1764858600000,232.77,233.5,229.61,229.945,3525469.0,231.0926
2025-12-04 09:45:00,1764859500000,229.92,229.92,228.61,228.9318,2687196.0,229.1542
2025-12-04 10:00:00,1764860400000,228.94,229.08,228.31,228.86,2149079.0,228.7199
2025-12-04 10:15:00,1764861300000,228.87,229.05,228.06,228.775,1580862.0,228.5754
2025-12-04 10:30:00,1764862200000,228.76,228.88,228.56,228.685,1846306.0,228.7328
2025-12-04 10:45:00,1764863100000,228.6741,228.75,227.53,227.56,2385795.0,227.9791
2025-12-04 11:00:00,1764864000000,227.57,227.7099,226.8,227.1734,2282671.0,227.279
2025-12-04 11:15:00,1764864900000,227.18,227.9351,227.05,227.9,1604410.0,227.4792
2025-12-04 11:30:00,1764865800000,227.8636,227.95,227.35,227.6575,1186773.0,227.6567
2025-12-04 11:45:00,1764866700000,227.66,227.96,227.43,227.44,1139138.0,227.8107
2025-12-04 12:00:00,1764867600000,227.44,227.86,227.39,227.81,1578771.0,227.6418
2025-12-04 12:15:00,1764868500000,227.82,227.83,227.13,227.17,1282255.0,227.4831
2025-12-04 12:30:00,1764869400000,227.18,227.83,227.11,227.78,1048718.0,227.5338
2025-12-04 12:45:00,1764870300000,227.79,228.181,227.77,227.9326,980574.0,228.0055
2025-12-04 13:00:00,1764871200000,227.94,228.21,227.79,228.18,855696.0,227.9621
2025-12-04 13:15:00,1764872100000,228.2,228.37,227.97,228.3,857087.0,228.1842
2025-12-04 13:30:00,1764873000000,228.29,228.55,228.255,228.37,1011676.0,228.4167
2025-12-04 13:45:00,1764873900000,228.37,228.815,228.19,228.73,738301.0,228.5121
2025-12-04 14:00:00,1764874800000,228.7326,228.96,228.51,228.73,842912.0,228.7443
2025-12-04 14:15:00,1764875700000,228.7,228.93,227.895,228.31,1172171.0,228.4404
2025-12-04 14:30:00,1764876600000,228.31,229.45,228.175,229.2233,978417.0,229.0621
2025-12-04 14:45:00,1764877500000,229.2219,229.4,229.03,229.14,698118.0,229.2341
2025-12-04 15:00:00,1764878400000,229.13,229.138,228.52,228.911,801036.0,228.8333
2025-12-04 15:15:00,1764879300000,228.91,229.07,228.7,228.7082,847823.0,228.8845
2025-12-04 15:30:00,1764880200000,228.71,228.894,228.54,228.6099,1007265.0,228.6906
2025-12-04 15:45:00,1764881100000,228.595,229.26,228.0,229.1,3407817.0,228.8946
2025-12-04 16:00:00,1764882000000,229.11,229.23,229.1,229.1,1322164.0,229.1114
2025-12-04 16:15:00,1764882900000,229.0312,229.2,228.4365,229.18,37193.0,229.0111
2025-12-04 16:30:00,1764883800000,229.14,229.2,229.06,229.15,13827.0,229.1209
2025-12-04 16:45:00,1764884700000,229.1,229.15,229.1,229.14,16800.0,229.1073
2025-12-04 17:00:00,1764885600000,229.1,229.1442,229.0,229.03,15663.0,229.0494
2025-12-04 17:15:00,1764886500000,229.05,229.0539,229.0,229.05,8367.0,228.5697
2025-12-04 17:30:00,1764887400000,229.1,229.1,229.0,229.04,12746.0,227.9195
2025-12-04 17:45:00,1764888300000,229.0,229.0696,228.9518,228.9993,8920.0,229.0208
2025-12-04 18:00:00,1764889200000,229.0,229.2,229.0,229.05,22913.0,228.8906
2025-12-04 18:15:00,1764890100000,229.1544,229.19,229.09,229.13,10319.0,229.1301
2025-12-04 18:30:00,1764891000000,229.15,229.16,229.01,229.01,6332.0,229.0804
2025-12-04 18:45:00,1764891900000,229.0,229.0,228.9,228.9989,4193.0,228.9675
2025-12-04 19:00:00,1764892800000,228.95,228.9978,228.9305,228.9978,1837.0,228.9698
2025-12-04 19:15:00,1764893700000,228.9952,229.05,228.97,229.05,12650.0,229.0014
2025-12-04 19:30:00,1764894600000,229.05,229.17,229.05,229.12,12764.0,229.1086
2025-12-04 19:45:00,1764895500000,229.07,229.19,229.07,229.15,13215.0,229.1378
2025-12-05 04:00:00,1764925200000,229.99,230.19,229.63,229.83,18797.0,229.948
2025-12-05 04:15:00,1764926100000,230.0,230.16,230.0,230.0,7990.0,230.0462
2025-12-05 04:30:00,1764927000000,230.02,230.06,229.87,229.89,3923.0,229.9815
2025-12-05 04:45:00,1764927900000,230.01,230.01,229.81,229.93,1858.0,229.9345
2025-12-05 05:00:00,1764928800000,230.06,230.22,229.98,230.22,5812.0,230.0986
2025-12-05 05:15:00,1764929700000,230.06,230.06,229.86,230.05,3110.0,229.9941
2025-12-05 05:30:00,1764930600000,230.08,230.4,229.99,230.27,7271.0,230.2062
2025-12-05 05:45:00,1764931500000,230.2,230.35,230.2,230.23,2929.0,230.2465
2025-12-05 06:00:00,1764932400000,230.11,230.21,230.0,230.16,2914.0,230.106
2025-12-05 06:15:00,1764933300000,230.13,230.15,230.01,230.05,3557.0,230.0691
2025-12-05 06:30:00,1764934200000,230.04,230.25,230.01,230.25,2319.0,230.1131
2025-12-05 06:45:00,1764935100000,230.2,230.45,230.2,230.36,7833.0,230.3725
2025-12-05 07:00:00,1764936000000,230.28,230.33,229.9,229.96,22307.0,230.0409
2025-12-05 07:15:00,1764936900000,230.0,230.0,229.48,230.0,25830.0,229.8432
2025-12-05 07:30:00,1764937800000,230.05,230.25,230.05,230.14,16351.0,230.1266
2025-12-05 07:45:00,1764938700000,230.09,230.11,230.0,230.11,2868.0,230.0721
2025-12-05 08:00:00,1764939600000,230.3604,230.45,229.32,230.1,162581.0,229.9625
2025-12-05 08:15:00,1764940500000,230.02,230.1334,229.8,229.9,22613.0,230.0096
2025-12-05 08:30:00,1764941400000,229.8691,229.974,229.216,229.3031,50287.0,229.5317
2025-12-05 08:45:00,1764942300000,229.3504,229.5,228.88,229.4,46116.0,229.1226
2025-12-05 09:00:00,1764943200000,229.3376,229.72,229.3376,229.6356,31080.0,229.5343
2025-12-05 09:15:00,1764944100000,229.65,230.55,229.41,230.4,74751.0,230.0211
2025-12-05 09:30:00,1764945000000,230.32,231.17,229.99,230.675,2732039.0,230.5335
2025-12-05 09:45:00,1764945900000,230.67,230.87,229.9,230.335,1296072.0,230.3291
2025-12-05 10:00:00,1764946800000,230.33,230.86,229.8,230.5,1273443.0,230.2734
2025-12-05 10:15:00,1764947700000,230.49,231.15,230.3,230.9384,1039373.0,230.7973
2025-12-05 10:30:00,1764948600000,230.94,231.24,230.7,230.8199,824045.0,230.9569
2025-12-05 10:45:00,1764949500000,230.81,230.88,230.07,230.2918,841133.0,230.4525
2025-12-05 11:00:00,1764950400000,230.3,230.525,229.88,229.92,722175.0,230.1715
2025-12-05 11:15:00,1764951300000,229.89,229.9699,229.45,229.674,929413.0,229.7539
2025-12-05 11:30:00,1764952200000,229.66,229.66,229.275,229.45,661289.0,229.4692
2025-12-05 11:45:00,1764953100000,229.45,229.78,229.22,229.4,733738.0,229.5421
2025-12-05 12:00:00,1764954000000,229.4,229.815,229.28,229.3362,562110.0,229.5709
2025-12-05 12:15:00,1764954900000,229.34,229.484,229.13,229.39,563925.0,229.3089
2025-12-05 12:30:00,1764955800000,229.38,229.42,228.72,229.08,789060.0,229.0127
2025-12-05 12:45:00,1764956700000,229.08,229.6599,229.0,229.64,591886.0,229.3331
2025-12-05 13:00:00,1764957600000,229.65,229.77,229.48,229.62,550924.0,229.6324
2025-12-05 13:15:00,1764958500000,229.6165,229.89,229.41,229.84,929822.0,229.6346
2025-12-05 13:30:00,1764959400000,229.83,229.97,229.575,229.68,517451.0,229.7912
2025-12-05 13:45:00,1764960300000,229.67,229.89,229.56,229.8,1398891.0,229.7402
2025-12-05 14:00:00,1764961200000,229.805,229.88,229.64,229.8302,356520.0,229.7647
2025-12-05 14:15:00,1764962100000,229.83,229.88,229.54,229.675,388579.0,229.6767
2025-12-05 14:30:00,1764963000000,229.67,229.86,229.53,229.61,429134.0,229.7038
2025-12-05 14:45:00,1764963900000,229.6,229.73,229.445,229.7,401054.0,229.5774
2025-12-05 15:00:00,1764964800000,229.7,229.745,229.365,229.37,423891.0,229.5564
2025-12-05 15:15:00,1764965700000,229.37,229.61,229.13,229.25,686040.0,229.3519
2025-12-05 15:30:00,1764966600000,229.25,229.55,229.14,229.3,737476.0,229.2386
2025-12-05 15:45:00,1764967500000,229.31,229.7,228.547,229.55,3148433.0,229.2384
2025-12-05 16:00:00,1764968400000,229.53,229.77,229.32,229.76,370140.0,229.54
2025-12-05 16:15:00,1764969300000,229.76,229.9,229.7,229.81,42013.0,229.8181
2025-12-05 16:30:00,1764970200000,229.81,229.89,229.6002,229.65,13525.0,229.7412
2025-12-05 16:45:00,1764971100000,229.644,229.89,229.53,229.8243,29616.0,229.6473
2025-12-05 17:00:00,1764972000000,229.53,229.83,229.53,229.7496,7184.0,229.6893
2025-12-05 17:15:00,1764972900000,229.7932,229.8001,229.73,229.75,11877.0,229.638
2025-12-05 17:30:00,1764973800000,229.8,229.91,229.71,229.75,11331.0,229.7375
2025-12-05 17:45:00,1764974700000,229.77,229.85,229.75,229.7736,5257.0,229.6774
2025-12-05 18:00:00,1764975600000,229.84,229.85,229.71,229.771,6798.0,229.7584
2025-12-05 18:15:00,1764976500000,229.84,229.84,229.7,229.78,7623.0,229.7323
2025-12-05 18:30:00,1764977400000,229.71,229.71,229.6501,229.7,3853.0,229.6767
2025-12-05 18:45:00,1764978300000,229.6244,229.7,229.61,229.61,2969.0,229.6627
2025-12-05 19:00:00,1764979200000,229.68,229.82,229.64,229.8,4306.0,229.6886
2025-12-05 19:15:00,1764980100000,229.7951,229.7951,229.74,229.7501,1055.0,229.7605
2025-12-05 19:30:00,1764981000000,229.79,229.85,229.76,229.76,2598.0,229.7992
2025-12-05 19:45:00,1764981900000,229.78,229.85,229.65,229.85,14655.0,229.7649
2025-12-08 04:00:00,1765184400000,230.34,230.43,230.31,230.41,6671.0,230.3753
2025-12-08 04:15:00,1765185300000,230.4,230.44,230.37,230.44,3710.0,230.401
2025-12-08 04:30:00,1765186200000,230.45,230.47,230.3,230.3,4150.0,230.396
2025-12-08 04:45:00,1765187100000,230.2,230.2,230.08,230.08,4147.0,230.1135
2025-12-08 05:00:00,1765188000000,230.2,230.42,230.19,230.42,2958.0,230.3268
2025-12-08 05:15:00,1765188900000,230.33,230.33,230.33,230.33,240.0,230.3237
2025-12-08 05:30:00,1765189800000,230.44,230.45,230.35,230.35,899.0,230.42
2025-12-08 05:45:00,1765190700000,230.41,230.41,230.4,230.4,936.0,230.4006
2025-12-08 06:00:00,1765191600000,230.35,230.35,230.35,230.35,317.0,230.3483
2025-12-08 06:15:00,1765192500000,230.22,230.25,230.2,230.2,1125.0,230.2291
2025-12-08 06:30:00,1765193400000,230.2,231.0,230.2,230.7,19537.0,230.7455
2025-12-08 06:45:00,1765194300000,230.8,230.8,230.7,230.7,2335.0,230.7202
2025-12-08 07:00:00,1765195200000,230.64,230.64,230.14,230.28,42007.0,230.2396
2025-12-08 07:15:00,1765196100000,230.34,230.34,230.22,230.25,3173.0,230.274
2025-12-08 07:30:00,1765197000000,230.27,230.28,230.2,230.28,4078.0,230.2324
2025-12-08 07:45:00,1765197900000,230.3,230.43,230.3,230.34,5575.0,230.3602
2025-12-08 08:00:00,1765198800000,230.42,231.0,230.05,230.3496,318846.0,229.8135
2025-12-08 08:15:00,1765199700000,230.3571,230.38,230.16,230.2,23147.0,230.2633
2025-12-08 08:30:00,1765200600000,230.3042,230.38,229.7119,229.83,45773.0,230.0177
2025-12-08 08:45:00,1765201500000,229.81,229.83,229.66,229.83,30228.0,229.7762
2025-12-08 09:00:00,1765202400000,229.83,229.97,229.72,229.9,24276.0,229.8196
2025-12-08 09:15:00,1765203300000,229.82,229.98,229.33,229.47,58383.0,229.7161
2025-12-08 09:30:00,1765204200000,229.59,230.83,228.98,230.3721,2694522.0,229.883
2025-12-08 09:45:00,1765205100000,230.38,230.39,229.05,229.68,1294389.0,229.6611
2025-12-08 10:00:00,1765206000000,229.685,230.1,229.16,229.685,1263498.0,229.5662
2025-12-08 10:15:00,1765206900000,229.66,229.8,228.51,229.04,1019022.0,229.1169
2025-12-08 10:30:00,1765207800000,229.03,229.3135,228.21,228.22,947296.0,228.8039
2025-12-08 10:45:00,1765208700000,228.22,228.33,227.7963,228.0,1226866.0,228.1038
2025-12-08 11:00:00,1765209600000,228.01,228.07,227.61,227.76,844272.0,227.8276
2025-12-08 11:15:00,1765210500000,227.75,228.1,227.55,228.07,804094.0,227.78
2025-12-08 11:30:00,1765211400000,228.039,228.3898,227.81,228.36,731358.0,228.0658
2025-12-08 11:45:00,1765212300000,228.35,228.39,227.82,227.89,550197.0,228.033
2025-12-08 12:00:00,1765213200000,227.87,227.9148,227.24,227.38,772948.0,227.5252
2025-12-08 12:15:00,1765214100000,227.37,227.55,227.24,227.2799,740558.0,227.3858
2025-12-08 12:30:00,1765215000000,227.27,227.42,227.21,227.269,708982.0,227.304
2025-12-08 12:45:00,1765215900000,227.27,227.76,227.21,227.715,673430.0,227.5102
2025-12-08 13:00:00,1765216800000,227.72,227.77,227.31,227.445,682916.0,227.5393
2025-12-08 13:15:00,1765217700000,227.445,227.605,227.02,227.05,727042.0,227.3438
2025-12-08 13:30:00,1765218600000,227.03,227.374,226.92,227.151,899888.0,227.1149
2025-12-08 13:45:00,1765219500000,227.1596,227.2735,226.7,226.98,748964.0,227.036
2025-12-08 14:00:00,1765220400000,226.97,227.03,226.71,226.8,635308.0,226.8696
2025-12-08 14:15:00,1765221300000,226.7955,227.2,226.72,227.09,586096.0,227.0215
2025-12-08 14:30:00,1765222200000,227.09,227.1888,226.715,226.96,624992.0,226.9635
2025-12-08 14:45:00,1765223100000,226.96,227.121,226.83,226.865,566885.0,226.9565
2025-12-08 15:00:00,1765224000000,226.87,227.03,226.75,227.0,562320.0,226.8856
2025-12-08 15:15:00,1765224900000,227.0055,227.15,226.76,226.9742,756139.0,226.9592
2025-12-08 15:30:00,1765225800000,226.98,227.0,226.67,226.78,1069611.0,226.812
2025-12-08 15:45:00,1765226700000,226.79,227.13,226.27,226.99,3214735.0,226.7705
2025-12-08 16:00:00,1765227600000,226.89,227.21,226.83,227.11,404224.0,226.9217
2025-12-08 16:15:00,1765228500000,227.14,227.23,227.04,227.18,26910.0,227.1386
2025-12-08 16:30:00,1765229400000,227.2,227.2378,227.0,227.17,30124.0,227.1365
2025-12-08 16:45:00,1765230300000,227.19,227.29,227.0,227.11,33462.0,226.7544
2025-12-08 17:00:00,1765231200000,227.05,227.18,227.01,227.12,10637.0,226.1816
2025-12-08 17:15:00,1765232100000,227.0136,227.14,227.0,227.1,11410.0,227.0225
2025-12-08 17:30:00,1765233000000,227.05,227.06,227.0,227.03,6832.0,227.0185
2025-12-08 17:45:00,1765233900000,227.011,227.1,226.93,226.9301,20179.0,227.0176
2025-12-08 18:00:00,1765234800000,226.94,227.17,226.89,227.05,94710.0,226.9137
2025-12-08 18:15:00,1765235700000,227.06,227.1167,226.9,226.9,10600.0,227.0012
2025-12-08 18:30:00,1765236600000,226.89,227.12,226.88,227.01,67823.0,226.9388
2025-12-08 18:45:00,1765237500000,227.05,227.15,227.0,227.0,17896.0,227.0363
2025-12-08 19:00:00,1765238400000,227.0,227.0,226.9525,227.0,5837.0,226.9895
2025-12-08 19:15:00,1765239300000,226.99,227.11,226.93,227.01,5272.0,227.0047
2025-12-08 19:30:00,1765240200000,227.06,227.11,227.01,227.01,5090.0,227.0525
2025-12-08 19:45:00,1765241100000,227.03,227.13,227.01,227.1201,9308.0,227.0612
2025-12-09 04:00:00,1765270800000,227.21,227.21,227.01,227.13,1857.0,227.122
2025-12-09 04:15:00,1765271700000,227.08,227.08,226.91,226.91,2367.0,226.9813
2025-12-09 04:30:00,1765272600000,226.92,226.92,226.68,226.75,4111.0,226.8017
2025-12-09 04:45:00,1765273500000,226.85,226.85,226.82,226.82,687.0,226.8285
2025-12-09 05:00:00,1765274400000,226.95,226.98,226.95,226.98,362.0,226.9668
2025-12-09 05:15:00,1765275300000,226.94,227.15,226.94,227.15,1234.0,227.0539
2025-12-09 05:30:00,1765276200000,227.07,227.07,226.53,226.95,8908.0,226.794
2025-12-09 05:45:00,1765277100000,226.97,227.0,226.79,226.79,1301.0,226.9486
2025-12-09 06:00:00,1765278000000,227.07,227.2,227.04,227.13,2351.0,227.1499
2025-12-09 06:15:00,1765278900000,227.06,227.21,227.01,227.21,6736.0,227.1073
2025-12-09 06:30:00,1765279800000,227.22,227.25,227.13,227.14,3662.0,227.2044
2025-12-09 06:45:00,1765280700000,227.19,227.19,227.11,227.15,857.0,227.1486
2025-12-09 07:00:00,1765281600000,227.12,227.2,227.1,227.12,19311.0,227.1641
2025-12-09 07:15:00,1765282500000,227.09,227.09,226.88,226.93,7933.0,227.002
2025-12-09 07:30:00,1765283400000,226.97,227.03,226.85,226.86,13451.0,226.926
2025-12-09 07:45:00,1765284300000,226.87,227.03,226.84,226.98,16105.0,226.9623
2025-12-09 08:00:00,1765285200000,227.0,227.3,226.6,226.86,79257.0,226.9937
2025-12-09 08:15:00,1765286100000,226.8201,226.8201,226.6,226.7,14323.0,226.7627
2025-12-09 08:30:00,1765287000000,226.7,226.76,226.54,226.64,234301.0,226.8737
2025-12-09 08:45:00,1765287900000,226.63,226.71,226.5,226.63,21692.0,226.6162
2025-12-09 09:00:00,1765288800000,226.65,226.66,226.44,226.55,31105.0,226.5648
2025-12-09 09:15:00,1765289700000,226.6,226.95,226.45,226.87,36285.0,226.6487
2025-12-09 09:30:00,1765290600000,226.84,227.01,225.11,226.1084,2346277.0,226.3076
2025-12-09 09:45:00,1765291500000,226.13,227.35,226.03,227.23,1243578.0,226.7374
2025-12-09 10:00:00,1765292400000,227.25,227.72,226.82,227.21,809119.0,227.222
2025-12-09 10:15:00,1765293300000,227.2001,227.75,227.04,227.66,657262.0,227.3859
2025-12-09 10:30:00,1765294200000,227.65,228.401,227.5,228.355,1152690.0,227.9937
2025-12-09 10:45:00,1765295100000,228.35,228.44,226.17,228.247,673910.0,228.1887
2025-12-09 11:00:00,1765296000000,228.23,228.5,228.17,228.29,660488.0,228.3319
2025-12-09 11:15:00,1765296900000,228.29,228.57,227.8235,227.84,635364.0,228.1909
2025-12-09 11:30:00,1765297800000,227.85,228.27,227.8,227.8001,509682.0,228.0491
2025-12-09 11:45:00,1765298700000,227.8,228.28,227.795,228.2,471714.0,228.0703
2025-12-09 12:00:00,1765299600000,228.2,228.36,228.01,228.06,447995.0,228.1909
2025-12-09 12:15:00,1765300500000,228.08,228.09,227.7,227.99,537175.0,227.8837
2025-12-09 12:30:00,1765301400000,228.02,228.15,227.575,227.725,606407.0,227.9003
2025-12-09 12:45:00,1765302300000,227.71,227.735,227.439,227.5799,488247.0,227.5963
2025-12-09 13:00:00,1765303200000,227.55,228.28,227.42,228.28,511508.0,227.9772
2025-12-09 13:15:00,1765304100000,228.2772,228.41,228.19,228.31,479725.0,228.2686
2025-12-09 13:30:00,1765305000000,228.311,228.3695,228.05,228.2,806926.0,228.1472
2025-12-09 13:45:00,1765305900000,228.2,228.41,228.08,228.16,366491.0,228.2755
2025-12-09 14:00:00,1765306800000,228.18,228.3,228.06,228.175,327032.0,228.1523
2025-12-09 14:15:00,1765307700000,228.16,228.225,227.91,227.98,355077.0,228.039
2025-12-09 14:30:00,1765308600000,227.98,228.05,227.66,227.86,411287.0,227.8635
2025-12-09 14:45:00,1765309500000,227.86,227.9723,227.8351,227.91,318650.0,227.9161
2025-12-09 15:00:00,1765310400000,227.9,228.08,227.78,228.05,496758.0,227.9338
2025-12-09 15:15:00,1765311300000,228.05,228.2837,227.88,227.915,604237.0,228.0991
2025-12-09 15:30:00,1765312200000,227.91,227.98,227.65,227.98,529301.0,227.8111
2025-12-09 15:45:00,1765313100000,227.97,228.08,227.65,227.9,1639563.0,227.8746
2025-12-09 16:00:00,1765314000000,227.92,228.33,227.83,227.96,1450064.0,227.9269
2025-12-09 16:15:00,1765314900000,228.0,228.2,227.95,228.08,18651.0,228.0673
2025-12-09 16:30:00,1765315800000,228.05,228.08,228.0,228.0,9098.0,228.0255
2025-12-09 16:45:00,1765316700000,228.07,228.07,227.92,227.9864,2562.0,228.2131
2025-12-09 17:00:00,1765317600000,227.96,227.99,227.81,227.81,9735.0,228.0283
2025-12-09 17:15:00,1765318500000,227.88,227.99,227.83,227.96,11622.0,227.9409
2025-12-09 17:30:00,1765319400000,227.92,227.99,227.82,227.97,5297.0,228.1707
2025-12-09 17:45:00,1765320300000,227.97,227.98,227.9505,227.97,3692.0,227.9655
2025-12-09 18:00:00,1765321200000,227.98,228.05,227.95,227.95,5168.0,227.9724
2025-12-09 18:15:00,1765322100000,227.9986,228.0099,227.95,227.9513,3907.0,227.9782
2025-12-09 18:30:00,1765323000000,227.98,228.05,227.95,228.04,2862.0,227.9996
2025-12-09 18:45:00,1765323900000,228.0,228.05,227.99,228.0,5711.0,228.0144
2025-12-09 19:00:00,1765324800000,227.95,228.0,227.9018,228.0,5898.0,227.9592
2025-12-09 19:15:00,1765325700000,227.95,227.95,227.86,227.86,3560.0,227.914
2025-12-09 19:30:00,1765326600000,227.9,227.97,227.831,227.85,4933.0,227.9027
2025-12-09 19:45:00,1765327500000,227.97,227.97,227.62,227.92,12187.0,227.8062
2025-12-10 04:00:00,1765357200000,228.48,228.67,228.47,228.67,4083.0,228.5527
2025-12-10 04:15:00,1765358100000,228.46,228.54,228.46,228.54,2594.0,228.519
2025-12-10 04:30:00,1765359000000,228.65,228.65,228.42,228.5,574.0,228.5034
2025-12-10 05:00:00,1765360800000,228.49,228.6,228.45,228.48,9106.0,228.4919
2025-12-10 05:15:00,1765361700000,228.41,228.41,228.0,228.0,1961.0,228.1263
2025-12-10 05:30:00,1765362600000,227.61,228.6,227.5,228.2,17488.0,228.0928
2025-12-10 05:45:00,1765363500000,228.05,228.21,228.05,228.2,2931.0,228.1614
2025-12-10 06:00:00,1765364400000,228.08,228.08,227.86,228.08,4521.0,228.0217
2025-12-10 06:15:00,1765365300000,228.02,228.02,228.02,228.02,450.0,228.0364
2025-12-10 06:30:00,1765366200000,228.06,228.72,227.94,228.4,18027.0,228.4036
2025-12-10 06:45:00,1765367100000,228.4,229.35,228.4,228.77,10207.0,228.7525
2025-12-10 07:00:00,1765368000000,228.65,228.65,227.5,227.81,38296.0,227.8702
2025-12-10 07:15:00,1765368900000,227.84,228.27,227.79,228.27,4417.0,227.9637
2025-12-10 07:30:00,1765369800000,228.16,228.41,228.1,228.34,7234.0,228.2414
2025-12-10 07:45:00,1765370700000,228.22,228.7,228.21,228.7,9815.0,228.4571
2025-12-10 08:00:00,1765371600000,228.67,228.8,227.5,228.7,90707.0,228.4116
2025-12-10 08:15:00,1765372500000,228.74,229.79,228.74,229.71,61165.0,229.4082
2025-12-10 08:30:00,1765373400000,229.74,229.74,229.21,229.4886,41300.0,229.4496
2025-12-10 08:45:00,1765374300000,229.5,229.74,229.4672,229.5235,38172.0,229.5272
2025-12-10 09:00:00,1765375200000,229.54,229.54,229.03,229.48,47942.0,229.3424
2025-12-10 09:15:00,1765376100000,229.43,229.7,228.65,228.75,75049.0,229.1825
2025-12-10 09:30:00,1765377000000,228.805,231.73,228.46,231.1,4346449.0,230.1781
2025-12-10 09:45:00,1765377900000,231.12,232.42,231.1,231.28,2558948.0,231.8153
2025-12-10 10:00:00,1765378800000,231.26,231.83,230.71,231.52,1560764.0,231.344
2025-12-10 10:15:00,1765379700000,231.515,231.99,231.287,231.735,833017.0,231.6943
2025-12-10 10:30:00,1765380600000,231.735,232.0,230.92,231.23,970094.0,231.4592
2025-12-10 10:45:00,1765381500000,231.2277,231.57,230.5,230.605,876028.0,231.0022
2025-12-10 11:00:00,1765382400000,230.61,231.54,230.0,231.53,1051507.0,230.6399
2025-12-10 11:15:00,1765383300000,231.55,232.02,231.29,231.658,851267.0,231.6954
2025-12-10 11:30:00,1765384200000,231.64,231.84,231.36,231.37,449696.0,231.6043
2025-12-10 11:45:00,1765385100000,231.35,231.91,231.21,231.88,540658.0,231.53
2025-12-10 12:00:00,1765386000000,231.87,232.11,231.52,231.545,607332.0,231.8743
2025-12-10 12:15:00,1765386900000,231.54,231.63,230.6492,230.73,667535.0,231.0284
2025-12-10 12:30:00,1765387800000,230.71,231.04,230.62,230.93,526649.0,230.8502
2025-12-10 12:45:00,1765388700000,230.95,231.6,230.832,231.48,469081.0,231.2512
2025-12-10 13:00:00,1765389600000,231.475,231.49,230.955,231.06,448148.0,231.1981
2025-12-10 13:15:00,1765390500000,231.06,231.08,230.19,230.335,489050.0,230.6252
2025-12-10 13:30:00,1765391400000,230.32,230.52,230.0,230.01,534451.0,230.2401
2025-12-10 13:45:00,1765392300000,230.02,230.21,229.84,229.96,1191676.0,229.9209
2025-12-10 14:00:00,1765393200000,229.95,231.41,229.846,230.345,1083510.0,230.7343
2025-12-10 14:15:00,1765394100000,230.35,230.89,229.9495,230.265,709287.0,230.4209
2025-12-10 14:30:00,1765395000000,230.28,231.38,229.8,230.207,1210824.0,230.6489
2025-12-10 14:45:00,1765395900000,230.17,231.74,230.1592,231.62,849930.0,231.0601
2025-12-10 15:00:00,1765396800000,231.61,232.12,231.33,232.11,1092074.0,231.7733
2025-12-10 15:15:00,1765397700000,232.11,232.23,231.56,231.92,1386889.0,231.8996
2025-12-10 15:30:00,1765398600000,231.915,232.387,231.87,232.15,1016281.0,232.1825
2025-12-10 15:45:00,1765399500000,232.16,232.3,231.555,231.69,3078342.0,231.9552
2025-12-10 16:00:00,1765400400000,231.78,231.78,231.0,231.52,643633.0,231.745
2025-12-10 16:15:00,1765401300000,231.4998,231.75,231.36,231.52,19406.0,231.5157
2025-12-10 16:30:00,1765402200000,231.5005,231.6,231.43,231.57,18258.0,231.5285
2025-12-10 16:45:00,1765403100000,231.5577,231.78,231.2448,231.65,459547.0,231.7674
2025-12-10 17:00:00,1765404000000,231.52,231.7,231.52,231.61,5633.0,231.6478
2025-12-10 17:15:00,1765404900000,231.6004,231.78,231.51,231.53,16962.0,231.6229
2025-12-10 17:30:00,1765405800000,231.51,231.51,230.8,230.92,16234.0,231.2277
2025-12-10 17:45:00,1765406700000,231.0,231.29,230.9,231.0585,12810.0,231.0662
2025-12-10 18:00:00,1765407600000,231.25,231.69,231.01,231.2,12535.0,231.4016
2025-12-10 18:15:00,1765408500000,231.2,231.2,230.5,230.85,13854.0,230.9092
2025-12-10 18:30:00,1765409400000,230.85,230.8501,230.61,230.7,8878.0,230.7275
2025-12-10 18:45:00,1765410300000,230.8,230.95,230.7,230.82,2757.0,230.8603
2025-12-10 19:00:00,1765411200000,230.95,230.95,230.5,230.7153,11463.0,230.7078
2025-12-10 19:15:00,1765412100000,230.77,231.0,230.7403,231.0,6458.0,230.9081
2025-12-10 19:30:00,1765413000000,231.2116,231.2116,230.58,230.65,6563.0,230.7673
2025-12-10 19:45:00,1765413900000,230.5259,230.75,230.5,230.5,10434.0,230.5192
2025-12-11 04:00:00,1765443600000,228.69,229.69,228.69,229.65,11794.0,229.3336
2025-12-11 04:15:00,1765444500000,229.69,229.91,229.15,229.21,13332.0,229.5185
2025-12-11 04:30:00,1765445400000,229.51,229.82,229.44,229.59,3378.0,229.6089
2025-12-11 04:45:00,1765446300000,229.78,230.42,229.72,229.78,7210.0,230.0635
2025-12-11 05:00:00,1765447200000,229.94,230.0,229.79,230.0,2284.0,229.9293
2025-12-11 05:15:00,1765448100000,230.29,230.38,230.18,230.21,6050.0,230.2634
2025-12-11 05:30:00,1765449000000,230.1,230.15,229.82,229.82,4820.0,229.9547
2025-12-11 05:45:00,1765449900000,229.89,229.9,229.82,229.88,2240.0,229.8354
2025-12-11 06:00:00,1765450800000,229.73,230.27,229.73,230.0,2533.0,230.1314
2025-12-11 06:15:00,1765451700000,229.94,230.05,229.94,230.0,3074.0,229.9971
2025-12-11 06:30:00,1765452600000,229.75,229.93,229.75,229.93,868.0,229.7905
2025-12-11 06:45:00,1765453500000,229.98,230.18,229.9,230.18,4328.0,230.0147
2025-12-11 07:00:00,1765454400000,230.31,230.42,229.94,230.16,18085.0,230.1422
2025-12-11 07:15:00,1765455300000,230.16,230.52,230.16,230.52,9097.0,230.4071
2025-12-11 07:30:00,1765456200000,230.4,230.66,230.39,230.57,16643.0,230.5343
2025-12-11 07:45:00,1765457100000,230.41,230.55,230.4,230.55,3170.0,230.4614
2025-12-11 08:00:00,1765458000000,229.93,230.66,228.0,230.26,125120.0,229.435
2025-12-11 08:15:00,1765458900000,230.2,230.53,230.2,230.238,11186.0,230.3019
2025-12-11 08:30:00,1765459800000,230.25,230.41,229.98,229.98,27127.0,230.1158
2025-12-11 08:45:00,1765460700000,230.15,230.49,229.88,230.34,155184.0,231.4491
2025-12-11 09:00:00,1765461600000,230.37,230.82,230.0,230.62,42117.0,230.4094
2025-12-11 09:15:00,1765462500000,230.7332,230.99,230.06,230.99,61103.0,230.5316
2025-12-11 09:30:00,1765463400000,230.71,232.11,229.42,231.64,2496954.0,230.9323
2025-12-11 09:45:00,1765464300000,231.635,231.69,229.6101,229.87,1323339.0,230.3895
2025-12-11 10:00:00,1765465200000,229.93,231.17,229.62,231.06,1221465.0,230.2254
2025-12-11 10:15:00,1765466100000,231.05,231.345,230.7,230.88,767733.0,231.0965
2025-12-11 10:30:00,1765467000000,230.89,231.05,230.315,230.55,640771.0,230.6318
2025-12-11 10:45:00,1765467900000,230.54,230.68,229.5301,229.93,672434.0,229.9711
2025-12-11 11:00:00,1765468800000,229.91,230.14,229.1401,229.53,849047.0,229.6907
2025-12-11 11:15:00,1765469700000,229.53,229.56,228.6901,228.85,797035.0,229.1309
2025-12-11 11:30:00,1765470600000,228.89,229.97,228.78,229.9,856386.0,229.3509
2025-12-11 11:45:00,1765471500000,229.9,230.14,228.85,229.12,692027.0,229.5002
2025-12-11 12:00:00,1765472400000,229.06,229.99,229.06,229.8201,511851.0,229.4155
2025-12-11 12:15:00,1765473300000,229.83,230.29,229.69,230.0825,770325.0,229.9334
2025-12-11 12:30:00,1765474200000,230.09,230.4,230.045,230.21,566463.0,230.065
2025-12-11 12:45:00,1765475100000,230.21,230.218,229.24,229.32,644983.0,229.6789
2025-12-11 13:00:00,1765476000000,229.31,229.78,229.26,229.7,537676.0,229.6035
2025-12-11 13:15:00,1765476900000,229.71,229.805,229.3208,229.48,498847.0,229.5848
2025-12-11 13:30:00,1765477800000,229.48,229.9899,229.34,229.97,484195.0,229.7046
2025-12-11 13:45:00,1765478700000,229.96,230.04,229.54,229.71,538486.0,229.777
2025-12-11 14:00:00,1765479600000,229.7,230.01,229.66,229.947,422555.0,229.8244
2025-12-11 14:15:00,1765480500000,229.94,230.0794,229.665,229.85,542295.0,229.8711
2025-12-11 14:30:00,1765481400000,229.85,230.04,229.67,230.04,530978.0,229.8357
2025-12-11 14:45:00,1765482300000,230.03,230.1,229.5357,229.66,669807.0,229.7635
2025-12-11 15:00:00,1765483200000,229.64,229.88,229.51,229.74,1005391.0,229.6976
2025-12-11 15:15:00,1765484100000,229.74,229.84,229.56,229.6925,672422.0,229.6984
2025-12-11 15:30:00,1765485000000,229.71,229.72,229.31,229.455,918229.0,229.4515
2025-12-11 15:45:00,1765485900000,229.45,230.3,229.35,230.27,2461953.0,229.8874
2025-12-11 16:00:00,1765486800000,230.28,230.72,229.9537,230.35,272884.0,230.2752
2025-12-11 16:15:00,1765487700000,230.5,230.65,230.3,230.58,27873.0,230.5465
2025-12-11 16:30:00,1765488600000,230.5192,230.62,230.3,230.5,16917.0,230.4748
2025-12-11 16:45:00,1765489500000,230.404,230.96,230.404,230.7,389994.0,230.3016
2025-12-11 17:00:00,1765490400000,230.65,230.74,230.6432,230.68,182665.0,230.2883
2025-12-11 17:15:00,1765491300000,230.511,231.0,230.28,230.82,28536.0,230.6985
2025-12-11 17:30:00,1765492200000,230.76,230.88,230.37,230.43,26510.0,230.6005
2025-12-11 17:45:00,1765493100000,230.5,230.8,230.46,230.6408,18035.0,230.6221
2025-12-11 18:00:00,1765494000000,230.79,230.9,230.5036,230.68,22456.0,230.7703
2025-12-11 18:15:00,1765494900000,230.6,230.65,230.35,230.35,14727.0,230.5475
2025-12-11 18:30:00,1765495800000,230.35,230.55,230.3258,230.41,11518.0,230.4191
2025-12-11 18:45:00,1765496700000,230.408,230.57,230.408,230.55,5562.0,230.49
2025-12-11 19:00:00,1765497600000,230.41,230.55,230.4,230.4,5454.0,230.4794
2025-12-11 19:15:00,1765498500000,230.4075,230.52,230.35,230.35,3889.0,230.4272
2025-12-11 19:30:00,1765499400000,230.5203,230.55,230.35,230.5,3542.0,230.5042
2025-12-11 19:45:00,1765500300000,230.4937,230.508,230.32,230.43,11831.0,230.4373
2025-12-12 04:00:00,1765530000000,230.35,230.68,230.28,230.3,9111.0,230.4055
2025-12-12 04:15:00,1765530900000,230.2,230.2,230.0,230.08,3087.0,230.0949
2025-12-12 04:30:00,1765531800000,230.03,230.2,229.85,230.04,7714.0,230.0555
2025-12-12 04:45:00,1765532700000,230.25,230.25,229.97,229.97,1593.0,230.0655
2025-12-12 05:00:00,1765533600000,229.97,230.65,229.97,230.37,4931.0,230.2926
2025-12-12 05:15:00,1765534500000,230.57,230.79,230.5,230.55,7052.0,230.6196
2025-12-12 05:30:00,1765535400000,230.46,230.46,230.35,230.36,1839.0,230.4134
2025-12-12 05:45:00,1765536300000,230.45,230.45,230.05,230.05,5757.0,230.295
2025-12-12 06:00:00,1765537200000,230.1,230.32,230.07,230.07,4443.0,230.1942
2025-12-12 06:15:00,1765538100000,230.21,230.5,230.21,230.5,5789.0,230.3736
2025-12-12 06:30:00,1765539000000,230.36,230.36,230.12,230.16,828.0,230.2672
2025-12-12 06:45:00,1765539900000,230.25,230.25,230.0,230.04,1099.0,230.0844
2025-12-12 07:00:00,1765540800000,230.16,230.29,229.96,230.12,11925.0,230.0477
2025-12-12 07:15:00,1765541700000,230.2,230.4,230.2,230.4,9212.0,230.2826
2025-12-12 07:30:00,1765542600000,230.39,230.5,230.26,230.26,6004.0,230.3753
2025-12-12 07:45:00,1765543500000,230.26,230.33,230.12,230.25,11335.0,230.2612
2025-12-12 08:00:00,1765544400000,230.02,230.84,229.93,230.5507,80672.0,230.3125
2025-12-12 08:15:00,1765545300000,230.5526,230.87,230.55,230.78,24268.0,230.7649
2025-12-12 08:30:00,1765546200000,230.78,230.85,230.5,230.7117,14883.0,230.6754
2025-12-12 08:45:00,1765547100000,230.79,230.93,230.5703,230.79,20853.0,230.7859
2025-12-12 09:00:00,1765548000000,230.84,230.95,230.5896,230.64,22258.0,230.7827
2025-12-12 09:15:00,1765548900000,230.67,231.02,229.72,230.0,63698.0,230.3958
2025-12-12 09:30:00,1765549800000,229.87,230.08,228.21,228.24,2546924.0,229.5905
2025-12-12 09:45:00,1765550700000,228.24,228.545,227.55,228.41,2091864.0,228.1165
2025-12-12 10:00:00,1765551600000,228.395,228.41,226.82,227.2198,1833677.0,227.4547
2025-12-12 10:15:00,1765552500000,227.21,227.54,226.35,226.38,1365085.0,226.9879
2025-12-12 10:30:00,1765553400000,226.37,227.5445,226.15,227.42,1151175.0,226.9274
2025-12-12 10:45:00,1765554300000,227.44,227.61,226.25,226.55,974120.0,227.0032
2025-12-12 11:00:00,1765555200000,226.54,226.67,225.8136,226.2615,1572060.0,226.2392
2025-12-12 11:15:00,1765556100000,226.25,226.3499,225.3,226.015,1378935.0,225.7845
2025-12-12 11:30:00,1765557000000,226.0,226.03,225.12,225.78,1058253.0,225.6053
2025-12-12 11:45:00,1765557900000,225.79,226.32,225.62,226.32,1024654.0,225.9269
2025-12-12 12:00:00,1765558800000,226.2854,226.65,226.2175,226.36,788256.0,226.4117
2025-12-12 12:15:00,1765559700000,226.35,226.7,226.19,226.33,720667.0,226.4456
2025-12-12 12:30:00,1765560600000,226.32,226.82,226.15,226.45,577365.0,226.5223
2025-12-12 12:45:00,1765561500000,226.45,226.85,226.3545,226.495,519717.0,226.58
2025-12-12 13:00:00,1765562400000,226.5186,226.9067,226.26,226.89,690606.0,226.5182
2025-12-12 13:15:00,1765563300000,226.87,227.145,226.71,226.99,592190.0,226.9532
2025-12-12 13:30:00,1765564200000,226.99,227.2,226.74,226.95,529282.0,226.9537
2025-12-12 13:45:00,1765565100000,226.95,227.38,226.845,227.1,614632.0,227.1672
2025-12-12 14:00:00,1765566000000,227.12,227.25,226.72,226.83,582225.0,227.0056
2025-12-12 14:15:00,1765566900000,226.83,227.0,226.66,226.85,514722.0,226.818
2025-12-12 14:30:00,1765567800000,226.87,227.038,226.6,226.72,580173.0,226.7945
2025-12-12 14:45:00,1765568700000,226.7304,227.01,226.69,226.89,575838.0,226.8645
2025-12-12 15:00:00,1765569600000,226.89,227.12,226.66,226.95,575854.0,226.9285
2025-12-12 15:15:00,1765570500000,226.95,227.16,226.64,226.712,699297.0,226.9544
2025-12-12 15:30:00,1765571400000,226.71,226.76,225.7783,225.895,1213002.0,226.0725
2025-12-12 15:45:00,1765572300000,225.9,226.61,225.85,226.191,2783886.0,226.1627
2025-12-12 16:00:00,1765573200000,226.19,226.5,226.13,226.46,893750.0,226.1972
2025-12-12 16:15:00,1765574100000,226.4,226.49,226.19,226.4,32288.0,226.4
2025-12-12 16:30:00,1765575000000,226.43,226.64,226.2,226.27,28686.0,226.4417
2025-12-12 16:45:00,1765575900000,226.43,226.43,226.19,226.2,61859.0,226.2071
2025-12-12 17:00:00,1765576800000,226.2001,226.32,226.2,226.32,156056.0,226.1946
2025-12-12 17:15:00,1765577700000,226.32,226.32,226.2105,226.32,8915.0,226.2827
2025-12-12 17:30:00,1765578600000,226.28,226.28,226.19,226.23,12847.0,226.2159
2025-12-12 17:45:00,1765579500000,226.26,226.26,225.9,226.09,14557.0,226.1073
2025-12-12 18:00:00,1765580400000,226.2393,226.2397,226.08,226.08,6791.0,226.1765
2025-12-12 18:15:00,1765581300000,226.0488,226.2,226.0488,226.0632,4620.0,226.0995
2025-12-12 18:30:00,1765582200000,226.0303,226.15,226.0303,226.06,2413.0,226.0826
2025-12-12 18:45:00,1765583100000,226.05,226.12,226.0,226.05,8471.0,226.0269
2025-12-12 19:00:00,1765584000000,226.09,226.118,226.04,226.08,3175.0,226.0817
2025-12-12 19:15:00,1765584900000,226.08,226.08,226.0,226.07,13068.0,226.0192
2025-12-12 19:30:00,1765585800000,226.06,226.089,226.0319,226.07,4113.0,226.0599
2025-12-12 19:45:00,1765586700000,226.0699,226.15,226.02,226.1,9060.0,226.0538
2025-12-15 04:00:00,1765789200000,226.6,227.5,226.6,227.5,8302.0,227.2397
2025-12-15 04:15:00,1765790100000,227.46,227.6,227.41,227.6,1711.0,227.4656
2025-12-15 04:30:00,1765791000000,227.38,227.49,227.38,227.41,1722.0,227.4267
2025-12-15 04:45:00,1765791900000,227.44,227.44,227.2,227.21,8067.0,227.3671
2025-12-15 05:00:00,1765792800000,227.35,227.4,227.28,227.38,4106.0,227.3242
2025-12-15 05:15:00,1765793700000,227.32,227.8,227.32,227.52,9928.0,227.6648
2025-12-15 05:30:00,1765794600000,227.78,227.78,227.52,227.52,2509.0,227.6167
2025-12-15 05:45:00,1765795500000,227.45,227.54,227.45,227.47,1973.0,227.4753
2025-12-15 06:00:00,1765796400000,227.47,227.47,227.33,227.35,6384.0,227.3558
2025-12-15 06:15:00,1765797300000,227.3,227.3,227.3,227.3,309.0,227.295
2025-12-15 06:30:00,1765798200000,227.35,227.35,227.32,227.32,2172.0,227.3265
2025-12-15 06:45:00,1765799100000,227.28,227.35,227.28,227.35,1848.0,227.3333
2025-12-15 07:00:00,1765800000000,227.35,227.4,227.21,227.24,11837.0,227.3051
2025-12-15 07:15:00,1765800900000,227.33,227.33,227.16,227.18,5431.0,227.2508
2025-12-15 07:30:00,1765801800000,227.2,227.22,227.12,227.22,4500.0,227.1722
2025-12-15 07:45:00,1765802700000,227.18,227.44,227.18,227.44,7885.0,227.3035
2025-12-15 08:00:00,1765803600000,227.2993,227.6,226.62,227.38,90047.0,227.1866
2025-12-15 08:15:00,1765804500000,227.35,227.5,227.11,227.45,28874.0,227.2992
2025-12-15 08:30:00,1765805400000,227.3999,227.59,227.3592,227.53,24355.0,227.4684
2025-12-15 08:45:00,1765806300000,227.3701,227.7,227.3701,227.57,40127.0,227.5961
2025-12-15 09:00:00,1765807200000,227.5888,227.6,227.5,227.5671,25805.0,227.5626
2025-12-15 09:15:00,1765808100000,227.53,227.9,226.87,227.85,227416.0,227.3889
2025-12-15 09:30:00,1765809000000,227.93,227.93,224.74,224.95,3354162.0,226.1355
2025-12-15 09:45:00,1765809900000,224.95,225.318,224.1,224.35,1917280.0,224.7173
2025-12-15 10:00:00,1765810800000,224.325,224.67,223.73,224.01,1550937.0,224.1961
2025-12-15 10:15:00,1765811700000,223.98,224.07,222.89,223.03,1491418.0,223.5718
2025-12-15 10:30:00,1765812600000,223.03,226.69,222.9889,224.08,1197369.0,223.6902
2025-12-15 10:45:00,1765813500000,224.06,224.22,223.382,223.58,970834.0,223.7727
2025-12-15 11:00:00,1765814400000,223.59,224.06,223.24,223.37,852307.0,223.6237
2025-12-15 11:15:00,1765815300000,223.385,224.39,223.38,224.39,934180.0,224.0886
2025-12-15 11:30:00,1765816200000,224.42,224.5,222.91,222.935,1128549.0,223.4628
2025-12-15 11:45:00,1765817100000,222.95,223.44,222.84,222.925,926698.0,223.0524
2025-12-15 12:00:00,1765818000000,222.93,223.37,222.81,222.815,1276318.0,223.0522
2025-12-15 12:15:00,1765818900000,222.82,223.12,222.52,222.545,896792.0,222.8444
2025-12-15 12:30:00,1765819800000,222.545,223.08,222.46,222.84,926946.0,222.7095
2025-12-15 12:45:00,1765820700000,222.84,222.915,222.1,222.64,859476.0,222.466
2025-12-15 13:00:00,1765821600000,222.62,222.9,222.42,222.81,669215.0,222.6964
2025-12-15 13:15:00,1765822500000,222.8,222.88,222.18,222.37,696974.0,222.4839
2025-12-15 13:30:00,1765823400000,222.38,222.54,222.18,222.505,774984.0,222.3574
2025-12-15 13:45:00,1765824300000,222.51,222.91,222.4715,222.77,670525.0,222.7408
2025-12-15 14:00:00,1765825200000,222.77,223.435,222.7539,222.95,1439048.0,223.0978
2025-12-15 14:15:00,1765826100000,222.95,223.3299,222.79,223.2226,695255.0,223.0592
2025-12-15 14:30:00,1765827000000,223.23,223.355,223.02,223.19,687949.0,223.1892
2025-12-15 14:45:00,1765827900000,223.19,223.33,222.79,223.2445,829907.0,223.0511
2025-12-15 15:00:00,1765828800000,223.24,223.41,222.84,222.87,1067695.0,223.1343
2025-12-15 15:15:00,1765829700000,222.875,223.005,222.5201,222.67,1051300.0,222.7416
2025-12-15 15:30:00,1765830600000,222.69,222.75,222.25,222.32,1262138.0,222.4191
2025-12-15 15:45:00,1765831500000,222.32,222.72,221.5,222.54,5366102.0,222.4076
2025-12-15 16:00:00,1765832400000,222.54,223.07,222.54,222.9,501950.0,222.5919
2025-12-15 16:15:00,1765833300000,222.914,222.914,222.7009,222.7009,483260.0,222.5565
2025-12-15 16:30:00,1765834200000,222.7,222.89,222.54,222.84,21921.0,222.6603
2025-12-15 16:45:00,1765835100000,222.87,222.9,222.76,222.9,13388.0,222.8626
2025-12-15 17:00:00,1765836000000,222.9195,223.08,222.8614,223.0,22035.0,222.9461
2025-12-15 17:15:00,1765836900000,222.96,223.0497,222.9,222.99,10404.0,222.9389
2025-12-15 17:30:00,1765837800000,222.92,222.99,222.83,222.93,8710.0,222.9212
2025-12-15 17:45:00,1765838700000,222.8952,222.9,222.82,222.85,40581.0,222.6031
2025-12-15 18:00:00,1765839600000,222.85,222.9794,222.85,222.91,18139.0,222.9125
2025-12-15 18:15:00,1765840500000,222.9799,222.9799,222.81,222.81,9133.0,222.8659
2025-12-15 18:30:00,1765841400000,222.78,222.85,222.56,222.65,13878.0,222.7132
2025-12-15 18:45:00,1765842300000,222.7,222.7,222.55,222.56,11113.0,222.576
2025-12-15 19:00:00,1765843200000,222.62,222.63,222.29,222.3,22197.0,222.5117
2025-12-15 19:15:00,1765844100000,222.32,222.3999,222.07,222.39,20414.0,222.2005
2025-12-15 19:30:00,1765845000000,222.45,222.45,222.19,222.28,10102.0,222.2765
2025-12-15 19:45:00,1765845900000,222.26,222.28,222.06,222.0843,10448.0,222.1546
2025-12-16 04:00:00,1765875600000,221.67,222.55,221.67,222.54,8576.0,222.1073
2025-12-16 04:15:00,1765876500000,222.65,222.65,222.13,222.13,3539.0,222.4113
2025-12-16 04:30:00,1765877400000,222.15,222.22,221.77,221.78,2804.0,221.9777
2025-12-16 04:45:00,1765878300000,221.82,221.9,221.79,221.8,1209.0,221.8479
2025-12-16 05:15:00,1765880100000,221.78,222.01,221.72,221.93,7501.0,221.9417
2025-12-16 05:30:00,1765881000000,222.07,222.28,222.07,222.28,2728.0,222.2203
2025-12-16 05:45:00,1765881900000,222.2,222.2,222.04,222.1,2836.0,222.1351
2025-12-16 06:00:00,1765882800000,222.1,222.12,222.01,222.12,1998.0,222.0656
2025-12-16 06:15:00,1765883700000,222.1,222.1,222.0,222.05,2760.0,222.0443
2025-12-16 06:30:00,1765884600000,222.07,222.79,222.07,222.75,14523.0,222.4852
2025-12-16 06:45:00,1765885500000,222.75,222.75,222.53,222.53,1023.0,222.6399
2025-12-16 07:00:00,1765886400000,222.5,222.8,222.31,222.78,11475.0,222.5545
2025-12-16 07:15:00,1765887300000,222.74,223.15,222.58,223.15,15172.0,222.9324
2025-12-16 07:30:00,1765888200000,223.15,223.21,223.1,223.17,8343.0,223.148
2025-12-16 07:45:00,1765889100000,223.15,223.2,223.08,223.11,6380.0,223.1295
2025-12-16 08:00:00,1765890000000,222.0,223.2499,220.18,222.85,133861.0,221.8877
2025-12-16 08:15:00,1765890900000,222.86,222.87,222.44,222.58,36620.0,222.705
2025-12-16 08:30:00,1765891800000,222.85,223.69,222.85,223.2,178775.0,223.3975
2025-12-16 08:45:00,1765892700000,223.14,223.5,222.72,222.72,26804.0,223.0987
2025-12-16 09:00:00,1765893600000,223.0,223.26,222.49,223.0,34201.0,222.855
2025-12-16 09:15:00,1765894500000,222.94,223.44,222.51,223.13,890161.0,222.577
2025-12-16 09:30:00,1765895400000,223.035,223.648,222.06,222.365,2602928.0,222.8123
2025-12-16 09:45:00,1765896300000,222.39,223.66,221.9008,223.29,1599747.0,222.8524
2025-12-16 10:00:00,1765897200000,223.305,223.55,222.43,222.965,1066917.0,222.9964
2025-12-16 10:15:00,1765898100000,222.93,223.08,221.935,222.365,893307.0,222.3428
2025-12-16 10:30:00,1765899000000,222.3,223.25,222.2765,223.19,1251420.0,222.7741
2025-12-16 10:45:00,1765899900000,223.18,223.48,222.92,223.34,864939.0,223.2755
2025-12-16 11:00:00,1765900800000,223.345,223.48,222.92,222.95,709167.0,223.2431
2025-12-16 11:15:00,1765901700000,222.93,222.9699,222.57,222.76,940980.0,222.7624
2025-12-16 11:30:00,1765902600000,222.76,222.86,222.3,222.76,707891.0,222.6324
2025-12-16 11:45:00,1765903500000,222.74,223.24,222.455,223.172,593496.0,222.8962
2025-12-16 12:00:00,1765904400000,223.19,223.2616,222.6,222.91,742675.0,222.9911
2025-12-16 12:15:00,1765905300000,222.91,222.97,222.22,222.31,642684.0,222.587
2025-12-16 12:30:00,1765906200000,222.3,222.64,221.99,222.17,681176.0,222.335
2025-12-16 12:45:00,1765907100000,222.18,222.35,221.9,222.02,627216.0,222.1337
2025-12-16 13:00:00,1765908000000,222.01,222.14,221.368,221.69,862837.0,221.7707
2025-12-16 13:15:00,1765908900000,221.66,221.66,221.1304,221.4758,794730.0,221.381
2025-12-16 13:30:00,1765909800000,221.49,222.495,221.485,222.48,814585.0,222.0957
2025-12-16 13:45:00,1765910700000,222.48,222.65,222.35,222.54,670999.0,222.5195
2025-12-16 14:00:00,1765911600000,222.515,222.5916,221.9,221.9616,650438.0,222.1582
2025-12-16 14:15:00,1765912500000,221.95,222.09,221.71,222.09,559116.0,221.8889
2025-12-16 14:30:00,1765913400000,222.07,222.71,222.01,222.69,599627.0,222.4191
2025-12-16 14:45:00,1765914300000,222.69,222.8401,222.31,222.38,949481.0,222.6135
2025-12-16 15:00:00,1765915200000,222.38,222.62,222.31,222.33,708140.0,222.4772
2025-12-16 15:15:00,1765916100000,222.34,222.7,222.25,222.64,719817.0,222.4874
2025-12-16 15:30:00,1765917000000,222.65,223.3,222.635,223.0456,1106573.0,223.0474
2025-12-16 15:45:00,1765917900000,223.04,223.21,222.49,222.53,2242938.0,222.923
2025-12-16 16:00:00,1765918800000,222.56,222.63,222.2,222.2,574820.0,222.5408
2025-12-16 16:15:00,1765919700000,222.1984,222.56,222.1,222.23,22838.0,222.2359
2025-12-16 16:30:00,1765920600000,222.22,222.39,222.22,222.28,12155.0,222.3122
2025-12-16 16:45:00,1765921500000,222.2211,222.25,222.08,222.08,18919.0,221.8751
2025-12-16 17:00:00,1765922400000,222.1638,222.2,222.08,222.16,7328.0,222.149
2025-12-16 17:15:00,1765923300000,222.192,222.2,222.08,222.2,6961.0,222.1693
2025-12-16 17:30:00,1765924200000,222.15,222.56,222.1,222.25,9680.0,222.2846
2025-12-16 17:45:00,1765925100000,222.2499,222.2499,222.12,222.14,19923.0,222.4849
2025-12-16 18:00:00,1765926000000,222.25,222.3236,222.01,222.2498,14959.0,222.2236
2025-12-16 18:15:00,1765926900000,222.136,222.2,222.13,222.13,2877.0,222.1705
2025-12-16 18:30:00,1765927800000,222.2,222.56,222.19,222.5599,13080.0,222.3804
2025-12-16 18:45:00,1765928700000,222.45,222.488,222.08,222.08,8233.0,222.1802
2025-12-16 19:00:00,1765929600000,222.08,222.19,222.0,222.0,25734.0,222.0624
2025-12-16 19:15:00,1765930500000,222.0,222.2,222.0,222.05,7548.0,222.0454
2025-12-16 19:30:00,1765931400000,222.0101,222.23,222.0,222.2,8289.0,222.0884
2025-12-16 19:45:00,1765932300000,222.1,222.25,222.0,222.1348,9640.0,222.1117
2025-12-17 04:00:00,1765962000000,224.65,225.5,224.6,224.63,41130.0,225.0537
2025-12-17 04:15:00,1765962900000,224.99,225.55,224.81,225.24,12338.0,225.129
2025-12-17 04:30:00,1765963800000,225.46,226.0,225.38,225.64,23674.0,225.7524
2025-12-17 04:45:00,1765964700000,225.55,225.55,225.35,225.35,2970.0,225.4229
2025-12-17 05:00:00,1765965600000,225.25,225.5,225.25,225.5,11939.0,225.4582
2025-12-17 05:15:00,1765966500000,225.68,226.0,225.63,225.98,15247.0,225.8376
2025-12-17 05:30:00,1765967400000,225.9,225.94,225.67,225.94,7927.0,225.8126
2025-12-17 05:45:00,1765968300000,225.94,226.47,225.94,226.35,27832.0,226.2291
2025-12-17 06:00:00,1765969200000,226.29,227.07,226.0,226.68,59331.0,226.6931
2025-12-17 06:15:00,1765970100000,226.62,226.93,226.21,226.3,21381.0,226.5051
2025-12-17 06:30:00,1765971000000,226.25,226.39,226.17,226.3,7971.0,226.2813
2025-12-17 06:45:00,1765971900000,226.23,226.53,225.77,226.2,28938.0,226.2086
2025-12-17 07:00:00,1765972800000,226.23,226.53,225.67,225.67,84729.0,226.1592
2025-12-17 07:15:00,1765973700000,225.67,225.96,225.59,225.63,20543.0,225.7146
2025-12-17 07:30:00,1765974600000,225.6,225.89,225.57,225.84,16056.0,225.7531
2025-12-17 07:45:00,1765975500000,225.82,226.15,225.5,225.57,33817.0,225.7457
2025-12-17 08:00:00,1765976400000,226.53,227.0,223.5,225.02,291743.0,225.5269
2025-12-17 08:15:00,1765977300000,225.02,225.29,224.0,224.62,77743.0,224.6856
2025-12-17 08:30:00,1765978200000,224.7,225.35,224.7,224.77,69290.0,224.9395
2025-12-17 08:45:00,1765979100000,224.75,225.15,224.62,224.9021,67121.0,224.8887
2025-12-17 09:00:00,1765980000000,225.0476,225.7,224.93,225.22,143761.0,223.5343
2025-12-17 09:15:00,1765980900000,225.19,225.57,224.2,224.61,187852.0,224.9055
2025-12-17 09:30:00,1765981800000,224.655,225.19,223.55,224.1171,2931603.0,224.4158
2025-12-17 09:45:00,1765982700000,224.11,224.52,222.84,224.2,1450226.0,223.6105
2025-12-17 10:00:00,1765983600000,224.19,224.46,223.8,224.09,851311.0,224.1748
2025-12-17 10:15:00,1765984500000,224.095,225.04,223.96,224.7787,1179430.0,224.529
2025-12-17 10:30:00,1765985400000,224.77,224.9203,223.185,223.44,1379815.0,223.867
2025-12-17 10:45:00,1765986300000,223.42,223.77,222.97,223.65,1203764.0,223.3056
2025-12-17 11:00:00,1765987200000,223.62,224.05,223.5,223.545,1002580.0,223.7518
2025-12-17 11:15:00,1765988100000,223.53,224.19,223.45,224.115,900923.0,223.9364
2025-12-17 11:30:00,1765989000000,224.12,224.199,223.59,223.68,819388.0,223.8808
2025-12-17 11:45:00,1765989900000,223.67,223.895,223.12,223.621,760856.0,223.4335
2025-12-17 12:00:00,1765990800000,223.61,223.9,223.02,223.04,648072.0,223.4828
2025-12-17 12:15:00,1765991700000,223.04,224.05,222.965,223.645,784768.0,223.5911
2025-12-17 12:30:00,1765992600000,223.6547,224.02,223.46,223.63,557306.0,223.7451
2025-12-17 12:45:00,1765993500000,223.65,223.865,223.42,223.68,470996.0,223.648
2025-12-17 13:00:00,1765994400000,223.69,224.55,223.69,223.94,758433.0,224.1716
2025-12-17 13:15:00,1765995300000,223.91,224.0244,223.71,223.79,588872.0,223.8496
2025-12-17 13:30:00,1765996200000,223.75,223.76,222.69,223.14,853125.0,223.2914
2025-12-17 13:45:00,1765997100000,223.13,223.48,223.045,223.14,655446.0,223.2951
2025-12-17 14:00:00,1765998000000,223.14,223.22,222.57,222.695,739271.0,222.8885
2025-12-17 14:15:00,1765998900000,222.71,223.15,222.71,222.915,853161.0,222.952
2025-12-17 14:30:00,1765999800000,222.9,223.1,222.76,222.94,525102.0,222.9611
2025-12-17 14:45:00,1766000700000,222.94,223.035,222.62,222.6499,572911.0,222.8377
2025-12-17 15:00:00,1766001600000,222.62,222.7,222.01,222.2001,797537.0,222.2451
2025-12-17 15:15:00,1766002500000,222.205,222.4394,221.93,222.02,793470.0,222.1884
2025-12-17 15:30:00,1766003400000,222.03,222.171,221.65,222.11,1025286.0,221.8611
2025-12-17 15:45:00,1766004300000,222.11,222.22,220.99,221.241,3444951.0,221.4533
2025-12-17 16:00:00,1766005200000,221.27,221.9899,221.25,221.81,878223.0,221.293
2025-12-17 16:15:00,1766006100000,221.89,221.89,221.5,221.6208,19449.0,221.6942
2025-12-17 16:30:00,1766007000000,221.76,221.99,221.66,221.99,33378.0,221.8183
2025-12-17 16:45:00,1766007900000,221.9,221.93,221.27,221.6,23584.0,221.5903
2025-12-17 17:00:00,1766008800000,221.7,221.97,221.55,221.8,15595.0,221.6777
2025-12-17 17:15:00,1766009700000,221.78,221.85,221.6662,221.75,6223.0,221.6393
2025-12-17 17:30:00,1766010600000,221.75,221.8,221.65,221.7979,10282.0,221.7316
2025-12-17 17:45:00,1766011500000,221.77,221.88,221.75,221.77,5268.0,221.8029
2025-12-17 18:00:00,1766012400000,221.71,221.75,221.4,221.45,512575.0,221.2773
2025-12-17 18:15:00,1766013300000,221.492,221.61,221.45,221.61,11006.0,221.4712
2025-12-17 18:30:00,1766014200000,221.51,221.7,221.45,221.7,13576.0,221.5039
2025-12-17 18:45:00,1766015100000,221.532,221.65,221.25,221.3,12010.0,221.4134
2025-12-17 19:00:00,1766016000000,221.4,221.45,221.25,221.4,10890.0,221.3301
2025-12-17 19:15:00,1766016900000,221.4,221.8,221.4,221.786,13661.0,221.5709
2025-12-17 19:30:00,1766017800000,221.65,221.65,221.4209,221.49,8176.0,221.5153
2025-12-17 19:45:00,1766018700000,221.5,222.0,221.48,221.8729,10341.0,221.8295
2025-12-18 04:00:00,1766048400000,222.64,223.0,222.52,222.63,12136.0,222.7867
2025-12-18 04:15:00,1766049300000,222.62,222.7,222.43,222.43,6736.0,222.5617
2025-12-18 04:30:00,1766050200000,222.7,222.7,222.7,222.7,1723.0,222.6915
2025-12-18 04:45:00,1766051100000,222.7,222.96,222.7,222.9,3987.0,222.7718
2025-12-18 05:00:00,1766052000000,222.9,222.95,222.8,222.85,4592.0,222.888
2025-12-18 05:15:00,1766052900000,222.55,222.55,222.54,222.54,907.0,222.5394
2025-12-18 05:30:00,1766053800000,222.72,223.1,222.72,223.0,10276.0,222.9766
2025-12-18 05:45:00,1766054700000,223.09,223.09,222.9,222.95,5925.0,222.991
2025-12-18 06:00:00,1766055600000,222.89,223.04,222.87,222.96,4968.0,222.9323
2025-12-18 06:15:00,1766056500000,222.99,223.0,222.9,222.9,7903.0,222.9559
2025-12-18 06:30:00,1766057400000,223.05,223.54,222.9,222.9,12219.0,223.2337
2025-12-18 06:45:00,1766058300000,222.95,223.05,222.95,223.0,3452.0,223.0124
2025-12-18 07:00:00,1766059200000,222.99,223.0,222.6,223.0,15863.0,222.8053
2025-12-18 07:15:00,1766060100000,223.0,223.22,222.93,222.99,25764.0,223.0671
2025-12-18 07:30:00,1766061000000,223.0,223.3,222.99,223.28,17135.0,223.1497
2025-12-18 07:45:00,1766061900000,223.16,223.28,223.1,223.17,8527.0,223.1557
2025-12-18 08:00:00,1766062800000,222.6008,223.33,221.71,223.0,154587.0,222.8119
2025-12-18 08:15:00,1766063700000,223.1,223.34,223.1,223.3,28302.0,223.2312
2025-12-18 08:30:00,1766064600000,223.4,225.35,223.35,225.25,268636.0,224.6361
2025-12-18 08:45:00,1766065500000,225.25,225.53,224.5,224.6531,118856.0,225.0236
2025-12-18 09:00:00,1766066400000,224.72,225.0,224.5,224.55,57790.0,224.8177
2025-12-18 09:15:00,1766067300000,224.8077,226.0,224.35,225.62,159465.0,224.6947
2025-12-18 09:30:00,1766068200000,225.705,226.5,224.41,224.44,3605503.0,225.6483
2025-12-18 09:45:00,1766069100000,224.46,227.08,224.46,226.83,2073337.0,226.0227
2025-12-18 10:00:00,1766070000000,226.81,227.15,225.72,226.18,1655422.0,226.5047
2025-12-18 10:15:00,1766070900000,226.16,227.83,225.9468,227.56,1558977.0,226.9886
2025-12-18 10:30:00,1766071800000,227.56,228.2552,227.41,228.08,1666366.0,227.8977
2025-12-18 10:45:00,1766072700000,228.06,228.48,227.86,228.03,1622091.0,228.1384
2025-12-18 11:00:00,1766073600000,228.05,229.05,227.86,228.6401,1588536.0,228.6291
2025-12-18 11:15:00,1766074500000,228.66,229.225,228.22,228.31,1307923.0,228.8323
2025-12-18 11:30:00,1766075400000,228.3,228.78,228.2,228.236,704019.0,228.4505
2025-12-18 11:45:00,1766076300000,228.2,228.35,227.53,227.54,1002470.0,227.9487
2025-12-18 12:00:00,1766077200000,227.51,227.53,226.02,226.245,1200770.0,226.812
2025-12-18 12:15:00,1766078100000,226.23,226.23,225.4115,225.8035,961609.0,225.854
2025-12-18 12:30:00,1766079000000,225.82,226.66,225.5701,226.513,757924.0,226.2109
2025-12-18 12:45:00,1766079900000,226.54,226.91,226.37,226.8762,600265.0,226.6307
2025-12-18 13:00:00,1766080800000,226.89,226.9,226.44,226.65,692114.0,226.6669
2025-12-18 13:15:00,1766081700000,226.66,227.2,226.65,227.03,552655.0,226.9977
2025-12-18 13:30:00,1766082600000,227.07,227.445,227.0,227.1301,1274538.0,226.535
2025-12-18 13:45:00,1766083500000,227.145,227.38,226.91,226.96,537165.0,227.1552
2025-12-18 14:00:00,1766084400000,226.95,226.95,226.3,226.7,872850.0,226.5923
2025-12-18 14:15:00,1766085300000,226.68,226.68,226.27,226.59,509046.0,226.4702
2025-12-18 14:30:00,1766086200000,226.595,226.65,226.285,226.31,511809.0,226.4666
2025-12-18 14:45:00,1766087100000,226.32,226.735,225.82,225.9,630542.0,226.2775
2025-12-18 15:00:00,1766088000000,225.9,226.62,225.75,226.58,559973.0,226.2969
2025-12-18 15:15:00,1766088900000,226.57,226.78,226.38,226.765,811855.0,226.6267
2025-12-18 15:30:00,1766089800000,226.77,227.15,226.66,227.11,948950.0,226.8515
2025-12-18 15:45:00,1766090700000,227.12,227.31,226.69,226.76,2913324.0,226.9335
2025-12-18 16:00:00,1766091600000,226.76,227.02,226.71,226.75,638037.0,226.7615
2025-12-18 16:15:00,1766092500000,226.75,226.8,226.72,226.76,11307.0,226.7643
2025-12-18 16:30:00,1766093400000,226.8,226.94,226.53,226.53,10708.0,226.8297
2025-12-18 16:45:00,1766094300000,226.54,226.76,226.5,226.61,35572.0,226.677
2025-12-18 17:00:00,1766095200000,226.6001,226.79,226.6001,226.74,7915.0,226.6539
2025-12-18 17:15:00,1766096100000,226.75,226.9,226.72,226.89,7428.0,226.7706
2025-12-18 17:30:00,1766097000000,226.82,226.84,226.79,226.8283,2087.0,226.8117
2025-12-18 17:45:00,1766097900000,226.8001,227.05,226.8,226.86,14009.0,226.9538
2025-12-18 18:00:00,1766098800000,226.82,227.03,226.76,226.83,51538.0,226.7998
2025-12-18 18:15:00,1766099700000,226.8647,226.95,226.78,226.8,455205.0,226.7615
2025-12-18 18:30:00,1766100600000,226.83,226.88,226.76,226.7601,11895.0,226.8148
2025-12-18 18:45:00,1766101500000,226.77,226.88,226.75,226.85,10035.0,226.8012
2025-12-18 19:00:00,1766102400000,226.86,226.96,226.8,226.8001,11267.0,226.8577
2025-12-18 19:15:00,1766103300000,226.765,226.86,226.75,226.84,11463.0,226.7688
2025-12-18 19:30:00,1766104200000,226.8018,226.8384,226.75,226.78,8205.0,226.8048
2025-12-18 19:45:00,1766105100000,226.78,226.9999,226.77,226.9999,10981.0,226.8389
2025-12-19 04:00:00,1766134800000,228.11,228.26,227.78,227.89,8908.0,228.0039
2025-12-19 04:15:00,1766135700000,228.0,228.09,228.0,228.0,3669.0,228.0402
2025-12-19 04:30:00,1766136600000,228.01,228.08,228.0,228.08,3268.0,228.014
2025-12-19 04:45:00,1766137500000,228.11,228.13,228.01,228.13,729.0,228.0768
2025-12-19 05:00:00,1766138400000,227.99,228.0,227.98,228.0,1427.0,227.994
2025-12-19 05:15:00,1766139300000,228.0,228.0,227.89,227.89,2341.0,227.921
2025-12-19 05:30:00,1766140200000,227.75,227.75,227.39,227.7,6630.0,227.5487
2025-12-19 05:45:00,1766141100000,227.89,227.89,227.82,227.82,500.0,227.8326
2025-12-19 06:00:00,1766142000000,227.71,227.71,227.12,227.48,4664.0,227.5159
2025-12-19 06:15:00,1766142900000,227.5,227.67,227.5,227.66,2630.0,227.6333
2025-12-19 06:30:00,1766143800000,227.59,227.59,227.56,227.58,1678.0,227.571
2025-12-19 06:45:00,1766144700000,227.65,227.65,227.63,227.63,566.0,227.6397
2025-12-19 07:00:00,1766145600000,227.62,227.72,227.54,227.7,8030.0,227.6344
2025-12-19 07:15:00,1766146500000,227.7,227.86,227.63,227.67,5744.0,227.7228
2025-12-19 07:30:00,1766147400000,227.75,227.75,227.53,227.54,3709.0,227.6196
2025-12-19 07:45:00,1766148300000,227.5,227.5,227.26,227.28,3648.0,227.4222
2025-12-19 08:00:00,1766149200000,228.1,228.17,227.01,227.5336,97299.0,227.6925
2025-12-19 08:15:00,1766150100000,227.5201,227.57,227.3007,227.4172,23242.0,227.453
2025-12-19 08:30:00,1766151000000,227.57,227.8,227.32,227.5,17173.0,227.602
2025-12-19 08:45:00,1766151900000,227.51,227.7117,227.45,227.51,13779.0,227.6029
2025-12-19 09:00:00,1766152800000,227.51,227.753,227.35,227.753,20564.0,227.583
2025-12-19 09:15:00,1766153700000,227.72,227.9,226.81,227.09,108237.0,227.3177
2025-12-19 09:30:00,1766154600000,226.76,227.4488,225.58,226.9,13015712.0,226.6472
2025-12-19 09:45:00,1766155500000,226.92,227.7,226.54,227.04,1967111.0,227.0781
2025-12-19 10:00:00,1766156400000,226.97,227.46,226.6,226.72,1070331.0,227.0356
2025-12-19 10:15:00,1766157300000,226.73,227.0,226.5,226.86,875031.0,226.7588
2025-12-19 10:30:00,1766158200000,226.87,227.23,226.55,226.98,1283599.0,226.8667
2025-12-19 10:45:00,1766159100000,226.97,227.11,226.63,227.027,1306779.0,226.8645
2025-12-19 11:00:00,1766160000000,227.01,227.99,226.9201,227.735,2177866.0,227.1391
2025-12-19 11:15:00,1766160900000,227.735,227.91,227.45,227.8568,816396.0,227.6912
2025-12-19 11:30:00,1766161800000,227.8615,228.345,227.82,228.19,822282.0,228.0593
2025-12-19 11:45:00,1766162700000,228.2,228.37,227.76,227.805,698101.0,228.1464
2025-12-19 12:00:00,1766163600000,227.79,228.05,227.71,227.97,759285.0,227.8729
2025-12-19 12:15:00,1766164500000,227.98,228.75,227.975,228.41,1468512.0,228.4256
2025-12-19 12:30:00,1766165400000,228.41,228.75,228.25,228.6689,771811.0,228.5205
2025-12-19 12:45:00,1766166300000,228.66,229.12,228.565,228.915,835970.0,228.8012
2025-12-19 13:00:00,1766167200000,228.91,229.03,228.5799,228.7599,682164.0,228.8161
2025-12-19 13:15:00,1766168100000,228.75,228.885,228.62,228.669,502992.0,228.7699
2025-12-19 13:30:00,1766169000000,228.68,228.8,228.53,228.749,905706.0,228.638
2025-12-19 13:45:00,1766169900000,228.74,228.76,228.48,228.6645,837433.0,228.5975
2025-12-19 14:00:00,1766170800000,228.6681,228.93,228.6681,228.815,536251.0,228.7984
2025-12-19 14:15:00,1766171700000,228.82,228.88,228.66,228.7599,473447.0,228.7937
2025-12-19 14:30:00,1766172600000,228.75,228.855,228.68,228.77,600625.0,228.803
2025-12-19 14:45:00,1766173500000,228.76,228.97,228.66,228.9101,1511281.0,228.7595
2025-12-19 15:00:00,1766174400000,228.93,228.99,228.35,228.42,631859.0,228.6699
2025-12-19 15:15:00,1766175300000,228.42,228.7,228.08,228.65,1980979.0,228.3095
2025-12-19 15:30:00,1766176200000,228.65,229.06,228.46,228.97,1002400.0,228.7997
2025-12-19 15:45:00,1766177100000,228.96,229.125,226.73,227.37,5468457.0,227.6066
2025-12-19 16:00:00,1766178000000,227.35,227.77,227.2,227.4,1468744.0,227.3641
2025-12-19 16:15:00,1766178900000,227.4386,227.7,227.35,227.59,1017488.0,227.3674
2025-12-19 16:30:00,1766179800000,227.6,227.66,227.5,227.66,46877.0,227.6089
2025-12-19 16:45:00,1766180700000,227.6,227.66,227.5,227.59,21128.0,227.5638
2025-12-19 17:00:00,1766181600000,227.61,227.7,227.5,227.6,22460.0,227.5903
2025-12-19 17:15:00,1766182500000,227.6,227.69,227.52,227.52,20189.0,227.5948
2025-12-19 17:30:00,1766183400000,227.54,227.65,227.51,227.65,7465.0,227.6164
2025-12-19 17:45:00,1766184300000,227.6101,227.72,227.6101,227.6506,47905.0,227.4177
2025-12-19 18:00:00,1766185200000,227.7,227.9269,227.7,227.84,17110.0,227.799
2025-12-19 18:15:00,1766186100000,227.79,227.89,227.72,227.83,6201.0,227.8282
2025-12-19 18:30:00,1766187000000,227.8,227.8,227.72,227.7598,5879.0,227.7643
2025-12-19 18:45:00,1766187900000,227.7503,227.9,227.7503,227.9,7851.0,227.8069
2025-12-19 19:00:00,1766188800000,227.8936,227.9,227.8601,227.8852,11559.0,227.8815
2025-12-19 19:15:00,1766189700000,227.86,227.8983,227.86,227.87,7081.0,227.8743
2025-12-19 19:30:00,1766190600000,227.87,227.93,227.85,227.89,4268.0,227.8945
2025-12-19 19:45:00,1766191500000,227.9,227.9,227.8,227.897,14371.0,227.8414
2025-12-22 04:00:00,1766394000000,228.45,228.86,228.38,228.81,11023.0,228.7111
2025-12-22 04:15:00,1766394900000,228.8,228.8,228.64,228.74,4902.0,228.7228
2025-12-22 04:30:00,1766395800000,228.75,228.95,228.75,228.94,8152.0,228.8556
2025-12-22 04:45:00,1766396700000,228.94,228.96,228.88,228.88,7699.0,228.9338
2025-12-22 05:00:00,1766397600000,228.83,228.88,228.81,228.88,4039.0,228.827
2025-12-22 05:15:00,1766398500000,228.8,228.83,228.8,228.83,386.0,228.8182
2025-12-22 05:30:00,1766399400000,228.81,228.81,228.72,228.75,2942.0,228.7525
2025-12-22 05:45:00,1766400300000,228.73,228.73,228.73,228.73,344.0,228.7437
2025-12-22 06:00:00,1766401200000,228.78,228.78,228.75,228.78,2265.0,228.7675
2025-12-22 06:15:00,1766402100000,228.84,228.89,228.84,228.85,5472.0,228.866
2025-12-22 06:30:00,1766403000000,228.78,229.0,228.7,228.97,8952.0,228.8844
2025-12-22 06:45:00,1766403900000,228.86,228.86,228.5,228.65,8477.0,228.626
2025-12-22 07:00:00,1766404800000,228.46,228.78,228.41,228.66,18690.0,228.6255
2025-12-22 07:15:00,1766405700000,228.5,228.63,228.42,228.42,11529.0,228.4884
2025-12-22 07:30:00,1766406600000,228.42,228.52,228.36,228.52,16649.0,228.4621
2025-12-22 07:45:00,1766407500000,228.53,228.53,228.35,228.53,11466.0,228.4401
2025-12-22 08:00:00,1766408400000,228.65,228.95,226.782,228.8,255026.0,228.5913
2025-12-22 08:15:00,1766409300000,228.8,228.85,228.7,228.8378,19870.0,228.7893
2025-12-22 08:30:00,1766410200000,228.8,228.8672,228.57,228.78,20611.0,228.707
2025-12-22 08:45:00,1766411100000,228.8196,228.86,228.6,228.86,35534.0,228.7221
2025-12-22 09:00:00,1766412000000,228.88,229.06,228.74,228.89,51629.0,228.9294
2025-12-22 09:15:00,1766412900000,228.86,229.5,228.62,228.62,123280.0,229.0697
2025-12-22 09:30:00,1766413800000,228.61,228.61,226.95,227.7569,3243523.0,227.7697
2025-12-22 09:45:00,1766414700000,227.765,228.23,227.34,228.135,1397542.0,227.7921
2025-12-22 10:00:00,1766415600000,228.12,228.3,227.37,227.47,1258689.0,227.8362
2025-12-22 10:15:00,1766416500000,227.47,227.83,227.18,227.83,895948.0,227.4964
2025-12-22 10:30:00,1766417400000,227.83,227.9,227.15,227.4062,943888.0,227.4364
2025-12-22 10:45:00,1766418300000,227.4,227.535,226.815,226.83,1009161.0,227.2221
2025-12-22 11:00:00,1766419200000,226.83,227.04,226.71,226.99,1061186.0,226.897
2025-12-22 11:15:00,1766420100000,227.0,227.63,226.95,227.53,1034059.0,227.3029
2025-12-22 11:30:00,1766421000000,227.53,227.74,227.32,227.62,702968.0,227.5034
2025-12-22 11:45:00,1766421900000,227.61,227.73,227.45,227.56,720805.0,227.6005
2025-12-22 12:00:00,1766422800000,227.55,228.2,227.55,228.11,899681.0,227.9412
2025-12-22 12:15:00,1766423700000,228.12,228.2599,227.82,228.03,744430.0,228.0385
2025-12-22 12:30:00,1766424600000,228.0301,228.26,227.78,227.93,585581.0,228.05
2025-12-22 12:45:00,1766425500000,227.92,228.21,227.89,228.21,393802.0,228.0318
2025-12-22 13:00:00,1766426400000,228.21,228.24,227.83,227.99,417647.0,228.0271
2025-12-22 13:15:00,1766427300000,227.986,228.005,227.68,228.0,525009.0,227.8881
2025-12-22 13:30:00,1766428200000,227.99,228.47,227.94,228.3855,603173.0,228.1534
2025-12-22 13:45:00,1766429100000,228.385,228.4,227.96,228.19,498374.0,228.1468
2025-12-22 14:00:00,1766430000000,228.2,228.45,228.115,228.135,429475.0,228.2629
2025-12-22 14:15:00,1766430900000,228.135,228.55,228.07,228.395,498959.0,228.3717
2025-12-22 14:30:00,1766431800000,228.395,228.615,228.23,228.24,506954.0,228.4482
2025-12-22 14:45:00,1766432700000,228.23,228.465,228.22,228.46,453995.0,228.3269
2025-12-22 15:00:00,1766433600000,228.46,228.571,228.36,228.49,565152.0,228.457
2025-12-22 15:15:00,1766434500000,228.49,228.9,228.4199,228.84,715652.0,228.6787
2025-12-22 15:30:00,1766435400000,228.84,229.47,228.77,229.4,1377244.0,229.1127
2025-12-22 15:45:00,1766436300000,229.405,229.48,228.32,228.43,2776440.0,228.8645
2025-12-22 16:00:00,1766437200000,228.43,228.59,228.25,228.59,1111429.0,228.4324
2025-12-22 16:15:00,1766438100000,228.59,228.6448,228.4999,228.62,24417.0,228.5621
2025-12-22 16:30:00,1766439000000,228.64,228.66,228.43,228.6,13062.0,228.5989
2025-12-22 16:45:00,1766439900000,228.6,228.65,228.5317,228.599,8330.0,228.5868
2025-12-22 17:00:00,1766440800000,228.56,228.6244,228.52,228.52,5241.0,228.4961
2025-12-22 17:15:00,1766441700000,228.64,228.95,228.54,228.64,12176.0,228.7635
2025-12-22 17:30:00,1766442600000,228.5834,228.74,228.43,228.68,8162.0,228.536
2025-12-22 17:45:00,1766443500000,228.68,228.68,228.44,228.45,13283.0,228.5057
2025-12-22 18:00:00,1766444400000,228.4499,228.7,228.4401,228.47,67446.0,228.4439
2025-12-22 18:15:00,1766445300000,228.5013,228.5329,228.44,228.5329,151960.0,228.4318
2025-12-22 18:30:00,1766446200000,228.55,228.64,228.5168,228.52,11368.0,228.5643
2025-12-22 18:45:00,1766447100000,228.55,228.68,228.52,228.6,10705.0,228.5788
2025-12-22 19:00:00,1766448000000,228.59,228.63,228.59,228.63,5491.0,228.6043
2025-12-22 19:15:00,1766448900000,228.64,228.68,228.57,228.68,4101.0,228.6461
2025-12-22 19:30:00,1766449800000,228.6049,228.75,228.6049,228.733,3607.0,228.7039
2025-12-22 19:45:00,1766450700000,228.61,228.74,228.61,228.63,12530.0,228.6783
2025-12-23 04:00:00,1766480400000,228.59,228.59,228.0,228.39,4970.0,228.309
2025-12-23 04:15:00,1766481300000,228.45,228.5,228.45,228.5,1608.0,228.4856
2025-12-23 04:30:00,1766482200000,228.56,228.56,228.56,228.56,427.0,228.5496
2025-12-23 05:00:00,1766484000000,228.68,228.68,228.68,228.68,550.0,228.6599
2025-12-23 05:15:00,1766484900000,228.63,228.67,228.63,228.64,1063.0,228.6561
2025-12-23 05:30:00,1766485800000,228.5,228.5,228.2,228.2,3699.0,228.2997
2025-12-23 05:45:00,1766486700000,228.3,228.4,228.25,228.25,1581.0,228.3462
2025-12-23 06:00:00,1766487600000,228.42,228.42,228.42,228.42,100.0,228.42
2025-12-23 06:15:00,1766488500000,228.2,228.2,228.2,228.2,366.0,228.2189
2025-12-23 06:30:00,1766489400000,228.39,228.39,228.39,228.39,287.0,228.3775
2025-12-23 06:45:00,1766490300000,228.4,228.4,228.4,228.4,818.0,228.4045
2025-12-23 07:00:00,1766491200000,228.35,228.44,228.18,228.18,6027.0,228.3282
2025-12-23 07:15:00,1766492100000,228.31,228.36,228.1,228.1,2221.0,228.2676
2025-12-23 07:30:00,1766493000000,228.1,228.21,228.1,228.2,2143.0,228.1972
2025-12-23 07:45:00,1766493900000,228.3,228.51,228.29,228.48,4755.0,228.4496
2025-12-23 08:00:00,1766494800000,228.23,228.76,228.0,228.5,81889.0,228.3343
2025-12-23 08:15:00,1766495700000,228.43,228.48,228.2654,228.34,13000.0,228.362
2025-12-23 08:30:00,1766496600000,228.4,228.42,228.0,228.2,28404.0,228.1978
2025-12-23 08:45:00,1766497500000,228.1485,228.16,227.8625,227.87,30470.0,228.022
2025-12-23 09:00:00,1766498400000,227.88,228.07,227.76,227.86,20553.0,227.8991
2025-12-23 09:15:00,1766499300000,227.76,229.3,227.71,229.0,67431.0,228.5914
2025-12-23 09:30:00,1766500200000,229.055,231.25,228.73,231.11,4171464.0,230.3647
2025-12-23 09:45:00,1766501100000,231.13,232.16,230.82,231.22,1946686.0,231.5193
2025-12-23 10:00:00,1766502000000,231.22,231.3,230.33,230.42,1432435.0,230.7509
2025-12-23 10:15:00,1766502900000,230.45,230.705,229.9,230.1185,1260593.0,230.2476
2025-12-23 10:30:00,1766503800000,230.12,230.9568,229.98,230.8874,911767.0,230.4081
2025-12-23 10:45:00,1766504700000,230.882,231.15,230.7348,230.92,742612.0,230.9141
2025-12-23 11:00:00,1766505600000,230.91,231.17,230.48,230.5,768256.0,230.8928
2025-12-23 11:15:00,1766506500000,230.5,230.71,230.32,230.46,763956.0,230.5081
2025-12-23 11:30:00,1766507400000,230.4602,231.52,230.4602,231.4479,890132.0,231.116
2025-12-23 11:45:00,1766508300000,231.44,231.53,231.18,231.4474,537281.0,231.3946
2025-12-23 12:00:00,1766509200000,231.43,231.6,231.18,231.31,564661.0,231.3905
2025-12-23 12:15:00,1766510100000,231.315,231.7,231.2337,231.38,621150.0,231.459
2025-12-23 12:30:00,1766511000000,231.34,231.34,231.1201,231.2798,359823.0,231.239
2025-12-23 12:45:00,1766511900000,231.28,231.46,231.11,231.44,396096.0,231.3004
2025-12-23 13:00:00,1766512800000,231.43,231.55,231.22,231.4556,433855.0,231.4085
2025-12-23 13:15:00,1766513700000,231.455,231.83,231.45,231.53,602219.0,231.671
2025-12-23 13:30:00,1766514600000,231.535,231.8313,231.48,231.8164,474934.0,231.5925
2025-12-23 13:45:00,1766515500000,231.83,231.87,231.63,231.78,369418.0,231.7506
2025-12-23 14:00:00,1766516400000,231.7709,231.94,231.65,231.906,401297.0,231.811
2025-12-23 14:15:00,1766517300000,231.91,232.14,231.9,232.0,547756.0,232.0146
2025-12-23 14:30:00,1766518200000,232.0,232.0,231.74,231.985,457563.0,231.861
2025-12-23 14:45:00,1766519100000,231.98,232.3,231.96,232.2899,504931.0,232.1496
2025-12-23 15:00:00,1766520000000,232.285,232.445,232.02,232.045,869338.0,232.3003
2025-12-23 15:15:00,1766520900000,232.05,232.245,231.8,232.21,598967.0,232.0318
2025-12-23 15:30:00,1766521800000,232.21,232.28,232.07,232.14,655864.0,232.1749
2025-12-23 15:45:00,1766522700000,232.14,232.27,231.92,232.12,2275934.0,232.1343
2025-12-23 16:00:00,1766523600000,232.14,232.2281,232.03,232.04,195278.0,232.1318
2025-12-23 16:15:00,1766524500000,232.1,232.1,231.96,232.01,13834.0,232.0361
2025-12-23 16:30:00,1766525400000,232.07,232.08,231.918,231.9999,10879.0,232.0084
2025-12-23 16:45:00,1766526300000,231.9786,231.98,231.75,231.93,10281.0,231.9146
2025-12-23 17:00:00,1766527200000,231.95,232.0,231.9,231.91,5379.0,231.913
2025-12-23 17:15:00,1766528100000,232.0,232.0,231.78,231.9845,5050.0,231.9641
2025-12-23 17:30:00,1766529000000,231.98,232.12,231.98,232.0,4709.0,232.0184
2025-12-23 17:45:00,1766529900000,232.0599,232.12,232.0045,232.09,3850.0,232.0711
2025-12-23 18:00:00,1766530800000,232.0,232.1,231.968,232.0322,7522.0,232.0702
2025-12-23 18:15:00,1766531700000,232.12,232.12,232.0203,232.0599,3824.0,232.0504
2025-12-23 18:30:00,1766532600000,232.08,232.1,232.0142,232.0339,5966.0,232.0578
2025-12-23 18:45:00,1766533500000,232.04,232.08,232.04,232.08,3542.0,232.07
2025-12-23 19:00:00,1766534400000,232.05,232.15,232.05,232.14,6295.0,232.1023
2025-12-23 19:15:00,1766535300000,232.15,232.2,232.1181,232.12,2884.0,232.1436
2025-12-23 19:30:00,1766536200000,232.12,232.2,232.12,232.169,2594.0,232.1461
2025-12-23 19:45:00,1766537100000,232.16,232.2,232.13,232.2,6972.0,232.1748
2025-12-24 04:00:00,1766566800000,232.14,232.39,232.12,232.33,7613.0,232.2184
2025-12-24 04:15:00,1766567700000,232.42,232.42,232.25,232.25,1302.0,232.337
2025-12-24 04:30:00,1766568600000,232.23,232.23,232.23,232.23,397.0,232.233
2025-12-24 04:45:00,1766569500000,232.2,232.22,232.2,232.21,922.0,232.208
2025-12-24 05:00:00,1766570400000,232.29,232.29,232.29,232.29,341.0,232.266
2025-12-24 05:15:00,1766571300000,232.37,232.37,232.33,232.33,1548.0,232.3391
2025-12-24 05:30:00,1766572200000,232.3,232.46,232.3,232.45,2209.0,232.3842
2025-12-24 05:45:00,1766573100000,232.42,232.42,232.42,232.42,608.0,232.4085
2025-12-24 06:00:00,1766574000000,232.45,232.46,232.37,232.37,3498.0,232.4512
2025-12-24 06:30:00,1766575800000,232.37,232.45,232.37,232.41,1815.0,232.4208
2025-12-24 06:45:00,1766576700000,232.43,232.43,232.38,232.38,435.0,232.3969
2025-12-24 07:00:00,1766577600000,232.46,232.46,232.28,232.34,4198.0,232.3334
2025-12-24 07:15:00,1766578500000,232.36,232.46,232.36,232.4,6570.0,232.4205
2025-12-24 07:30:00,1766579400000,232.45,232.49,232.28,232.28,4129.0,232.3992
2025-12-24 07:45:00,1766580300000,232.39,232.44,232.39,232.43,3654.0,232.405
2025-12-24 08:00:00,1766581200000,232.4,232.59,232.1403,232.5,138495.0,232.2536
2025-12-24 08:15:00,1766582100000,232.4,232.65,232.4,232.5856,10766.0,232.5504
2025-12-24 08:30:00,1766583000000,232.6,232.65,232.4872,232.6,13737.0,232.5834
2025-12-24 08:45:00,1766583900000,232.5883,232.64,232.58,232.6166,12546.0,232.6104
2025-12-24 09:00:00,1766584800000,232.62,232.64,232.5,232.6358,17550.0,232.5794
2025-12-24 09:15:00,1766585700000,232.631,232.631,232.01,232.03,32296.0,232.2534
2025-12-24 09:30:00,1766586600000,232.13,232.42,231.61,231.665,1284431.0,232.0295
2025-12-24 09:45:00,1766587500000,231.645,232.3017,231.58,231.8,840160.0,231.9306
2025-12-24 10:00:00,1766588400000,231.82,231.91,231.33,231.89,577081.0,231.6295
2025-12-24 10:15:00,1766589300000,231.9,232.18,231.75,232.1,622971.0,232.0008
2025-12-24 10:30:00,1766590200000,232.095,232.6114,231.94,232.495,774909.0,232.2828
2025-12-24 10:45:00,1766591100000,232.495,232.71,232.4101,232.49,558540.0,232.5796
2025-12-24 11:00:00,1766592000000,232.5,232.69,232.28,232.66,456305.0,232.5093
2025-12-24 11:15:00,1766592900000,232.67,232.67,232.39,232.54,444531.0,232.5128
2025-12-24 11:30:00,1766593800000,232.54,232.925,232.48,232.735,563162.0,232.7089
2025-12-24 11:45:00,1766594700000,232.735,232.95,232.61,232.72,444109.0,232.7604
2025-12-24 12:00:00,1766595600000,232.7396,232.78,232.62,232.725,319852.0,232.6965
2025-12-24 12:15:00,1766596500000,232.7299,232.89,232.495,232.81,447807.0,232.7024
2025-12-24 12:30:00,1766597400000,232.792,232.9,232.61,232.625,425605.0,232.7921
2025-12-24 12:45:00,1766598300000,232.63,232.837,232.16,232.38,1172493.0,232.4525
2025-12-24 13:00:00,1766599200000,232.38,232.38,232.38,232.38,1504228.0,232.38
2025-12-24 16:00:00,1766610000000,232.2,232.2,232.13,232.2,3559.0,232.1664
2025-12-24 16:15:00,1766610900000,232.2,232.2,232.1,232.2,1771.0,232.1555
2025-12-24 16:30:00,1766611800000,232.14,232.17,232.1,232.1,1311.0,232.1178
2025-12-24 16:45:00,1766612700000,232.05,232.19,232.01,232.01,7797.0,232.087
2025-12-26 04:00:00,1766739600000,232.38,232.38,232.0,232.24,6141.0,232.1538
2025-12-26 04:15:00,1766740500000,232.06,232.08,232.02,232.07,2080.0,232.0456
2025-12-26 04:30:00,1766741400000,232.08,232.08,232.08,232.08,161.0,232.0804
2025-12-26 04:45:00,1766742300000,232.1,232.1,232.1,232.1,528.0,232.0867
2025-12-26 05:00:00,1766743200000,232.2,232.2,232.2,232.2,691.0,232.1987
2025-12-26 05:15:00,1766744100000,232.27,232.28,232.27,232.28,526.0,232.2836
2025-12-26 05:30:00,1766745000000,232.28,232.32,232.28,232.32,992.0,232.3075
2025-12-26 05:45:00,1766745900000,232.26,232.26,232.2,232.2,1105.0,232.2341
2025-12-26 06:00:00,1766746800000,232.25,232.25,232.25,232.25,938.0,232.2538
2025-12-26 06:15:00,1766747700000,232.25,232.25,232.19,232.19,2403.0,232.2011
2025-12-26 06:30:00,1766748600000,232.12,232.12,232.09,232.09,827.0,232.1148
2025-12-26 06:45:00,1766749500000,232.12,232.12,232.1,232.1,745.0,232.1099
2025-12-26 07:00:00,1766750400000,232.11,232.3,232.1,232.2,5635.0,232.1996
2025-12-26 07:15:00,1766751300000,232.3,232.39,232.3,232.39,964.0,232.319
2025-12-26 07:30:00,1766752200000,232.44,232.77,232.44,232.68,3711.0,232.554
2025-12-26 07:45:00,1766753100000,232.69,232.7,232.6,232.6,2601.0,232.6511
2025-12-26 08:00:00,1766754000000,232.25,232.98,231.77,232.98,58745.0,232.3491
2025-12-26 08:15:00,1766754900000,232.75,232.9,232.65,232.86,6200.0,232.8242
2025-12-26 08:30:00,1766755800000,232.83,232.95,232.8,232.92,16520.0,232.9073
2025-12-26 08:45:00,1766756700000,232.9,232.9,232.7,232.82,15725.0,232.7951
2025-12-26 09:00:00,1766757600000,232.82,232.82,231.2,231.9335,74848.0,231.952
2025-12-26 09:15:00,1766758500000,231.999,232.2,231.8,232.04,29527.0,232.0452
2025-12-26 09:30:00,1766759400000,232.035,232.8,231.18,232.5499,1353969.0,231.9901
2025-12-26 09:45:00,1766760300000,232.5,232.8186,231.95,232.03,704619.0,232.39
2025-12-26 10:00:00,1766761200000,232.01,232.12,231.6284,232.06,649658.0,231.8484
2025-12-26 10:15:00,1766762100000,232.04,232.3425,231.94,232.1499,779605.0,232.0939
2025-12-26 10:30:00,1766763000000,232.15,232.19,232.0,232.03,364930.0,232.0953
2025-12-26 10:45:00,1766763900000,232.012,232.565,231.99,232.48,386368.0,232.3414
2025-12-26 11:00:00,1766764800000,232.48,232.67,232.03,232.11,443532.0,232.4607
2025-12-26 11:15:00,1766765700000,232.12,232.59,232.1,232.535,317392.0,232.4012
2025-12-26 11:30:00,1766766600000,232.545,232.615,232.41,232.5,301980.0,232.5495
2025-12-26 11:45:00,1766767500000,232.49,232.61,232.3701,232.455,328010.0,232.4672
2025-12-26 12:00:00,1766768400000,232.46,232.48,232.22,232.3601,299828.0,232.341
2025-12-26 12:15:00,1766769300000,232.365,232.99,232.35,232.9584,367173.0,232.6425
2025-12-26 12:30:00,1766770200000,232.94,232.94,232.54,232.8012,447524.0,232.7588
2025-12-26 12:45:00,1766771100000,232.8,232.95,232.7801,232.8412,372239.0,232.8564
2025-12-26 13:00:00,1766772000000,232.84,232.95,232.62,232.76,274584.0,232.7982
2025-12-26 13:15:00,1766772900000,232.7562,232.78,232.38,232.4658,301088.0,232.5317
2025-12-26 13:30:00,1766773800000,232.465,232.59,232.39,232.58,276106.0,232.4984
2025-12-26 13:45:00,1766774700000,232.585,232.7776,232.5204,232.75,330686.0,232.6895
2025-12-26 14:00:00,1766775600000,232.75,232.828,232.68,232.69,224340.0,232.7462
2025-12-26 14:15:00,1766776500000,232.694,232.7662,232.69,232.74,218620.0,232.7302
2025-12-26 14:30:00,1766777400000,232.74,232.84,232.7016,232.73,248384.0,232.7673
2025-12-26 14:45:00,1766778300000,232.735,232.895,232.7042,232.87,414852.0,232.7632
2025-12-26 15:00:00,1766779200000,232.865,232.92,232.73,232.76,337040.0,232.812
2025-12-26 15:15:00,1766780100000,232.76,232.85,232.74,232.7972,293285.0,232.7896
2025-12-26 15:30:00,1766781000000,232.8,232.885,232.68,232.845,559526.0,232.7857
2025-12-26 15:45:00,1766781900000,232.86,232.865,232.43,232.5,1852968.0,232.5841
2025-12-26 16:00:00,1766782800000,232.52,232.59,232.46,232.51,247564.0,232.5195
2025-12-26 16:15:00,1766783700000,232.5198,232.52,232.47,232.5,4320.0,232.5022
2025-12-26 16:30:00,1766784600000,232.5,232.51,232.46,232.4658,13885.0,232.4958
2025-12-26 16:45:00,1766785500000,232.49,232.5,232.49,232.5,7673.0,232.4939
2025-12-26 17:00:00,1766786400000,232.5,232.51,232.49,232.49,7623.0,232.5028
2025-12-26 17:15:00,1766787300000,232.49,232.5,232.47,232.4901,3924.0,232.49
2025-12-26 17:30:00,1766788200000,232.5035,232.51,232.49,232.49,1445.0,232.6042
2025-12-26 17:45:00,1766789100000,232.46,232.46,232.45,232.46,1497.0,232.4572
2025-12-26 18:00:00,1766790000000,232.46,232.5,232.45,232.5,26824.0,232.5143
2025-12-26 18:15:00,1766790900000,232.46,232.5,232.46,232.47,1256.0,232.471
2025-12-26 18:30:00,1766791800000,232.48,232.48,232.45,232.47,2100.0,232.4579
2025-12-26 18:45:00,1766792700000,232.47,232.47,232.45,232.45,1764.0,232.4562
2025-12-26 19:00:00,1766793600000,232.48,232.5,232.48,232.5,984.0,232.4857
2025-12-26 19:15:00,1766794500000,232.5,232.5,232.49,232.49,451.0,232.4908
2025-12-26 19:30:00,1766795400000,232.5,232.5,232.45,232.488,3494.0,232.4696
2025-12-26 19:45:00,1766796300000,232.46,232.49,232.45,232.45,4878.0,232.4595
2025-12-29 04:00:00,1766998800000,231.56,231.94,231.56,231.94,7657.0,231.7659
2025-12-29 04:15:00,1766999700000,231.94,231.98,231.82,231.98,842.0,231.9049
2025-12-29 04:30:00,1767000600000,232.02,232.08,231.82,231.82,1075.0,231.9981
2025-12-29 04:45:00,1767001500000,232.0,232.21,232.0,232.19,3121.0,232.0888
2025-12-29 05:00:00,1767002400000,232.13,232.15,231.77,231.78,4541.0,231.9811
2025-12-29 05:15:00,1767003300000,232.02,232.02,232.0,232.0,728.0,232.0037
2025-12-29 05:30:00,1767004200000,231.93,232.16,231.93,232.16,8073.0,232.1243
2025-12-29 05:45:00,1767005100000,232.2,232.23,232.15,232.23,874.0,232.1854
2025-12-29 06:30:00,1767007800000,232.21,232.38,232.21,232.38,3876.0,232.3113
2025-12-29 06:45:00,1767008700000,232.45,232.45,232.44,232.44,591.0,232.4466
2025-12-29 07:00:00,1767009600000,232.32,232.63,232.32,232.63,7443.0,232.4766
2025-12-29 07:15:00,1767010500000,232.64,232.82,232.6,232.79,8501.0,232.7308
2025-12-29 07:30:00,1767011400000,232.79,232.81,232.46,232.46,9139.0,232.6508
2025-12-29 07:45:00,1767012300000,232.45,232.45,232.23,232.23,4248.0,232.304
2025-12-29 08:00:00,1767013200000,232.43,232.87,231.5,232.2,74619.0,232.1649
2025-12-29 08:15:00,1767014100000,232.2088,232.36,232.2088,232.35,9326.0,232.2709
2025-12-29 08:30:00,1767015000000,232.3,232.37,232.0,232.0651,21042.0,232.2488
2025-12-29 08:45:00,1767015900000,232.1,232.11,231.3298,231.71,56513.0,231.6235
2025-12-29 09:00:00,1767016800000,231.75,231.7938,231.5378,231.74,22636.0,231.6498
2025-12-29 09:15:00,1767017700000,231.686,232.0,231.38,232.0,33451.0,231.6217
2025-12-29 09:30:00,1767018600000,231.94,232.14,230.77,231.73,2060605.0,231.6064
2025-12-29 09:45:00,1767019500000,231.705,232.38,231.52,232.32,818451.0,232.0829
2025-12-29 10:00:00,1767020400000,232.34,232.6,231.42,231.49,722234.0,232.1165
2025-12-29 10:15:00,1767021300000,231.5,232.265,231.45,232.25,469100.0,231.9842
2025-12-29 10:30:00,1767022200000,232.24,232.37,231.9,232.05,516810.0,232.1187
2025-12-29 10:45:00,1767023100000,232.07,232.23,231.51,231.69,438408.0,231.8204
2025-12-29 11:00:00,1767024000000,231.69,231.76,231.47,231.617,449991.0,231.6046
2025-12-29 11:15:00,1767024900000,231.61,231.62,231.29,231.5224,586423.0,231.4257
2025-12-29 11:30:00,1767025800000,231.5,231.57,231.27,231.345,535026.0,233.7663
2025-12-29 11:45:00,1767026700000,231.34,231.58,231.32,231.39,378795.0,231.4518
2025-12-29 12:00:00,1767027600000,231.385,231.46,231.22,231.42,355761.0,231.3483
2025-12-29 12:15:00,1767028500000,231.42,231.44,231.04,231.13,381677.0,231.2593
2025-12-29 12:30:00,1767029400000,231.13,231.4,231.08,231.395,380737.0,231.2022
2025-12-29 12:45:00,1767030300000,231.3901,231.61,231.3464,231.56,336025.0,231.4646
2025-12-29 13:00:00,1767031200000,231.56,231.56,231.41,231.54,265759.0,231.484
2025-12-29 13:15:00,1767032100000,231.56,231.84,231.478,231.51,412655.0,231.6706
2025-12-29 13:30:00,1767033000000,231.51,231.7792,231.408,231.58,396032.0,231.6079
2025-12-29 13:45:00,1767033900000,231.59,231.59,231.21,231.34,491152.0,231.3634
2025-12-29 14:00:00,1767034800000,231.35,231.38,231.16,231.17,372169.0,231.2604
2025-12-29 14:15:00,1767035700000,231.17,231.3599,231.11,231.32,430889.0,231.2582
2025-12-29 14:30:00,1767036600000,231.325,231.86,231.31,231.815,562177.0,231.647
2025-12-29 14:45:00,1767037500000,231.815,232.33,231.81,232.245,889427.0,232.1117
2025-12-29 15:00:00,1767038400000,232.25,232.36,232.14,232.355,485981.0,232.2605
2025-12-29 15:15:00,1767039300000,232.355,232.45,232.05,232.1,573269.0,232.2389
2025-12-29 15:30:00,1767040200000,232.09,232.39,232.065,232.28,554963.0,232.2666
2025-12-29 15:45:00,1767041100000,232.27,232.35,231.9,232.08,1601484.0,232.0647
2025-12-29 16:00:00,1767042000000,232.07,232.08,231.9,231.96,125433.0,232.0605
2025-12-29 16:15:00,1767042900000,232.05,232.07,231.9752,232.0559,11242.0,232.0504
2025-12-29 16:30:00,1767043800000,232.09,232.16,231.61,232.13,14873.0,231.9864
2025-12-29 16:45:00,1767044700000,232.1364,232.3,232.101,232.1294,10182.0,231.8072
2025-12-29 17:00:00,1767045600000,232.15,232.24,232.1,232.13,3674.0,231.1567
2025-12-29 17:15:00,1767046500000,232.07,232.122,232.07,232.11,4337.0,231.6903
2025-12-29 17:30:00,1767047400000,232.13,232.13,232.01,232.08,4784.0,231.7465
2025-12-29 17:45:00,1767048300000,232.09,232.09,232.0,232.01,187492.0,232.0694
2025-12-29 18:00:00,1767049200000,232.0681,232.07,231.8,231.9,5687.0,231.9637
2025-12-29 18:15:00,1767050100000,231.81,231.9499,231.72,231.79,3100.0,231.8027
2025-12-29 18:30:00,1767051000000,231.866,231.9,231.5801,231.75,5407.0,231.7401
2025-12-29 18:45:00,1767051900000,231.67,231.8337,231.57,231.8337,7440.0,231.6541
2025-12-29 19:00:00,1767052800000,231.75,231.7979,231.7,231.7979,2491.0,231.7341
2025-12-29 19:15:00,1767053700000,231.7538,231.8965,231.7538,231.83,2047.0,231.8523
2025-12-29 19:30:00,1767054600000,231.84,231.84,231.7,231.7,3716.0,231.8028
2025-12-29 19:45:00,1767055500000,231.7389,231.84,231.7,231.7,7218.0,231.7279
2025-12-30 04:00:00,1767085200000,232.03,232.03,231.76,231.99,1976.0,231.9228
2025-12-30 04:15:00,1767086100000,231.99,232.07,231.99,232.07,1177.0,232.0288
2025-12-30 04:30:00,1767087000000,232.14,232.14,232.14,232.14,572.0,232.1265
2025-12-30 04:45:00,1767087900000,232.12,232.13,232.11,232.13,1639.0,232.1109
2025-12-30 05:00:00,1767088800000,232.15,232.16,232.15,232.16,402.0,232.1572
2025-12-30 05:15:00,1767089700000,232.06,232.13,232.05,232.13,861.0,232.0802
2025-12-30 05:30:00,1767090600000,232.05,232.08,232.0,232.08,1062.0,232.0181
2025-12-30 05:45:00,1767091500000,231.9,231.9,231.72,231.72,4276.0,231.8159
2025-12-30 06:00:00,1767092400000,231.7,231.7,231.7,231.7,2258.0,231.6967
2025-12-30 06:15:00,1767093300000,231.68,231.85,231.53,231.53,5037.0,231.675
2025-12-30 06:30:00,1767094200000,231.67,231.67,231.67,231.67,566.0,231.6688
2025-12-30 06:45:00,1767095100000,231.67,231.99,231.67,231.91,2858.0,231.8578
2025-12-30 07:00:00,1767096000000,231.85,231.97,231.85,231.89,4083.0,231.91
2025-12-30 07:15:00,1767096900000,231.85,231.85,231.8,231.8,807.0,231.8285
2025-12-30 07:30:00,1767097800000,231.79,231.79,231.6,231.6,3412.0,231.6725
2025-12-30 07:45:00,1767098700000,231.75,231.75,231.57,231.6,9497.0,231.6245
2025-12-30 08:00:00,1767099600000,232.0,232.19,231.5,231.721,284479.0,232.0158
2025-12-30 08:15:00,1767100500000,231.7268,231.8207,231.71,231.71,6663.0,231.7705
2025-12-30 08:30:00,1767101400000,231.7,231.75,231.53,231.59,16272.0,231.5856
2025-12-30 08:45:00,1767102300000,231.63,231.7372,231.5,231.7372,15072.0,231.5666
2025-12-30 09:00:00,1767103200000,231.66,231.8,231.66,231.76,8284.0,231.7599
2025-12-30 09:15:00,1767104100000,231.76,231.78,230.97,231.17,74266.0,231.3464
2025-12-30 09:30:00,1767105000000,231.205,231.98,230.2,231.11,1755870.0,231.1508
2025-12-30 09:45:00,1767105900000,231.1,232.35,231.0014,232.1491,1190568.0,231.7185
2025-12-30 10:00:00,1767106800000,232.15,232.15,231.07,231.1,806472.0,231.6183
2025-12-30 10:15:00,1767107700000,231.12,231.505,231.04,231.305,585358.0,231.2659
2025-12-30 10:30:00,1767108600000,231.32,231.32,230.91,231.015,574796.0,231.0886
2025-12-30 10:45:00,1767109500000,231.04,231.49,230.9601,231.31,535856.0,231.2625
2025-12-30 11:00:00,1767110400000,231.29,231.715,231.21,231.5899,519290.0,231.4714
2025-12-30 11:15:00,1767111300000,231.59,232.05,231.523,231.86,571163.0,231.8263
2025-12-30 11:30:00,1767112200000,231.85,231.9734,231.58,231.67,472050.0,231.7629
2025-12-30 11:45:00,1767113100000,231.68,231.7899,231.24,231.24,319272.0,231.5601
2025-12-30 12:00:00,1767114000000,231.26,231.33,231.17,231.21,410420.0,231.2762
2025-12-30 12:15:00,1767114900000,231.2043,231.38,231.1,231.295,382440.0,231.2345
2025-12-30 12:30:00,1767115800000,231.29,231.44,231.23,231.24,420263.0,231.3503
2025-12-30 12:45:00,1767116700000,231.25,231.459,231.2,231.39,316844.0,231.3481
2025-12-30 13:00:00,1767117600000,231.39,231.4,231.21,231.225,366754.0,231.3146
2025-12-30 13:15:00,1767118500000,231.23,231.23,231.055,231.1957,433237.0,231.1544
2025-12-30 13:30:00,1767119400000,231.18,231.36,231.0801,231.18,364504.0,231.2237
2025-12-30 13:45:00,1767120300000,231.18,231.36,231.14,231.25,289231.0,231.2704
2025-12-30 14:00:00,1767121200000,231.2625,231.52,231.13,231.51,932169.0,231.2601
2025-12-30 14:15:00,1767122100000,231.505,231.86,231.49,231.6999,550100.0,231.7117
2025-12-30 14:30:00,1767123000000,231.7,231.77,231.52,231.6324,418585.0,231.658
2025-12-30 14:45:00,1767123900000,231.65,231.69,231.4577,231.5051,382953.0,231.5531
2025-12-30 15:00:00,1767124800000,231.5,231.545,231.23,231.3923,655344.0,231.4257
2025-12-30 15:15:00,1767125700000,231.39,231.8,231.375,231.74,572764.0,231.6555
2025-12-30 15:30:00,1767126600000,231.75,232.05,231.75,232.02,868533.0,231.9279
2025-12-30 15:45:00,1767127500000,232.02,232.77,232.0,232.4899,2695146.0,232.4629
2025-12-30 16:00:00,1767128400000,232.53,232.6,232.3,232.5,196674.0,232.5239
2025-12-30 16:15:00,1767129300000,232.48,233.41,232.39,232.45,114061.0,232.7114
2025-12-30 16:30:00,1767130200000,232.46,232.46,232.1083,232.4,25407.0,232.2505
2025-12-30 16:45:00,1767131100000,232.4232,232.55,232.38,232.45,13883.0,232.4197
2025-12-30 17:00:00,1767132000000,232.4027,232.4882,232.4,232.42,7129.0,232.3634
2025-12-30 17:15:00,1767132900000,232.42,232.5,232.39,232.4901,15179.0,232.5348
2025-12-30 17:30:00,1767133800000,232.5,232.6,232.5,232.53,9331.0,232.7102
2025-12-30 17:45:00,1767134700000,232.5252,232.53,232.5,232.51,4400.0,232.5131
2025-12-30 18:00:00,1767135600000,232.51,232.52,232.5,232.5,16975.0,232.5095
2025-12-30 18:15:00,1767136500000,232.31,232.49,232.31,232.4501,2523.0,232.4235
2025-12-30 18:30:00,1767137400000,232.4197,232.42,232.33,232.33,6366.0,232.394
2025-12-30 18:45:00,1767138300000,232.37,232.45,232.3588,232.44,6490.0,232.3968
2025-12-30 19:00:00,1767139200000,232.3747,232.45,232.25,232.25,7030.0,232.3883
2025-12-30 19:15:00,1767140100000,232.28,232.36,232.28,232.29,6854.0,232.3236
2025-12-30 19:30:00,1767141000000,232.31,232.52,232.3,232.42,8598.0,232.3906
2025-12-30 19:45:00,1767141900000,232.36,232.42,232.15,232.34,7325.0,232.2527
2025-12-31 04:00:00,1767171600000,231.7,232.3,231.7,231.9,16815.0,232.1559
2025-12-31 04:15:00,1767172500000,232.01,232.01,232.0,232.01,986.0,232.0159
2025-12-31 04:30:00,1767173400000,232.18,232.18,232.18,232.18,314.0,232.1831
2025-12-31 04:45:00,1767174300000,232.32,232.37,232.32,232.36,566.0,232.3506
2025-12-31 05:00:00,1767175200000,232.0,232.0,232.0,232.0,372.0,231.999
2025-12-31 05:30:00,1767177000000,232.08,232.08,232.07,232.07,839.0,232.0689
2025-12-31 05:45:00,1767177900000,232.1,232.1,232.1,232.1,224.0,232.1048
2025-12-31 06:00:00,1767178800000,232.24,232.34,232.24,232.34,749.0,232.2621
2025-12-31 06:30:00,1767180600000,232.17,232.35,232.15,232.15,3675.0,232.2267
2025-12-31 06:45:00,1767181500000,232.17,232.17,232.08,232.11,871.0,232.122
2025-12-31 07:00:00,1767182400000,232.14,232.25,232.09,232.18,4018.0,232.1797
2025-12-31 07:15:00,1767183300000,232.16,232.35,232.16,232.28,1451.0,232.2584
2025-12-31 07:30:00,1767184200000,232.25,232.27,232.13,232.21,3093.0,232.2207
2025-12-31 07:45:00,1767185100000,232.26,232.3,232.26,232.3,2319.0,232.2684
2025-12-31 08:00:00,1767186000000,232.13,232.48,231.27,232.4508,42747.0,232.0233
2025-12-31 08:15:00,1767186900000,232.4043,232.45,232.28,232.4,9726.0,232.4132
2025-12-31 08:30:00,1767187800000,232.4599,232.5,232.33,232.486,21286.0,232.4418
2025-12-31 08:45:00,1767188700000,232.486,232.85,232.45,232.6,42808.0,232.6498
2025-12-31 09:00:00,1767189600000,232.7,232.75,232.6,232.61,29406.0,232.6596
2025-12-31 09:15:00,1767190500000,232.6,233.2,232.4209,232.97,31122.0,232.7202
2025-12-31 09:30:00,1767191400000,232.905,232.99,231.74,232.1673,1595837.0,232.2247
2025-12-31 09:45:00,1767192300000,232.15,232.415,231.7302,231.93,863009.0,232.027
2025-12-31 10:00:00,1767193200000,231.9,232.39,231.74,232.12,629774.0,232.1072
2025-12-31 10:15:00,1767194100000,232.1245,232.14,231.73,231.8588,510134.0,231.9101
2025-12-31 10:30:00,1767195000000,231.83,231.89,231.31,231.4,633630.0,231.5803
2025-12-31 10:45:00,1767195900000,231.4,231.42,230.8801,231.005,878528.0,231.1282
2025-12-31 11:00:00,1767196800000,230.99,231.1,230.72,230.87,656794.0,230.8709
2025-12-31 11:15:00,1767197700000,230.8723,231.22,230.845,231.21,569113.0,231.0195
2025-12-31 11:30:00,1767198600000,231.22,231.2799,230.96,231.1977,416765.0,231.1364
2025-12-31 11:45:00,1767199500000,231.19,231.5317,231.15,231.475,406651.0,231.3497
2025-12-31 12:00:00,1767200400000,231.48,231.49,231.1601,231.24,344897.0,231.3073
2025-12-31 12:15:00,1767201300000,231.23,231.41,231.16,231.36,331053.0,231.2988
2025-12-31 12:30:00,1767202200000,231.3599,231.54,231.3177,231.46,398107.0,231.4149
2025-12-31 12:45:00,1767203100000,231.46,231.49,231.33,231.4599,424101.0,231.4032
2025-12-31 13:00:00,1767204000000,231.45,231.55,231.34,231.5431,401293.0,231.4489
2025-12-31 13:15:00,1767204900000,231.55,231.65,231.34,231.65,362557.0,231.4696
2025-12-31 13:30:00,1767205800000,231.6501,232.0,231.62,231.9901,516243.0,231.8111
2025-12-31 13:45:00,1767206700000,232.0,232.19,231.955,232.045,529310.0,232.0478
2025-12-31 14:00:00,1767207600000,232.05,232.21,232.0397,232.14,433472.0,232.1161
2025-12-31 14:15:00,1767208500000,232.145,232.18,231.88,231.9,463690.0,232.0691
2025-12-31 14:30:00,1767209400000,231.89,231.97,231.32,231.4802,731517.0,231.5457
2025-12-31 14:45:00,1767210300000,231.47,232.0547,231.05,231.22,450733.0,231.3108
2025-12-31 15:00:00,1767211200000,231.23,231.23,230.12,230.94,648790.0,230.9497
2025-12-31 15:15:00,1767212100000,230.935,231.05,230.68,230.78,528479.0,230.8359
2025-12-31 15:30:00,1767213000000,230.79,231.19,230.72,231.07,617192.0,231.0116
2025-12-31 15:45:00,1767213900000,231.07,231.2398,230.7,230.84,2004349.0,230.9566
2025-12-31 16:00:00,1767214800000,230.82,231.02,230.81,230.85,495762.0,230.8275
2025-12-31 16:15:00,1767215700000,230.87,230.87,230.79,230.81,21198.0,230.8227
2025-12-31 16:30:00,1767216600000,230.82,230.84,230.5,230.75,8722.0,230.7492
2025-12-31 16:45:00,1767217500000,230.7,230.75,230.7,230.73,4951.0,230.7243
2025-12-31 17:00:00,1767218400000,230.7,230.75,230.7,230.73,11981.0,230.6944
2025-12-31 17:15:00,1767219300000,230.71,230.82,230.65,230.81,9824.0,230.7476
2025-12-31 17:30:00,1767220200000,230.77,230.87,230.72,230.86,15228.0,230.7942
2025-12-31 17:45:00,1767221100000,230.8,230.82,230.7,230.7999,11126.0,230.7445
2025-12-31 18:00:00,1767222000000,230.8201,230.86,230.82,230.8395,3950.0,230.85
2025-12-31 18:15:00,1767222900000,230.83,230.84,230.8155,230.82,1990.0,230.827
2025-12-31 18:30:00,1767223800000,230.8201,230.8201,230.81,230.82,2766.0,230.8157
2025-12-31 18:45:00,1767224700000,230.88,230.88,230.8214,230.85,3368.0,230.8488
2025-12-31 19:00:00,1767225600000,230.8486,230.88,230.8486,230.8632,3187.0,230.8692
2025-12-31 19:15:00,1767226500000,230.88,230.94,230.82,230.82,2285.0,230.8696
2025-12-31 19:30:00,1767227400000,230.88,230.89,230.82,230.82,1473.0,230.8603
2025-12-31 19:45:00,1767228300000,230.85,230.88,230.81,230.88,4832.0,230.8519
2026-01-02 04:00:00,1767344400000,232.85,233.48,232.67,233.46,11002.0,233.1715
2026-01-02 04:15:00,1767345300000,233.48,233.49,233.33,233.38,2940.0,233.4014
2026-01-02 04:30:00,1767346200000,233.33,233.34,233.26,233.26,1035.0,233.2841
2026-01-02 04:45:00,1767347100000,233.24,233.24,233.0,233.0,5036.0,233.1288
2026-01-02 05:00:00,1767348000000,233.0,233.0,232.79,233.0,3694.0,232.9631
2026-01-02 05:15:00,1767348900000,233.07,233.07,233.06,233.06,1708.0,233.0319
2026-01-02 05:30:00,1767349800000,232.87,233.28,232.86,233.28,10069.0,232.9899
2026-01-02 05:45:00,1767350700000,233.29,233.36,233.29,233.3,10132.0,233.3095
2026-01-02 06:00:00,1767351600000,233.31,233.35,233.19,233.19,4550.0,233.2755
2026-01-02 06:15:00,1767352500000,233.21,233.21,232.9,232.9,4598.0,233.0724
2026-01-02 06:30:00,1767353400000,232.92,232.92,232.71,232.71,6634.0,232.8109
2026-01-02 07:00:00,1767355200000,232.85,232.88,232.44,232.6,16587.0,232.6315
2026-01-02 07:15:00,1767356100000,232.6,232.88,232.6,232.8,10125.0,232.7569
2026-01-02 07:30:00,1767357000000,232.8,232.87,232.73,232.87,6680.0,232.8029
2026-01-02 07:45:00,1767357900000,232.87,232.9,232.76,232.76,21907.0,232.8179
2026-01-02 08:00:00,1767358800000,232.89,233.48,230.82,232.8578,206909.0,232.0965
2026-01-02 08:15:00,1767359700000,232.77,232.9,232.66,232.71,23569.0,232.7838
2026-01-02 08:30:00,1767360600000,232.66,232.73,232.41,232.55,39151.0,232.5658
2026-01-02 08:45:00,1767361500000,232.55,232.9,232.45,232.66,24015.0,232.6647
2026-01-02 09:00:00,1767362400000,232.64,232.75,231.99,232.0,59904.0,232.2793
2026-01-02 09:15:00,1767363300000,232.07,232.13,230.78,231.09,183279.0,231.3441
2026-01-02 09:30:00,1767364200000,231.34,234.88,231.0,234.79,4788415.0,233.0212
2026-01-02 09:45:00,1767365100000,234.795,235.458,232.74,232.815,3548889.0,234.1521
2026-01-02 10:00:00,1767366000000,232.815,233.0363,228.82,229.15,3719372.0,231.0551
2026-01-02 10:15:00,1767366900000,229.13,229.1842,226.86,227.525,3360945.0,227.7085
2026-01-02 10:30:00,1767367800000,227.51,228.51,227.25,228.4399,2503944.0,228.0667
2026-01-02 10:45:00,1767368700000,228.44,228.71,225.5,225.7599,2626155.0,226.8517
2026-01-02 11:00:00,1767369600000,225.75,225.88,224.82,225.6399,2381351.0,225.4373
2026-01-02 11:15:00,1767370500000,225.615,226.33,225.07,225.89,1967216.0,225.7027
2026-01-02 11:30:00,1767371400000,225.87,226.69,225.6,225.67,1419875.0,226.166
2026-01-02 11:45:00,1767372300000,225.64,226.02,225.37,225.72,1089219.0,225.6383
2026-01-02 12:00:00,1767373200000,225.71,226.56,225.63,226.47,1031559.0,226.0772
2026-01-02 12:15:00,1767374100000,226.5,226.88,226.26,226.7065,1220681.0,226.6119
2026-01-02 12:30:00,1767375000000,226.69,226.85,226.192,226.305,845083.0,226.6304
2026-01-02 12:45:00,1767375900000,226.34,226.48,225.84,225.985,941792.0,226.1452
2026-01-02 13:00:00,1767376800000,225.98,226.415,225.72,225.868,797984.0,226.0443
2026-01-02 13:15:00,1767377700000,225.855,226.04,225.51,225.62,642339.0,225.8217
2026-01-02 13:30:00,1767378600000,225.61,225.76,225.35,225.54,710783.0,225.5534
2026-01-02 13:45:00,1767379500000,225.56,225.655,224.7,225.14,1114486.0,225.0807
2026-01-02 14:00:00,1767380400000,225.15,226.3999,225.13,226.36,913635.0,225.7768
2026-01-02 14:15:00,1767381300000,226.34,226.6,226.02,226.45,860525.0,226.3089
2026-01-02 14:30:00,1767382200000,226.45,226.77,226.41,226.4112,801004.0,226.6123
2026-01-02 14:45:00,1767383100000,226.405,226.57,226.18,226.32,676512.0,226.4359
2026-01-02 15:00:00,1767384000000,226.31,226.68,226.2,226.4432,838390.0,226.4777
2026-01-02 15:15:00,1767384900000,226.455,226.7452,226.41,226.48,821703.0,226.5589
2026-01-02 15:30:00,1767385800000,226.48,226.51,226.14,226.15,957382.0,226.3708
2026-01-02 15:45:00,1767386700000,226.16,226.74,226.0,226.5,2919956.0,226.3585
2026-01-02 16:00:00,1767387600000,226.5,226.73,226.37,226.5101,662575.0,226.5061
2026-01-02 16:15:00,1767388500000,226.51,226.6,226.45,226.53,19861.0,226.5537
2026-01-02 16:30:00,1767389400000,226.6,226.63,226.53,226.6296,14285.0,226.5943
2026-01-02 16:45:00,1767390300000,226.61,226.63,226.4664,226.58,23972.0,226.5767
2026-01-02 17:00:00,1767391200000,226.58,226.68,226.51,226.68,19051.0,226.5315
2026-01-02 17:15:00,1767392100000,226.62,226.65,226.58,226.59,7094.0,226.619
2026-01-02 17:30:00,1767393000000,226.6,226.63,226.52,226.63,7014.0,226.5393
2026-01-02 17:45:00,1767393900000,226.6494,226.6799,226.6,226.6,14447.0,226.5695
2026-01-02 18:00:00,1767394800000,226.58,226.68,226.52,226.5583,14209.0,226.5725
2026-01-02 18:15:00,1767395700000,226.56,226.6,226.53,226.5845,4736.0,226.5735
2026-01-02 18:30:00,1767396600000,226.6,226.7,226.58,226.7,10144.0,226.6063
2026-01-02 18:45:00,1767397500000,226.6982,226.7,226.6664,226.68,2477.0,226.6899
2026-01-02 19:00:00,1767398400000,226.7,226.7,226.6699,226.6699,5420.0,226.6806
2026-01-02 19:15:00,1767399300000,226.68,226.68,226.62,226.6499,4550.0,226.6541
2026-01-02 19:30:00,1767400200000,226.65,226.672,226.62,226.6297,11844.0,226.6373
2026-01-02 19:45:00,1767401100000,226.62,226.68,226.61,226.65,11761.0,226.6327
2026-01-05 04:00:00,1767603600000,227.0,227.65,227.0,227.51,26182.0,227.4126
2026-01-05 04:15:00,1767604500000,227.47,227.47,227.1,227.11,10544.0,227.2592
2026-01-05 04:30:00,1767605400000,227.1,227.27,227.1,227.27,4387.0,227.2001
2026-01-05 04:45:00,1767606300000,227.3,227.35,227.21,227.26,5565.0,227.2713
2026-01-05 05:00:00,1767607200000,227.27,227.4,227.2,227.4,14051.0,227.3367
2026-01-05 05:15:00,1767608100000,227.42,227.44,227.35,227.38,6585.0,227.3943
2026-01-05 05:30:00,1767609000000,227.32,227.46,227.32,227.4,4407.0,227.4046
2026-01-05 05:45:00,1767609900000,227.38,227.48,227.28,227.3,8571.0,227.354
2026-01-05 06:00:00,1767610800000,227.35,227.35,227.25,227.3,4073.0,227.3122
2026-01-05 06:15:00,1767611700000,227.29,227.36,226.99,227.12,22908.0,227.159
2026-01-05 06:30:00,1767612600000,227.06,227.25,226.9,227.15,5989.0,227.0913
2026-01-05 06:45:00,1767613500000,227.17,227.49,227.17,227.4,17029.0,227.3755
2026-01-05 07:00:00,1767614400000,227.4,227.45,227.19,227.35,44366.0,227.3317
2026-01-05 07:15:00,1767615300000,227.42,227.56,227.26,227.28,18955.0,227.4402
2026-01-05 07:30:00,1767616200000,227.25,227.44,227.19,227.27,28792.0,227.2965
2026-01-05 07:45:00,1767617100000,227.29,227.43,227.2,227.25,9401.0,227.3039
2026-01-05 08:00:00,1767618000000,227.42,227.65,225.934,227.49,223233.0,227.1302
2026-01-05 08:15:00,1767618900000,227.5,227.5,227.0,227.08,34341.0,227.2321
2026-01-05 08:30:00,1767619800000,227.17,227.4,227.09,227.33,33169.0,227.305
2026-01-05 08:45:00,1767620700000,227.33,227.67,227.25,227.54,53342.0,227.5222
2026-01-05 09:00:00,1767621600000,227.6488,227.84,227.5873,227.78,75704.0,227.738
2026-01-05 09:15:00,1767622500000,227.8,229.0,227.75,229.0,194815.0,228.2326
2026-01-05 09:30:00,1767623400000,228.84,231.47,227.18,231.23,5317010.0,229.0738
2026-01-05 09:45:00,1767624300000,231.25,232.0,230.38,230.95,3261315.0,231.1278
2026-01-05 10:00:00,1767625200000,230.94,232.54,230.81,232.4,3080040.0,231.6598
2026-01-05 10:15:00,1767626100000,232.42,233.56,232.41,233.22,2567524.0,233.084
2026-01-05 10:30:00,1767627000000,233.21,233.4,231.85,231.91,1811640.0,232.6327
2026-01-05 10:45:00,1767627900000,231.92,232.28,231.64,231.845,1127005.0,231.9973
2026-01-05 11:00:00,1767628800000,231.83,232.13,231.35,231.78,1176785.0,231.7417
2026-01-05 11:15:00,1767629700000,231.773,232.32,231.61,232.25,1348475.0,231.9944
2026-01-05 11:30:00,1767630600000,232.26,232.8,232.11,232.5,1324523.0,232.4708
2026-01-05 11:45:00,1767631500000,232.48,233.0,232.46,232.75,1017333.0,232.8205
2026-01-05 12:00:00,1767632400000,232.77,233.85,232.76,233.669,1537449.0,233.4178
2026-01-05 12:15:00,1767633300000,233.68,233.715,232.87,233.19,1168381.0,233.0979
2026-01-05 12:30:00,1767634200000,233.16,233.69,232.9,233.65,926999.0,233.4314
2026-01-05 12:45:00,1767635100000,233.64,234.0,233.34,233.43,931443.0,233.6444
2026-01-05 13:00:00,1767636000000,233.44,233.71,232.58,232.855,912903.0,233.0703
2026-01-05 13:15:00,1767636900000,232.85,232.8798,232.4101,232.63,680054.0,232.6151
2026-01-05 13:30:00,1767637800000,232.625,232.7,232.46,232.58,493346.0,232.5892
2026-01-05 13:45:00,1767638700000,232.5799,232.76,232.41,232.7,698109.0,232.6034
2026-01-05 14:00:00,1767639600000,232.7039,233.345,232.68,233.34,821960.0,233.0642
2026-01-05 14:15:00,1767640500000,233.345,233.45,232.79,232.82,724492.0,233.0888
2026-01-05 14:30:00,1767641400000,232.81,232.9,232.3767,232.3987,608181.0,232.651
2026-01-05 14:45:00,1767642300000,232.405,232.86,232.38,232.76,630322.0,232.6461
2026-01-05 15:00:00,1767643200000,232.75,233.11,232.74,232.81,671950.0,232.9784
2026-01-05 15:15:00,1767644100000,232.8112,232.96,232.58,232.65,754358.0,232.7922
2026-01-05 15:30:00,1767645000000,232.64,232.82,232.56,232.705,904749.0,232.6893
2026-01-05 15:45:00,1767645900000,232.7,233.175,232.28,233.05,3239526.0,232.8412
2026-01-05 16:00:00,1767646800000,233.06,233.06,232.242,232.84,345168.0,233.0353
2026-01-05 16:15:00,1767647700000,232.79,232.93,232.7241,232.78,16793.0,232.8274
2026-01-05 16:30:00,1767648600000,232.78,233.06,232.65,233.06,16957.0,232.8253
2026-01-05 16:45:00,1767649500000,232.72,233.06,232.65,232.68,10971.0,232.7828
2026-01-05 17:00:00,1767650400000,232.7445,232.85,232.7411,232.84,5643.0,232.7986
2026-01-05 17:15:00,1767651300000,232.78,232.83,232.75,232.75,5805.0,232.5875
2026-01-05 17:30:00,1767652200000,232.78,232.84,232.7,232.73,5219.0,232.7096
2026-01-05 17:45:00,1767653100000,232.84,232.98,232.8,232.9001,6081.0,232.9002
2026-01-05 18:00:00,1767654000000,232.92,232.95,232.72,232.84,3628.0,232.8291
2026-01-05 18:15:00,1767654900000,232.8,232.89,232.8,232.87,1642.0,232.8518
2026-01-05 18:30:00,1767655800000,232.86,232.87,232.7,232.75,3437.0,232.8169
2026-01-05 18:45:00,1767656700000,232.85,232.8999,232.78,232.85,2628.0,232.8536
2026-01-05 19:00:00,1767657600000,232.89,232.95,232.87,232.9,4176.0,232.8889
2026-01-05 19:15:00,1767658500000,232.76,232.8,232.71,232.71,2606.0,232.7422
2026-01-05 19:30:00,1767659400000,232.81,232.9012,232.7748,232.9012,4633.0,232.8286
2026-01-05 19:45:00,1767660300000,232.75,232.9,232.75,232.9,8126.0,232.8149
2026-01-06 04:00:00,1767690000000,233.06,233.06,232.57,232.8,3268.0,232.7619
2026-01-06 04:30:00,1767691800000,232.67,232.75,232.67,232.75,550.0,232.7007
2026-01-06 04:45:00,1767692700000,232.8,233.7,232.69,233.7,16087.0,233.0533
2026-01-06 05:00:00,1767693600000,233.53,233.53,232.68,232.68,4004.0,232.9479
2026-01-06 05:15:00,1767694500000,232.74,232.74,232.51,232.55,7737.0,232.5739
2026-01-06 05:30:00,1767695400000,232.55,232.75,232.52,232.75,1473.0,232.6
2026-01-06 05:45:00,1767696300000,232.7,232.7,232.61,232.63,1343.0,232.6397
2026-01-06 06:00:00,1767697200000,232.67,232.67,232.6,232.67,1489.0,232.6621
2026-01-06 06:15:00,1767698100000,232.65,232.65,232.65,232.65,158.0,232.6508
2026-01-06 06:30:00,1767699000000,232.75,232.75,232.75,232.75,200.0,232.7577
2026-01-06 07:00:00,1767700800000,232.7,232.98,232.65,232.96,8805.0,232.834
2026-01-06 07:15:00,1767701700000,232.95,232.98,232.65,232.74,9820.0,232.8167
2026-01-06 07:30:00,1767702600000,232.88,233.05,232.86,233.05,8308.0,232.9615
2026-01-06 07:45:00,1767703500000,233.17,233.28,233.02,233.28,7648.0,233.1512
2026-01-06 08:00:00,1767704400000,232.85,233.83,232.44,233.0,99642.0,233.068
2026-01-06 08:15:00,1767705300000,233.0,233.19,232.85,232.87,7703.0,232.9296
2026-01-06 08:30:00,1767706200000,232.85,233.06,232.7927,232.9978,15106.0,232.9333
2026-01-06 08:45:00,1767707100000,232.78,233.22,232.55,233.2172,23554.0,232.8692
2026-01-06 09:00:00,1767708000000,233.34,233.34,232.5,232.85,41455.0,232.8644
2026-01-06 09:15:00,1767708900000,232.8,232.82,231.74,232.1,71263.0,232.1911
2026-01-06 09:30:00,1767709800000,232.1,235.17,232.07,234.87,3620396.0,233.7827
2026-01-06 09:45:00,1767710700000,234.885,236.961,234.49,236.905,2287295.0,235.8192
2026-01-06 10:00:00,1767711600000,236.905,237.17,235.635,236.37,1936019.0,236.3392
2026-01-06 10:15:00,1767712500000,236.36,237.43,236.1,237.33,1401342.0,236.8975
2026-01-06 10:30:00,1767713400000,237.31,238.44,237.1,238.16,2069347.0,237.8642
2026-01-06 10:45:00,1767714300000,238.16,238.63,237.65,238.12,1814468.0,238.117
2026-01-06 11:00:00,1767715200000,238.1,238.38,237.4616,237.8,1424370.0,237.9219
2026-01-06 11:15:00,1767716100000,237.79,238.86,237.59,238.67,1636478.0,238.3115
2026-01-06 11:30:00,1767717000000,238.6885,238.891,237.71,238.44,1506999.0,238.4089
2026-01-06 11:45:00,1767717900000,238.4305,238.96,238.34,238.7065,1056281.0,238.7097
2026-01-06 12:00:00,1767718800000,238.69,240.5,238.66,240.42,2144996.0,239.7049
2026-01-06 12:15:00,1767719700000,240.43,242.6599,240.36,242.2301,3077112.0,241.3856
2026-01-06 12:30:00,1767720600000,242.255,243.18,241.6,242.2576,3078160.0,242.4212
2026-01-06 12:45:00,1767721500000,242.255,242.29,241.46,241.86,1667856.0,241.7562
2026-01-06 13:00:00,1767722400000,241.874,242.46,241.46,241.7899,1460439.0,241.9273
2026-01-06 13:15:00,1767723300000,241.79,241.98,241.58,241.92,1031774.0,241.8146
2026-01-06 13:30:00,1767724200000,241.93,242.2999,241.3697,241.82,1182066.0,241.8367
2026-01-06 13:45:00,1767725100000,241.82,242.61,241.75,241.97,1158545.0,242.3182
2026-01-06 14:00:00,1767726000000,241.945,242.07,241.073,241.1,977884.0,241.4657
2026-01-06 14:15:00,1767726900000,241.095,241.34,240.87,241.03,877161.0,241.1283
2026-01-06 14:30:00,1767727800000,241.03,241.04,240.5,240.94,1065600.0,240.7264
2026-01-06 14:45:00,1767728700000,240.936,241.7011,240.92,241.595,1078859.0,241.3905
2026-01-06 15:00:00,1767729600000,241.61,241.82,241.48,241.65,1000984.0,241.6844
2026-01-06 15:15:00,1767730500000,241.63,241.67,240.61,240.86,1299456.0,241.0071
2026-01-06 15:30:00,1767731400000,240.85,241.75,240.76,241.6099,1400586.0,241.2616
2026-01-06 15:45:00,1767732300000,241.59,241.62,240.6,240.88,3531043.0,240.9779
2026-01-06 16:00:00,1767733200000,240.93,241.9,240.52,241.0,1184978.0,240.9382
2026-01-06 16:15:00,1767734100000,240.935,241.04,240.76,240.891,39703.0,240.9649
2026-01-06 16:30:00,1767735000000,240.93,240.97,240.8,240.89,23903.0,240.8557
2026-01-06 16:45:00,1767735900000,240.85,240.93,240.8,240.9,22434.0,240.8561
2026-01-06 17:00:00,1767736800000,240.82,240.93,240.55,240.9,22745.0,240.7353
2026-01-06 17:15:00,1767737700000,240.85,240.91,240.75,240.91,14611.0,240.8454
2026-01-06 17:30:00,1767738600000,240.91,240.91,240.7515,240.8,10136.0,240.7814
2026-01-06 17:45:00,1767739500000,240.9,241.0,240.84,240.9516,14632.0,240.9487
2026-01-06 18:00:00,1767740400000,240.95,241.2224,240.8,241.0751,21446.0,240.9962
2026-01-06 18:15:00,1767741300000,241.1,241.19,241.0,241.1782,11188.0,241.0819
2026-01-06 18:30:00,1767742200000,241.1836,241.29,241.01,241.0501,17128.0,241.1289
2026-01-06 18:45:00,1767743100000,241.1,241.2394,241.099,241.21,17678.0,241.1387
2026-01-06 19:00:00,1767744000000,241.18,241.36,241.16,241.2,7394.0,241.2487
2026-01-06 19:15:00,1767744900000,241.29,241.45,241.1601,241.42,8455.0,241.3271
2026-01-06 19:30:00,1767745800000,241.41,241.44,241.18,241.18,9626.0,241.2997
2026-01-06 19:45:00,1767746700000,241.24,241.44,241.1201,241.35,21715.0,241.3345
2026-01-07 04:00:00,1767776400000,240.25,240.5,239.75,239.94,18831.0,240.0029
2026-01-07 04:15:00,1767777300000,239.95,239.96,239.6,239.67,15748.0,239.7286
2026-01-07 04:30:00,1767778200000,239.67,239.98,239.67,239.7,6721.0,239.8223
2026-01-07 04:45:00,1767779100000,239.77,239.77,239.71,239.77,1502.0,239.7476
2026-01-07 05:00:00,1767780000000,239.88,239.88,239.88,239.88,1921.0,239.863
2026-01-07 05:15:00,1767780900000,239.7,239.9,239.67,239.83,4038.0,239.7984
2026-01-07 05:30:00,1767781800000,239.82,239.93,239.8,239.9,5138.0,239.8668
2026-01-07 05:45:00,1767782700000,239.9,240.19,239.9,240.04,4691.0,240.0219
2026-01-07 06:00:00,1767783600000,240.17,240.2,240.17,240.18,1363.0,240.1756
2026-01-07 06:30:00,1767785400000,240.01,240.15,240.01,240.12,3000.0,240.1064
2026-01-07 06:45:00,1767786300000,240.18,240.2,240.12,240.2,1431.0,240.1561
2026-01-07 07:00:00,1767787200000,240.32,240.35,240.12,240.3,10777.0,240.2677
2026-01-07 07:15:00,1767788100000,240.34,240.49,240.26,240.34,11030.0,240.4003
2026-01-07 07:30:00,1767789000000,240.3,240.43,240.12,240.43,13764.0,240.2571
2026-01-07 07:45:00,1767789900000,240.45,240.8,240.45,240.51,10456.0,240.6299
2026-01-07 08:00:00,1767790800000,239.98,240.8,239.55,240.57,237901.0,240.6697
2026-01-07 08:15:00,1767791700000,240.51,240.8,240.45,240.76,28420.0,240.7165
2026-01-07 08:30:00,1767792600000,240.79,240.93,240.62,240.84,20697.0,240.8133
2026-01-07 08:45:00,1767793500000,240.8,240.82,240.62,240.76,19359.0,240.7122
2026-01-07 09:00:00,1767794400000,240.7984,240.8,240.46,240.46,33517.0,240.6118
2026-01-07 09:15:00,1767795300000,240.5,240.69,239.5,239.76,102039.0,239.9755
2026-01-07 09:30:00,1767796200000,239.61,243.5,239.52,242.6,4704555.0,241.5859
2026-01-07 09:45:00,1767797100000,242.61,243.74,242.15,243.61,2469890.0,243.0195
2026-01-07 10:00:00,1767798000000,243.62,243.93,242.51,243.77,2056646.0,243.2156
2026-01-07 10:15:00,1767798900000,243.78,243.78,242.2,242.43,1410735.0,242.6903
2026-01-07 10:30:00,1767799800000,242.43,243.755,242.41,243.16,1297145.0,243.1878
2026-01-07 10:45:00,1767800700000,243.195,244.28,243.02,244.2712,1321360.0,243.6966
2026-01-07 11:00:00,1767801600000,244.2612,244.8,243.82,243.975,1356191.0,244.3227
2026-01-07 11:15:00,1767802500000,243.98,244.06,243.39,243.49,1124684.0,243.779
2026-01-07 11:30:00,1767803400000,243.52,243.605,242.9845,243.15,1000613.0,243.2079
2026-01-07 11:45:00,1767804300000,243.14,244.167,242.96,244.1,1035869.0,243.6208
2026-01-07 12:00:00,1767805200000,244.11,244.3208,243.72,244.285,882102.0,244.0582
2026-01-07 12:15:00,1767806100000,244.27,244.73,244.0,244.418,1097308.0,244.3422
2026-01-07 12:30:00,1767807000000,244.43,245.05,244.13,244.9,1580892.0,244.6555
2026-01-07 12:45:00,1767807900000,244.9,245.29,244.078,245.12,1453876.0,244.6113
2026-01-07 13:00:00,1767808800000,245.12,245.25,244.91,245.065,989613.0,245.0468
2026-01-07 13:15:00,1767809700000,245.075,245.11,244.5351,244.9,854401.0,244.8705
2026-01-07 13:30:00,1767810600000,244.9,245.21,244.79,245.12,690588.0,245.0278
2026-01-07 13:45:00,1767811500000,245.11,245.25,244.26,244.3,1210610.0,244.9214
2026-01-07 14:00:00,1767812400000,244.3,244.31,243.38,243.57,799670.0,243.9358
2026-01-07 14:15:00,1767813300000,243.56,243.56,242.78,243.25,949585.0,243.1454
2026-01-07 14:30:00,1767814200000,243.26,243.7699,243.24,243.55,764732.0,243.5681
2026-01-07 14:45:00,1767815100000,243.555,243.585,242.465,242.465,733549.0,243.1184
2026-01-07 15:00:00,1767816000000,242.46,242.63,241.95,242.09,1104287.0,242.3062
2026-01-07 15:15:00,1767816900000,242.07,242.745,241.92,242.56,1093724.0,242.3867
2026-01-07 15:30:00,1767817800000,242.55,242.66,241.71,242.12,1103605.0,242.1539
2026-01-07 15:45:00,1767818700000,242.14,242.2,241.5208,241.575,2690000.0,241.769
2026-01-07 16:00:00,1767819600000,241.56,241.7466,241.49,241.66,274540.0,241.5616
2026-01-07 16:15:00,1767820500000,241.6,241.67,241.4635,241.53,26294.0,241.5935
2026-01-07 16:30:00,1767821400000,241.5024,241.6,241.41,241.57,5544.0,241.5004
2026-01-07 16:45:00,1767822300000,241.6,241.67,241.6,241.6438,24067.0,241.646
2026-01-07 17:00:00,1767823200000,241.65,241.67,241.5,241.63,8257.0,241.6185
2026-01-07 17:15:00,1767824100000,241.58,241.63,241.5,241.59,5518.0,241.5759
2026-01-07 17:30:00,1767825000000,241.6199,241.67,241.51,241.63,13109.0,241.6258
2026-01-07 17:45:00,1767825900000,241.67,241.67,241.56,241.65,4148.0,241.6201
2026-01-07 18:00:00,1767826800000,241.67,241.7,241.3501,241.4,11925.0,241.5344
2026-01-07 18:15:00,1767827700000,241.4,241.56,241.3208,241.56,7169.0,241.4019
2026-01-07 18:30:00,1767828600000,241.5,241.55,241.43,241.53,8521.0,241.5024
2026-01-07 18:45:00,1767829500000,241.4164,241.56,241.39,241.39,5471.0,241.4703
2026-01-07 19:00:00,1767830400000,241.534,241.55,241.4,241.49,3324.0,241.5006
2026-01-07 19:15:00,1767831300000,241.55,241.5909,241.3,241.3,8123.0,241.4398
2026-01-07 19:30:00,1767832200000,241.4923,241.63,241.4,241.63,5881.0,241.5594
2026-01-07 19:45:00,1767833100000,241.62,241.63,241.51,241.63,12276.0,241.5923
2026-01-08 04:00:00,1767862800000,241.2,241.6,240.7,241.06,13269.0,241.0045
2026-01-08 04:15:00,1767863700000,240.8,241.42,240.8,241.42,6809.0,241.0452
2026-01-08 04:30:00,1767864600000,241.14,241.18,240.93,240.93,3572.0,241.0411
2026-01-08 04:45:00,1767865500000,240.98,241.56,240.94,241.56,7361.0,241.2588
2026-01-08 05:00:00,1767866400000,241.41,241.56,241.2,241.2,8123.0,241.4629
2026-01-08 05:15:00,1767867300000,241.2,242.15,241.2,241.81,29491.0,241.6885
2026-01-08 05:30:00,1767868200000,241.71,242.68,241.7,242.31,8677.0,242.2013
2026-01-08 05:45:00,1767869100000,241.88,242.76,241.88,242.61,13113.0,242.3776
2026-01-08 06:00:00,1767870000000,242.45,242.66,242.45,242.66,6015.0,242.5525
2026-01-08 06:15:00,1767870900000,242.62,243.44,242.6,243.33,10171.0,242.9642
2026-01-08 06:30:00,1767871800000,242.68,243.5,241.0,242.75,19983.0,242.5525
2026-01-08 06:45:00,1767872700000,242.6,242.96,242.45,242.45,7084.0,242.7493
2026-01-08 07:00:00,1767873600000,242.29,242.31,241.88,242.0,14484.0,242.0497
2026-01-08 07:15:00,1767874500000,242.14,242.5,242.14,242.5,8202.0,242.3278
2026-01-08 07:30:00,1767875400000,242.45,242.5,242.0,242.0,9157.0,242.2754
2026-01-08 07:45:00,1767876300000,241.94,242.21,241.94,242.19,3198.0,242.0717
2026-01-08 08:00:00,1767877200000,241.95,243.45,239.52,242.06,121058.0,241.3104
2026-01-08 08:15:00,1767878100000,242.09,243.69,242.09,243.49,107223.0,243.1445
2026-01-08 08:30:00,1767879000000,243.46,243.98,243.01,243.63,128271.0,242.8034
2026-01-08 08:45:00,1767879900000,243.6,243.75,242.99,243.57,63595.0,243.3235
2026-01-08 09:00:00,1767880800000,243.55,243.65,243.0,243.1,56674.0,243.2788
2026-01-08 09:15:00,1767881700000,243.0,243.38,242.82,243.0,47940.0,243.0462
2026-01-08 09:30:00,1767882600000,243.06,244.17,241.88,243.34,3354929.0,243.1362
2026-01-08 09:45:00,1767883500000,243.32,244.9793,242.44,244.09,2316302.0,243.9647
2026-01-08 10:00:00,1767884400000,244.08,244.86,242.87,244.38,1586601.0,244.0076
2026-01-08 10:15:00,1767885300000,244.35,245.1,244.18,244.8401,1795389.0,244.7398
2026-01-08 10:30:00,1767886200000,244.8471,244.85,243.74,244.175,972795.0,244.2101
2026-01-08 10:45:00,1767887100000,244.17,245.2,243.883,245.2,900114.0,244.4706
2026-01-08 11:00:00,1767888000000,245.21,245.26,244.43,244.79,853336.0,244.8365
2026-01-08 11:15:00,1767888900000,244.765,244.99,244.32,244.47,847665.0,244.6257
2026-01-08 11:30:00,1767889800000,244.465,244.7,244.11,244.33,1454931.0,244.4273
2026-01-08 11:45:00,1767890700000,244.34,245.2,244.075,245.19,833598.0,244.5357
2026-01-08 12:00:00,1767891600000,245.18,245.21,244.42,245.025,717043.0,244.8067
2026-01-08 12:15:00,1767892500000,245.03,245.64,244.98,245.368,1058720.0,245.3565
2026-01-08 12:30:00,1767893400000,245.36,246.3,245.33,245.81,1285984.0,245.9005
2026-01-08 12:45:00,1767894300000,245.81,246.04,245.63,245.81,841149.0,245.8551
2026-01-08 13:00:00,1767895200000,245.8,246.149,245.3593,245.38,1231557.0,245.8842
2026-01-08 13:15:00,1767896100000,245.385,245.745,245.35,245.6725,765798.0,245.5801
2026-01-08 13:30:00,1767897000000,245.69,245.93,245.65,245.79,627675.0,245.7612
2026-01-08 13:45:00,1767897900000,245.79,246.175,245.4392,245.75,784920.0,245.783
2026-01-08 14:00:00,1767898800000,245.73,246.1106,245.7,245.77,722483.0,245.8961
2026-01-08 14:15:00,1767899700000,245.77,246.25,245.49,245.8,881820.0,245.8793
2026-01-08 14:30:00,1767900600000,245.79,245.98,245.52,245.545,601431.0,245.79
2026-01-08 14:45:00,1767901500000,245.5595,246.04,245.3599,246.01,645316.0,245.6775
2026-01-08 15:00:00,1767902400000,246.01,246.09,245.72,246.02,756234.0,245.9389
2026-01-08 15:15:00,1767903300000,246.027,246.1,245.79,245.81,855658.0,245.9679
2026-01-08 15:30:00,1767904200000,245.82,245.96,245.37,245.7899,1581383.0,245.6984
2026-01-08 15:45:00,1767905100000,245.8,246.41,245.75,246.28,3095246.0,246.1688
2026-01-08 16:00:00,1767906000000,246.26,246.44,246.1,246.22,754018.0,246.2853
2026-01-08 16:15:00,1767906900000,246.25,246.25,245.95,246.12,31506.0,246.0706
2026-01-08 16:30:00,1767907800000,246.19,246.49,246.02,246.4,32292.0,246.2524
2026-01-08 16:45:00,1767908700000,246.43,246.5,246.29,246.3,95184.0,246.3062
2026-01-08 17:00:00,1767909600000,246.3,246.38,246.12,246.17,12384.0,246.2326
2026-01-08 17:15:00,1767910500000,246.14,246.19,246.0,246.0,12113.0,246.0894
2026-01-08 17:30:00,1767911400000,246.0821,246.09,246.0,246.09,4510.0,246.033
2026-01-08 17:45:00,1767912300000,246.1505,246.23,246.15,246.23,5769.0,246.184
2026-01-08 18:00:00,1767913200000,246.19,246.28,246.19,246.25,3731.0,246.2265
2026-01-08 18:15:00,1767914100000,246.21,246.3032,246.2022,246.23,9106.0,246.2746
2026-01-08 18:30:00,1767915000000,246.2464,246.28,246.1,246.28,13643.0,246.1843
2026-01-08 18:45:00,1767915900000,246.1,246.15,245.9,245.95,10938.0,246.0198
2026-01-08 19:00:00,1767916800000,246.0,246.2,245.9,246.0,6124.0,246.0111
2026-01-08 19:15:00,1767917700000,245.9,245.99,245.9,245.91,6764.0,245.9273
2026-01-08 19:30:00,1767918600000,245.95,245.95,245.9,245.9,6972.0,245.9234
2026-01-08 19:45:00,1767919500000,245.9012,245.95,245.77,245.77,8550.0,245.8991
2026-01-09 04:00:00,1767949200000,245.73,245.94,245.7,245.75,3900.0,245.7659
2026-01-09 04:15:00,1767950100000,245.76,246.03,245.76,246.03,3311.0,245.888
2026-01-09 04:30:00,1767951000000,246.05,246.29,246.05,246.11,3774.0,246.1477
2026-01-09 04:45:00,1767951900000,246.2,246.22,246.2,246.21,1674.0,246.2143
2026-01-09 05:00:00,1767952800000,246.07,246.08,246.07,246.08,683.0,246.0762
2026-01-09 05:15:00,1767953700000,246.08,246.22,246.08,246.16,1768.0,246.1656
2026-01-09 05:30:00,1767954600000,246.22,246.22,245.96,245.96,3952.0,246.0379
2026-01-09 05:45:00,1767955500000,245.97,245.97,245.88,245.88,620.0,245.9275
2026-01-09 06:00:00,1767956400000,245.83,245.83,245.24,245.31,14805.0,245.5681
2026-01-09 06:15:00,1767957300000,245.58,245.61,245.31,245.61,4859.0,245.5052
2026-01-09 06:30:00,1767958200000,245.55,245.55,245.17,245.37,6841.0,245.2614
2026-01-09 06:45:00,1767959100000,245.33,245.4,245.13,245.23,6140.0,245.2439
2026-01-09 07:00:00,1767960000000,245.26,245.69,245.21,245.4,9500.0,245.4214
2026-01-09 07:15:00,1767960900000,245.4,245.78,245.32,245.5,33860.0,245.5215
2026-01-09 07:30:00,1767961800000,245.42,245.5,245.37,245.5,15144.0,245.4311
2026-01-09 07:45:00,1767962700000,245.65,245.93,245.65,245.7,12818.0,245.8111
2026-01-09 08:00:00,1767963600000,245.26,246.22,245.2,245.65,266631.0,245.987
2026-01-09 08:15:00,1767964500000,245.7185,245.78,245.51,245.6,20707.0,245.619
2026-01-09 08:30:00,1767965400000,245.7,246.29,245.636,246.0,40684.0,246.0047
2026-01-09 08:45:00,1767966300000,245.96,246.01,245.51,245.98,39539.0,245.8119
2026-01-09 09:00:00,1767967200000,246.0,246.1199,245.51,245.6,36795.0,245.7715
2026-01-09 09:15:00,1767968100000,245.6215,245.6215,244.03,244.5,179126.0,244.7418
2026-01-09 09:30:00,1767969000000,244.568,245.48,243.07,243.96,3367360.0,244.3577
2026-01-09 09:45:00,1767969900000,243.99,244.9,243.67,244.23,1346824.0,244.2583
2026-01-09 10:00:00,1767970800000,244.235,244.57,242.24,243.5,1859179.0,243.1593
2026-01-09 10:15:00,1767971700000,243.48,245.73,243.375,245.66,1612996.0,244.6603
2026-01-09 10:30:00,1767972600000,245.68,245.84,244.93,245.07,1339493.0,245.4646
2026-01-09 10:45:00,1767973500000,245.05,245.98,244.905,245.82,994534.0,245.3474
2026-01-09 11:00:00,1767974400000,245.83,246.929,245.81,246.74,1068899.0,246.3081
2026-01-09 11:15:00,1767975300000,246.73,246.75,246.11,246.3325,842450.0,246.3636
2026-01-09 11:30:00,1767976200000,246.32,246.4,245.4,245.818,964847.0,245.8428
2026-01-09 11:45:00,1767977100000,245.8,246.49,245.75,246.275,573701.0,246.1989
2026-01-09 12:00:00,1767978000000,246.275,246.37,245.925,246.07,750658.0,246.1289
2026-01-09 12:15:00,1767978900000,246.07,246.135,245.82,245.925,448410.0,245.9933
2026-01-09 12:30:00,1767979800000,245.9,246.03,245.41,245.4676,573340.0,245.7399
2026-01-09 12:45:00,1767980700000,245.47,245.89,245.43,245.82,446697.0,245.6573
2026-01-09 13:00:00,1767981600000,245.81,245.95,245.54,245.56,463140.0,245.7246
2026-01-09 13:15:00,1767982500000,245.57,245.75,245.51,245.75,577283.0,245.6342
2026-01-09 13:30:00,1767983400000,245.74,246.43,245.74,246.1,522996.0,246.2026
2026-01-09 13:45:00,1767984300000,246.11,246.81,246.0001,246.62,589195.0,246.4195
2026-01-09 14:00:00,1767985200000,246.62,246.71,246.16,246.385,462461.0,246.4332
2026-01-09 14:15:00,1767986100000,246.39,246.71,246.35,246.6301,461825.0,246.5621
2026-01-09 14:30:00,1767987000000,246.67,246.865,246.6401,246.71,709169.0,246.7525
2026-01-09 14:45:00,1767987900000,246.7,247.06,246.66,247.0,804701.0,246.8585
2026-01-09 15:00:00,1767988800000,246.99,247.21,246.78,246.93,761872.0,247.0079
2026-01-09 15:15:00,1767989700000,246.94,247.27,246.85,246.99,809320.0,247.1159
2026-01-09 15:30:00,1767990600000,247.0,247.27,246.85,247.245,941072.0,247.0255
2026-01-09 15:45:00,1767991500000,247.24,247.86,247.08,247.31,2958784.0,247.439
2026-01-09 16:00:00,1767992400000,247.38,247.39,246.97,247.3,1032496.0,247.377
2026-01-09 16:15:00,1767993300000,247.26,247.31,247.23,247.23,13862.0,247.2588
2026-01-09 16:30:00,1767994200000,247.26,247.3088,247.26,247.27,4759.0,247.2743
2026-01-09 16:45:00,1767995100000,247.2705,247.354,247.27,247.32,15735.0,247.292
2026-01-09 17:00:00,1767996000000,247.35,247.38,247.31,247.35,1970.0,247.3405
2026-01-09 17:15:00,1767996900000,247.35,247.35,247.32,247.32,3109.0,247.6622
2026-01-09 17:30:00,1767997800000,247.32,247.35,247.32,247.35,2167.0,247.3357
2026-01-09 17:45:00,1767998700000,247.32,247.38,247.32,247.35,4634.0,247.3614
2026-01-09 18:00:00,1767999600000,247.36,247.44,247.36,247.44,1955.0,247.3841
2026-01-09 18:15:00,1768000500000,247.4,247.45,247.4,247.4482,1256.0,247.4311
2026-01-09 18:30:00,1768001400000,247.409,247.4716,247.409,247.46,1437.0,247.4367
2026-01-09 18:45:00,1768002300000,247.4777,247.48,247.42,247.42,3250.0,247.4583
2026-01-09 19:00:00,1768003200000,247.45,247.48,247.42,247.48,2171.0,247.4462
2026-01-09 19:15:00,1768004100000,247.48,247.4898,247.48,247.4816,2421.0,247.484
2026-01-09 19:30:00,1768005000000,247.48,247.5,247.48,247.48,3302.0,247.4864
2026-01-09 19:45:00,1768005900000,247.49,247.59,247.48,247.4976,6919.0,247.5222
2026-01-12 04:00:00,1768208400000,244.91,246.0,244.58,244.66,59499.0,245.0582
2026-01-12 04:15:00,1768209300000,244.57,244.92,244.28,244.57,15243.0,244.5804
2026-01-12 04:30:00,1768210200000,244.51,244.75,244.45,244.55,16690.0,244.5822
2026-01-12 04:45:00,1768211100000,244.6,245.24,244.6,245.15,9836.0,244.9862
2026-01-12 05:00:00,1768212000000,245.1,245.39,244.88,244.89,4881.0,245.0949
2026-01-12 05:15:00,1768212900000,244.79,245.89,244.79,244.96,22419.0,245.1323
2026-01-12 05:30:00,1768213800000,245.1,245.58,245.0,245.58,9314.0,245.2929
2026-01-12 05:45:00,1768214700000,245.55,245.68,245.24,245.24,6067.0,245.4504
2026-01-12 06:00:00,1768215600000,245.19,245.4,245.03,245.33,8550.0,245.2283
2026-01-12 06:15:00,1768216500000,245.28,245.38,245.05,245.06,7844.0,245.1599
2026-01-12 06:30:00,1768217400000,245.02,245.63,245.02,245.27,10588.0,245.3005
2026-01-12 06:45:00,1768218300000,245.32,246.0,245.15,245.58,20574.0,245.5012
2026-01-12 07:00:00,1768219200000,245.59,245.87,245.5,245.53,25958.0,245.6368
2026-01-12 07:15:00,1768220100000,245.55,246.0,245.4,245.45,29704.0,245.6323
2026-01-12 07:30:00,1768221000000,245.42,246.0,245.41,245.99,31169.0,245.7955
2026-01-12 07:45:00,1768221900000,245.99,245.99,245.85,245.89,11197.0,245.8964
2026-01-12 08:00:00,1768222800000,245.19,246.15,244.2,245.53,158044.0,245.3003
2026-01-12 08:15:00,1768223700000,245.51,246.18,245.5,246.0,29068.0,245.9713
2026-01-12 08:30:00,1768224600000,246.0,246.18,245.7,245.93,45810.0,246.0261
2026-01-12 08:45:00,1768225500000,245.75,246.05,245.6,245.97,33918.0,245.7313
2026-01-12 09:00:00,1768226400000,245.53,245.97,245.35,245.45,20811.0,245.6321
2026-01-12 09:15:00,1768227300000,245.5,247.0,245.2,246.79,101682.0,246.2656
2026-01-12 09:30:00,1768228200000,246.73,248.28,246.24,247.99,3920973.0,247.3802
2026-01-12 09:45:00,1768229100000,248.01,248.48,246.95,247.97,1808311.0,247.611
2026-01-12 10:00:00,1768230000000,247.94,248.1,247.15,247.52,1298157.0,247.7876
2026-01-12 10:15:00,1768230900000,247.535,248.33,247.425,247.67,1138554.0,247.8669
2026-01-12 10:30:00,1768231800000,247.65,247.74,247.08,247.28,991063.0,247.4366
2026-01-12 10:45:00,1768232700000,247.26,247.59,247.0382,247.55,838017.0,247.2598
2026-01-12 11:00:00,1768233600000,247.55,248.2328,247.3931,248.0025,831372.0,247.8888
2026-01-12 11:15:00,1768234500000,247.98,248.085,247.43,247.6476,627907.0,247.6975
2026-01-12 11:30:00,1768235400000,247.64,248.0,247.53,247.95,496318.0,247.7214
2026-01-12 11:45:00,1768236300000,247.94,248.26,247.72,248.1,762429.0,248.036
2026-01-12 12:00:00,1768237200000,248.1,248.445,247.97,248.12,797255.0,248.2772
2026-01-12 12:15:00,1768238100000,248.11,248.15,247.73,248.0999,758953.0,247.9005
2026-01-12 12:30:00,1768239000000,248.09,248.175,247.77,248.055,584161.0,247.988
2026-01-12 12:45:00,1768239900000,248.06,248.21,247.94,248.09,554725.0,248.0822
2026-01-12 13:00:00,1768240800000,248.1,248.28,247.81,248.06,628635.0,248.0124
2026-01-12 13:15:00,1768241700000,248.07,248.21,247.825,248.09,517301.0,248.0394
2026-01-12 13:30:00,1768242600000,248.09,248.1,247.76,247.95,480218.0,247.9557
2026-01-12 13:45:00,1768243500000,247.94,248.195,247.85,248.0436,610736.0,248.0191
2026-01-12 14:00:00,1768244400000,248.03,248.0494,247.37,247.44,642112.0,247.6369
2026-01-12 14:15:00,1768245300000,247.4275,248.01,247.36,248.005,901759.0,247.662
2026-01-12 14:30:00,1768246200000,248.0,248.94,247.87,248.53,1226060.0,248.3945
2026-01-12 14:45:00,1768247100000,248.51,248.6399,248.25,248.31,698844.0,248.4405
2026-01-12 15:00:00,1768248000000,248.32,248.3799,247.6393,247.6393,916032.0,248.1696
2026-01-12 15:15:00,1768248900000,247.63,247.76,246.7363,247.05,1036212.0,247.1826
2026-01-12 15:30:00,1768249800000,247.04,247.3,246.8101,247.21,1317976.0,247.0283
2026-01-12 15:45:00,1768250700000,247.21,247.28,245.96,246.42,2768672.0,246.4392
2026-01-12 16:00:00,1768251600000,246.47,246.5699,246.37,246.56,974655.0,246.4698
2026-01-12 16:15:00,1768252500000,246.5689,246.75,246.5,246.75,15950.0,246.5943
2026-01-12 16:30:00,1768253400000,246.6,246.75,246.58,246.73,18804.0,246.7014
2026-01-12 16:45:00,1768254300000,246.7,246.7393,246.0,246.0644,38049.0,246.5054
2026-01-12 17:00:00,1768255200000,246.1,246.4,246.1,246.4,443939.0,246.4663
2026-01-12 17:15:00,1768256100000,246.49,246.49,246.3928,246.43,2384.0,246.6907
2026-01-12 17:30:00,1768257000000,246.42,246.47,246.39,246.43,3375.0,246.4056
2026-01-12 17:45:00,1768257900000,246.3901,246.45,246.38,246.45,2437.0,246.405
2026-01-12 18:00:00,1768258800000,246.41,246.41,246.21,246.25,12686.0,246.2572
2026-01-12 18:15:00,1768259700000,246.2495,246.33,246.21,246.25,5074.0,246.2561
2026-01-12 18:30:00,1768260600000,246.2101,246.2101,245.95,246.14,7944.0,246.1684
2026-01-12 18:45:00,1768261500000,246.06,246.47,245.0,245.9,21755.0,245.5754
2026-01-12 19:00:00,1768262400000,245.99,245.99,245.2,245.37,11055.0,245.4369
2026-01-12 19:15:00,1768263300000,245.36,245.87,245.2,245.2,13004.0,245.3976
2026-01-12 19:30:00,1768264200000,245.18,245.2,244.72,245.0,28545.0,244.9844
2026-01-12 19:45:00,1768265100000,245.24,245.58,245.2,245.33,64417.0,245.274
2026-01-13 04:00:00,1768294800000,245.93,245.97,245.7,245.88,6694.0,245.8649
2026-01-13 04:15:00,1768295700000,245.88,246.01,245.88,245.94,4732.0,245.9569
2026-01-13 04:30:00,1768296600000,246.1,246.11,245.54,245.54,6880.0,245.8884
2026-01-13 04:45:00,1768297500000,245.66,245.91,245.66,245.91,2495.0,245.8252
2026-01-13 05:00:00,1768298400000,245.97,246.03,245.4,245.4,10145.0,245.8069
2026-01-13 05:15:00,1768299300000,245.35,245.61,245.33,245.46,3815.0,245.4607
2026-01-13 05:30:00,1768300200000,245.53,245.53,245.53,245.53,186.0,245.5327
2026-01-13 05:45:00,1768301100000,245.47,245.62,245.32,245.62,4433.0,245.4613
2026-01-13 06:00:00,1768302000000,245.63,246.1,245.63,246.08,6589.0,246.0079
2026-01-13 06:15:00,1768302900000,246.08,246.08,245.96,246.05,6651.0,246.0285
2026-01-13 06:30:00,1768303800000,246.02,246.1,245.91,245.96,8066.0,246.0242
2026-01-13 06:45:00,1768304700000,246.06,246.06,245.95,245.95,2711.0,246.0167
2026-01-13 07:00:00,1768305600000,245.9,245.9,245.85,245.85,532.0,245.8732
2026-01-13 07:15:00,1768306500000,245.82,246.1,245.81,246.1,3976.0,245.9308
2026-01-13 07:30:00,1768307400000,246.2,246.75,246.01,246.64,26030.0,246.3245
2026-01-13 07:45:00,1768308300000,246.59,246.64,246.21,246.27,15866.0,246.5925
2026-01-13 08:00:00,1768309200000,245.91,246.74,245.3008,246.38,80936.0,246.09
2026-01-13 08:15:00,1768310100000,246.4,246.5,245.95,246.1,13709.0,246.1611
2026-01-13 08:30:00,1768311000000,246.85,247.66,246.7,247.09,138059.0,247.3483
2026-01-13 08:45:00,1768311900000,247.0,247.0,245.76,246.0,92025.0,246.3812
2026-01-13 09:00:00,1768312800000,246.2,246.5,246.05,246.46,56556.0,246.2605
2026-01-13 09:15:00,1768313700000,246.48,246.76,246.28,246.59,71292.0,246.4541
2026-01-13 09:30:00,1768314600000,246.53,247.66,244.53,247.045,2885751.0,246.1759
2026-01-13 09:45:00,1768315500000,247.045,247.3091,245.53,245.89,1588125.0,246.44
2026-01-13 10:00:00,1768316400000,245.9,246.08,244.4,244.55,1321730.0,245.1928
2026-01-13 10:15:00,1768317300000,244.585,244.64,242.72,243.5492,2267450.0,243.48
2026-01-13 10:30:00,1768318200000,243.545,244.64,243.3349,243.63,1497656.0,243.9599
2026-01-13 10:45:00,1768319100000,243.63,244.34,243.19,244.25,914334.0,243.7572
2026-01-13 11:00:00,1768320000000,244.23,244.76,244.17,244.51,849272.0,244.484
2026-01-13 11:15:00,1768320900000,244.51,245.03,243.65,244.155,1313260.0,244.4152
2026-01-13 11:30:00,1768321800000,244.15,244.35,243.815,244.16,930650.0,244.0443
2026-01-13 11:45:00,1768322700000,244.18,245.28,243.94,245.2605,790391.0,244.6052
2026-01-13 12:00:00,1768323600000,245.26,245.53,245.0,245.1,778882.0,245.2367
2026-01-13 12:15:00,1768324500000,245.1,245.13,244.06,244.355,667558.0,244.45
2026-01-13 12:30:00,1768325400000,244.34,244.43,243.75,243.92,594983.0,244.0747
2026-01-13 12:45:00,1768326300000,243.915,244.02,242.95,243.12,837871.0,243.5036
2026-01-13 13:00:00,1768327200000,243.1,243.2,242.64,243.05,1005145.0,242.8598
2026-01-13 13:15:00,1768328100000,243.07,243.365,242.67,242.715,614152.0,242.9817
2026-01-13 13:30:00,1768329000000,242.705,242.76,242.31,242.4938,890542.0,242.5083
2026-01-13 13:45:00,1768329900000,242.495,242.78,241.58,241.59,1000322.0,242.1476
2026-01-13 14:00:00,1768330800000,241.61,241.7,240.25,240.53,1861450.0,240.9635
2026-01-13 14:15:00,1768331700000,240.5,241.42,240.44,241.3,1251661.0,240.8897
2026-01-13 14:30:00,1768332600000,241.28,241.84,240.73,241.72,1314985.0,241.2285
2026-01-13 14:45:00,1768333500000,241.73,242.5,241.69,242.23,860151.0,242.0728
2026-01-13 15:00:00,1768334400000,242.215,242.44,241.85,241.905,895858.0,242.1371
2026-01-13 15:15:00,1768335300000,241.9099,242.4695,241.86,242.12,855052.0,242.242
2026-01-13 15:30:00,1768336200000,242.11,242.2199,241.45,242.16,896731.0,241.9776
2026-01-13 15:45:00,1768337100000,242.16,242.91,242.105,242.61,2339320.0,242.5289
2026-01-13 16:00:00,1768338000000,242.6,243.3977,242.57,242.6425,957207.0,242.623
2026-01-13 16:15:00,1768338900000,242.78,243.0,242.63,242.9,27643.0,242.767
2026-01-13 16:30:00,1768339800000,242.7,243.09,242.7,242.9,15560.0,242.7634
2026-01-13 16:45:00,1768340700000,242.76,242.88,242.6,242.73,7310.0,242.7662
2026-01-13 17:00:00,1768341600000,242.71,242.81,242.71,242.8001,6261.0,242.7812
2026-01-13 17:15:00,1768342500000,242.8,242.85,242.75,242.7845,8237.0,242.7833
2026-01-13 17:30:00,1768343400000,242.74,242.75,242.7,242.7169,7862.0,242.717
2026-01-13 17:45:00,1768344300000,242.72,242.84,242.65,242.84,8570.0,242.7215
2026-01-13 18:00:00,1768345200000,242.77,242.84,242.66,242.7834,8055.0,242.7507
2026-01-13 18:15:00,1768346100000,242.67,242.7,242.6,242.6,8577.0,242.63
2026-01-13 18:30:00,1768347000000,242.54,242.68,242.53,242.58,5594.0,242.6117
2026-01-13 18:45:00,1768347900000,242.5294,242.69,242.5294,242.5548,4607.0,242.5637
2026-01-13 19:00:00,1768348800000,242.53,242.7423,242.5,242.6,7702.0,242.6079
2026-01-13 19:15:00,1768349700000,242.68,242.8084,242.6,242.6,9263.0,242.66
2026-01-13 19:30:00,1768350600000,242.68,242.68,242.5101,242.5101,4845.0,242.579
2026-01-13 19:45:00,1768351500000,242.53,242.66,242.53,242.66,6164.0,242.6128
2026-01-14 04:00:00,1768381200000,241.5,242.25,241.5,242.11,4908.0,242.0974
2026-01-14 04:15:00,1768382100000,242.11,242.11,241.86,241.86,4238.0,241.9865
2026-01-14 04:30:00,1768383000000,242.0,242.0,241.86,241.86,1995.0,241.9269
2026-01-14 04:45:00,1768383900000,241.78,241.8,241.67,241.75,2219.0,241.727
2026-01-14 05:00:00,1768384800000,241.6,241.66,241.45,241.45,2907.0,241.5509
2026-01-14 05:15:00,1768385700000,241.54,241.54,241.15,241.25,10119.0,241.3498
2026-01-14 05:30:00,1768386600000,241.25,241.25,240.69,240.69,16195.0,240.9491
2026-01-14 05:45:00,1768387500000,240.69,240.87,240.59,240.87,4562.0,240.6832
2026-01-14 06:00:00,1768388400000,240.85,240.85,240.7,240.71,3781.0,240.7679
2026-01-14 06:15:00,1768389300000,240.77,240.96,240.77,240.96,3030.0,240.8408
2026-01-14 06:30:00,1768390200000,240.9,240.9,240.7,240.7,2620.0,240.7547
2026-01-14 06:45:00,1768391100000,240.73,240.88,240.65,240.73,4110.0,240.7339
2026-01-14 07:00:00,1768392000000,240.73,240.95,240.2,240.78,21475.0,240.544
2026-01-14 07:15:00,1768392900000,240.78,241.0,240.78,240.91,8220.0,240.9172
2026-01-14 07:30:00,1768393800000,240.89,241.2,240.89,241.12,8564.0,241.0741
2026-01-14 07:45:00,1768394700000,241.16,241.16,240.99,241.06,5100.0,241.0838
2026-01-14 08:00:00,1768395600000,240.65,242.1,240.2001,240.9512,115233.0,241.1811
2026-01-14 08:15:00,1768396500000,241.01,241.3,240.71,241.3,21822.0,241.0186
2026-01-14 08:30:00,1768397400000,241.3,241.3,240.91,241.0,26845.0,241.1032
2026-01-14 08:45:00,1768398300000,240.95,241.1189,240.7718,240.99,14760.0,240.9309
2026-01-14 09:00:00,1768399200000,240.9,242.82,240.9,241.8,108750.0,241.8072
2026-01-14 09:15:00,1768400100000,241.7825,241.95,240.89,241.06,70333.0,241.5105
2026-01-14 09:30:00,1768401000000,241.15,241.28,238.47,238.6008,2834277.0,239.8574
2026-01-14 09:45:00,1768401900000,238.58,239.58,238.15,238.67,2748231.0,238.7855
2026-01-14 10:00:00,1768402800000,238.67,239.7,237.67,239.55,2231848.0,238.4977
2026-01-14 10:15:00,1768403700000,239.55,240.03,238.59,238.83,1701319.0,239.4196
2026-01-14 10:30:00,1768404600000,238.81,239.3374,238.055,238.325,1367605.0,238.5154
2026-01-14 10:45:00,1768405500000,238.33,238.44,237.21,237.61,1349868.0,237.7154
2026-01-14 11:00:00,1768406400000,237.62,238.18,237.36,237.71,930007.0,237.7176
2026-01-14 11:15:00,1768407300000,237.69,238.7,237.389,238.58,1128403.0,238.0673
2026-01-14 11:30:00,1768408200000,238.58,238.74,237.65,237.79,1022459.0,238.0822
2026-01-14 11:45:00,1768409100000,237.73,237.73,236.43,236.54,1278336.0,236.9065
2026-01-14 12:00:00,1768410000000,236.54,237.15,236.36,236.9699,945784.0,236.81
2026-01-14 12:15:00,1768410900000,236.95,237.51,236.4,237.49,904892.0,236.9948
2026-01-14 12:30:00,1768411800000,237.49,237.49,236.79,236.95,833884.0,237.1285
2026-01-14 12:45:00,1768412700000,236.95,237.39,236.6,236.9,704485.0,236.9585
2026-01-14 13:00:00,1768413600000,236.89,237.33,236.79,237.27,666905.0,237.1301
2026-01-14 13:15:00,1768414500000,237.27,237.27,236.84,237.07,1456548.0,237.0015
2026-01-14 13:30:00,1768415400000,237.06,237.14,236.22,236.65,775711.0,236.5395
2026-01-14 13:45:00,1768416300000,236.6428,237.4899,236.5717,237.38,735431.0,237.0383
2026-01-14 14:00:00,1768417200000,237.36,237.64,237.11,237.6301,595245.0,237.3477
2026-01-14 14:15:00,1768418100000,237.64,237.89,237.53,237.57,682828.0,237.6838
2026-01-14 14:30:00,1768419000000,237.57,237.66,236.725,236.79,750954.0,237.1973
2026-01-14 14:45:00,1768419900000,236.8,237.09,236.72,236.86,606941.0,236.8591
2026-01-14 15:00:00,1768420800000,236.8492,238.08,236.6401,237.55,1180943.0,237.4398
2026-01-14 15:15:00,1768421700000,237.55,237.615,237.09,237.41,968518.0,237.3905
2026-01-14 15:30:00,1768422600000,237.42,237.79,237.11,237.12,1344707.0,237.5643
2026-01-14 15:45:00,1768423500000,237.115,237.145,236.24,236.675,4120567.0,236.6665
2026-01-14 16:00:00,1768424400000,236.65,236.93,236.27,236.84,778989.0,236.6573
2026-01-14 16:15:00,1768425300000,236.8,236.99,236.7,236.99,42230.0,236.8687
2026-01-14 16:30:00,1768426200000,236.99,237.11,236.75,237.11,17080.0,236.839
2026-01-14 16:45:00,1768427100000,237.1,237.1845,236.21,236.78,24675.0,236.7993
2026-01-14 17:00:00,1768428000000,236.85,237.0,236.85,236.9781,7336.0,236.964
2026-01-14 17:15:00,1768428900000,236.91,236.9497,236.8,236.9,12950.0,236.8858
2026-01-14 17:30:00,1768429800000,236.83,237.0,236.83,236.88,12581.0,236.9045
2026-01-14 17:45:00,1768430700000,236.9,236.99,236.8,236.8,12045.0,236.9029
2026-01-14 18:00:00,1768431600000,236.8,236.9,236.78,236.85,8956.0,236.8389
2026-01-14 18:15:00,1768432500000,236.85,236.85,236.69,236.8,9235.0,236.7298
2026-01-14 18:30:00,1768433400000,236.77,237.0,236.66,236.6794,10688.0,236.7774
2026-01-14 18:45:00,1768434300000,236.6035,236.8,236.5173,236.68,10177.0,236.6498
2026-01-14 19:00:00,1768435200000,236.7,236.7501,236.68,236.723,9078.0,236.7116
2026-01-14 19:15:00,1768436100000,236.67,236.75,236.6,236.6001,12278.0,236.6236
2026-01-14 19:30:00,1768437000000,236.5501,236.64,236.55,236.57,6986.0,236.568
2026-01-14 19:45:00,1768437900000,236.59,236.6,236.5101,236.54,17137.0,236.5656
2026-01-15 04:00:00,1768467600000,236.71,237.96,236.71,237.93,18381.0,237.7485
2026-01-15 04:15:00,1768468500000,237.9,238.4,237.89,238.06,15170.0,238.1986
2026-01-15 04:30:00,1768469400000,238.23,238.35,238.01,238.06,7888.0,238.1719
2026-01-15 04:45:00,1768470300000,238.08,238.35,237.89,237.89,10666.0,238.2073
2026-01-15 05:00:00,1768471200000,237.97,238.15,237.97,238.09,13633.0,238.032
2026-01-15 05:15:00,1768472100000,238.09,238.2,237.92,238.2,11999.0,238.0364
2026-01-15 05:30:00,1768473000000,238.17,238.18,238.0,238.0,10249.0,238.0444
2026-01-15 05:45:00,1768473900000,238.0,238.12,237.8,237.94,6481.0,237.98
2026-01-15 06:00:00,1768474800000,237.98,238.23,237.98,238.1,7330.0,238.0634
2026-01-15 06:15:00,1768475700000,238.0,238.05,238.0,238.0,10483.0,238.009
2026-01-15 06:30:00,1768476600000,238.0,238.01,237.7,237.7,4098.0,237.8687
2026-01-15 06:45:00,1768477500000,237.66,238.31,237.66,238.23,19567.0,237.9544
2026-01-15 07:00:00,1768478400000,238.18,238.25,237.7,237.75,20866.0,237.9474
2026-01-15 07:15:00,1768479300000,237.83,238.6,237.74,238.27,28473.0,238.26
2026-01-15 07:30:00,1768480200000,238.18,238.32,238.02,238.1,11176.0,238.1904
2026-01-15 07:45:00,1768481100000,238.19,238.35,237.94,238.015,44243.0,238.0652
2026-01-15 08:00:00,1768482000000,238.15,238.62,236.42,238.62,186303.0,237.9515
2026-01-15 08:15:00,1768482900000,238.62,239.41,238.26,239.3001,116022.0,238.8978
2026-01-15 08:30:00,1768483800000,239.3,240.29,239.3,239.76,203460.0,239.8639
2026-01-15 08:45:00,1768484700000,239.78,239.9,239.25,239.41,146983.0,238.0967
2026-01-15 09:00:00,1768485600000,239.42,239.77,239.25,239.419,61151.0,239.5106
2026-01-15 09:15:00,1768486500000,239.3,240.47,239.28,239.41,129629.0,239.8285
2026-01-15 09:30:00,1768487400000,239.31,239.38,237.041,238.52,4122717.0,238.1987
2026-01-15 09:45:00,1768488300000,238.53,238.6899,236.74,236.91,2339525.0,237.6153
2026-01-15 10:00:00,1768489200000,236.89,237.49,236.68,236.905,1683409.0,237.0872
2026-01-15 10:15:00,1768490100000,236.89,237.96,236.63,237.75,1454443.0,237.3563
2026-01-15 10:30:00,1768491000000,237.75,238.9,237.73,237.86,1433967.0,238.3329
2026-01-15 10:45:00,1768491900000,237.855,238.9184,237.32,238.55,1555162.0,238.1315
2026-01-15 11:00:00,1768492800000,238.56,239.9199,238.5,239.1001,1676200.0,239.1804
2026-01-15 11:15:00,1768493700000,239.1,239.4,238.43,238.98,1341990.0,239.0175
2026-01-15 11:30:00,1768494600000,238.94,239.81,238.6,239.77,1310614.0,239.2116
2026-01-15 11:45:00,1768495500000,239.74,240.23,239.49,240.19,1044827.0,239.9277
2026-01-15 12:00:00,1768496400000,240.19,240.65,240.12,240.28,1119333.0,240.3779
2026-01-15 12:15:00,1768497300000,240.29,240.355,239.37,239.49,1271895.0,239.6738
2026-01-15 12:30:00,1768498200000,239.48,239.608,238.41,238.67,1083538.0,238.881
2026-01-15 12:45:00,1768499100000,238.65,238.8,238.23,238.505,833558.0,238.5123
2026-01-15 13:00:00,1768500000000,238.49,239.25,238.45,239.21,880584.0,238.87
2026-01-15 13:15:00,1768500900000,239.195,239.24,238.575,238.715,565470.0,238.8937
2026-01-15 13:30:00,1768501800000,238.71,239.03,238.65,238.965,616054.0,238.827
2026-01-15 13:45:00,1768502700000,238.97,239.39,238.905,239.0801,795694.0,239.1025
2026-01-15 14:00:00,1768503600000,239.08,239.16,238.2001,238.28,688959.0,238.5971
2026-01-15 14:15:00,1768504500000,238.28,238.4,237.82,237.855,746683.0,238.1442
2026-01-15 14:30:00,1768505400000,237.84,237.994,237.1,237.655,1139557.0,237.648
2026-01-15 14:45:00,1768506300000,237.655,237.9545,237.2901,237.33,759650.0,237.6893
2026-01-15 15:00:00,1768507200000,237.3,237.57,236.98,237.545,1080238.0,237.2257
2026-01-15 15:15:00,1768508100000,237.55,237.6,237.08,237.4827,1150535.0,237.3701
2026-01-15 15:30:00,1768509000000,237.465,237.76,237.06,237.31,1178058.0,237.3559
2026-01-15 15:45:00,1768509900000,237.31,238.34,237.0,238.17,2684454.0,237.8099
2026-01-15 16:00:00,1768510800000,238.18,238.33,237.5,237.9215,1223316.0,238.1783
2026-01-15 16:15:00,1768511700000,237.9412,238.14,237.88,237.8939,13739.0,238.015
2026-01-15 16:30:00,1768512600000,237.95,238.0,237.731,238.0,5718.0,237.8609
2026-01-15 16:45:00,1768513500000,237.8981,237.93,237.75,237.93,3200.0,238.2256
2026-01-15 17:00:00,1768514400000,237.88,237.99,237.88,237.9394,10061.0,237.9317
2026-01-15 17:15:00,1768515300000,237.9151,238.0,237.76,237.79,25159.0,237.8884
2026-01-15 17:30:00,1768516200000,237.8,237.9,237.72,237.9,8665.0,237.8023
2026-01-15 17:45:00,1768517100000,237.87,237.87,237.65,237.68,8636.0,237.7753
2026-01-15 18:00:00,1768518000000,237.72,237.74,237.52,237.6,7331.0,237.6105
2026-01-15 18:15:00,1768518900000,237.77,237.78,237.55,237.78,4643.0,237.7196
2026-01-15 18:30:00,1768519800000,237.78,237.92,237.7301,237.9159,16219.0,237.8626
2026-01-15 18:45:00,1768520700000,237.85,237.9,237.73,237.73,11517.0,237.8396
2026-01-15 19:00:00,1768521600000,237.73,237.79,237.6001,237.7,9831.0,237.6899
2026-01-15 19:15:00,1768522500000,237.7,237.8982,237.6901,237.7601,7850.0,237.7428
2026-01-15 19:30:00,1768523400000,237.86,237.8999,237.83,237.88,2564.0,237.8702
2026-01-15 19:45:00,1768524300000,237.88,237.89,237.79,237.89,3413.0,237.8473
2026-01-16 04:00:00,1768554000000,239.0,239.39,238.94,238.94,9168.0,239.0913
2026-01-16 04:15:00,1768554900000,238.98,239.08,238.94,239.08,7790.0,238.9964
2026-01-16 04:30:00,1768555800000,239.05,239.05,238.91,238.91,1695.0,238.9653
2026-01-16 04:45:00,1768556700000,238.9,238.9,238.72,238.78,2029.0,238.8167
2026-01-16 05:00:00,1768557600000,238.78,238.78,238.71,238.71,415.0,238.7354
2026-01-16 05:15:00,1768558500000,238.83,238.89,238.82,238.89,666.0,238.8459
2026-01-16 05:30:00,1768559400000,238.92,238.92,238.89,238.89,1508.0,238.8957
2026-01-16 05:45:00,1768560300000,238.89,239.01,238.87,238.87,3243.0,238.9489
2026-01-16 06:00:00,1768561200000,238.94,238.94,238.92,238.92,1128.0,238.9287
2026-01-16 06:15:00,1768562100000,239.11,240.6,239.1,239.55,26785.0,239.7454
2026-01-16 06:30:00,1768563000000,239.75,239.86,239.53,239.53,6147.0,239.7091
2026-01-16 06:45:00,1768563900000,239.26,239.4,238.99,239.1,12413.0,239.1781
2026-01-16 07:00:00,1768564800000,238.97,239.22,238.85,239.1,7644.0,239.0592
2026-01-16 07:15:00,1768565700000,239.1,239.3,238.81,239.1,8375.0,239.0368
2026-01-16 07:30:00,1768566600000,239.07,239.5,239.07,239.4,10734.0,239.2679
2026-01-16 07:45:00,1768567500000,239.48,239.65,238.98,239.2,19402.0,239.287
2026-01-16 08:00:00,1768568400000,239.1,239.93,238.71,239.3,111383.0,239.1526
2026-01-16 08:15:00,1768569300000,239.28,239.3,238.85,239.1799,25737.0,239.1246
2026-01-16 08:30:00,1768570200000,239.16,239.28,238.94,239.28,26484.0,239.127
2026-01-16 08:45:00,1768571100000,239.19,239.43,239.01,239.01,20711.0,239.2284
2026-01-16 09:00:00,1768572000000,239.0005,239.23,239.0,239.1473,23456.0,239.1182
2026-01-16 09:15:00,1768572900000,239.17,239.52,238.51,238.8,63655.0,239.099
2026-01-16 09:30:00,1768573800000,239.085,239.57,237.15,237.47,5335815.0,238.7716
2026-01-16 09:45:00,1768574700000,237.455,238.09,237.1,237.72,1210290.0,237.6642
2026-01-16 10:00:00,1768575600000,237.69,238.07,237.37,237.53,1205461.0,237.6987
2026-01-16 10:15:00,1768576500000,237.525,238.17,237.381,237.92,977386.0,237.7944
2026-01-16 10:30:00,1768577400000,237.9,237.91,236.41,236.67,1218091.0,236.965
2026-01-16 10:45:00,1768578300000,236.7,237.3559,236.58,237.3402,816752.0,236.9763
2026-01-16 11:00:00,1768579200000,237.35,237.97,237.27,237.85,1989919.0,237.5043
2026-01-16 11:15:00,1768580100000,237.86,238.04,237.635,237.79,2135033.0,237.8599
2026-01-16 11:30:00,1768581000000,237.81,238.2125,237.7466,238.1838,1025108.0,237.9864
2026-01-16 11:45:00,1768581900000,238.185,238.33,237.3284,237.84,1023412.0,237.8006
2026-01-16 12:00:00,1768582800000,237.83,237.835,237.38,237.62,570995.0,237.5658
2026-01-16 12:15:00,1768583700000,237.62,237.84,237.521,237.6792,513291.0,237.6691
2026-01-16 12:30:00,1768584600000,237.68,238.31,237.5,238.205,638627.0,237.9412
2026-01-16 12:45:00,1768585500000,238.19,238.46,237.93,238.22,579607.0,238.2403
2026-01-16 13:00:00,1768586400000,238.2,238.75,238.14,238.625,643554.0,238.4203
2026-01-16 13:15:00,1768587300000,238.645,239.03,238.51,238.805,535975.0,238.8534
2026-01-16 13:30:00,1768588200000,238.805,238.91,238.565,238.62,514108.0,238.7067
2026-01-16 13:45:00,1768589100000,238.6,238.63,238.07,238.09,448179.0,238.2701
2026-01-16 14:00:00,1768590000000,238.09,238.44,237.71,237.71,562196.0,238.1569
2026-01-16 14:15:00,1768590900000,237.7,237.8,237.42,237.65,557919.0,237.5713
2026-01-16 14:30:00,1768591800000,237.64,238.2199,237.0,237.935,633785.0,237.9536
2026-01-16 14:45:00,1768592700000,237.95,238.24,237.94,238.1006,479613.0,238.0738
2026-01-16 15:00:00,1768593600000,238.09,238.335,237.84,238.31,695917.0,238.1067
2026-01-16 15:15:00,1768594500000,238.31,238.41,238.14,238.225,712985.0,238.2638
2026-01-16 15:30:00,1768595400000,238.22,238.595,238.0,238.53,889897.0,238.2339
2026-01-16 15:45:00,1768596300000,238.52,239.39,238.34,239.06,2577611.0,239.0196
2026-01-16 16:00:00,1768597200000,239.12,239.28,239.0,239.0702,312840.0,239.1175
2026-01-16 16:15:00,1768598100000,238.5883,239.1,238.5883,239.01,17979.0,238.8243
2026-01-16 16:30:00,1768599000000,238.9239,239.03,238.9239,238.95,18245.0,238.9765
2026-01-16 16:45:00,1768599900000,239.0,239.1,238.82,239.0577,4565.0,239.0078
2026-01-16 17:00:00,1768600800000,239.05,239.12,238.94,239.12,8100.0,239.018
2026-01-16 17:15:00,1768601700000,238.99,238.99,238.88,238.88,5263.0,240.0934
2026-01-16 17:30:00,1768602600000,238.81,238.85,238.62,238.77,14746.0,238.8166
2026-01-16 17:45:00,1768603500000,238.78,238.8,238.54,238.7013,4024.0,238.7149
2026-01-16 18:00:00,1768604400000,238.7031,238.78,238.7031,238.75,2095.0,238.7503
2026-01-16 18:15:00,1768605300000,238.76,238.82,238.64,238.64,8548.0,238.7144
2026-01-16 18:30:00,1768606200000,238.64,238.9,238.35,238.9,16183.0,238.6745
2026-01-16 18:45:00,1768607100000,238.82,238.85,238.82,238.85,2077.0,238.8303
2026-01-16 19:00:00,1768608000000,238.87,238.9,238.82,238.84,3992.0,238.8371
2026-01-16 19:15:00,1768608900000,238.84,238.88,238.83,238.88,2602.0,238.859
2026-01-16 19:30:00,1768609800000,238.88,238.88,238.8246,238.8246,3726.0,238.8451
2026-01-16 19:45:00,1768610700000,238.8494,238.85,238.5,238.82,15537.0,238.7823
2026-01-20 04:00:00,1768899600000,235.15,235.39,231.75,231.99,65112.0,232.663
2026-01-20 04:15:00,1768900500000,231.87,232.0,231.41,232.0,28858.0,231.7288
2026-01-20 04:30:00,1768901400000,231.82,231.9,231.14,231.48,24162.0,231.5326
2026-01-20 04:45:00,1768902300000,231.51,231.77,231.19,231.62,23701.0,231.4369
2026-01-20 05:00:00,1768903200000,231.55,232.28,231.32,232.28,20904.0,231.633
2026-01-20 05:15:00,1768904100000,232.05,232.13,231.86,232.0,16956.0,231.9771
2026-01-20 05:30:00,1768905000000,231.98,232.19,231.6,231.88,10537.0,231.8413
2026-01-20 05:45:00,1768905900000,231.85,232.01,231.66,231.78,11563.0,231.8059
2026-01-20 06:00:00,1768906800000,231.93,232.11,231.79,231.95,11766.0,231.9563
2026-01-20 06:15:00,1768907700000,232.01,232.25,231.79,232.17,22077.0,232.01
2026-01-20 06:30:00,1768908600000,232.17,232.25,231.96,231.98,16568.0,232.0636
2026-01-20 06:45:00,1768909500000,232.07,232.53,232.0,232.51,19205.0,232.3001
2026-01-20 07:00:00,1768910400000,232.64,233.22,232.34,233.21,62361.0,232.8284
2026-01-20 07:15:00,1768911300000,233.22,233.22,232.88,233.07,62330.0,233.0063
2026-01-20 07:30:00,1768912200000,233.12,233.45,233.1,233.44,17262.0,233.3104
2026-01-20 07:45:00,1768913100000,233.42,233.5,233.3,233.4,24713.0,233.3849
2026-01-20 08:00:00,1768914000000,232.5,238.523,231.15,233.22,373748.0,233.4776
2026-01-20 08:15:00,1768914900000,233.2,233.9,233.17,233.25,43868.0,233.444
2026-01-20 08:30:00,1768915800000,233.35,233.35,232.49,232.6,109450.0,232.8666
2026-01-20 08:45:00,1768916700000,232.5,233.0,232.27,232.9,94440.0,232.6267
2026-01-20 09:00:00,1768917600000,232.86,233.82,232.81,233.55,104550.0,233.3023
2026-01-20 09:15:00,1768918500000,233.56,234.005,232.55,233.72,121819.0,233.2585
2026-01-20 09:30:00,1768919400000,233.76,234.45,231.56,232.656,5354397.0,232.9991
2026-01-20 09:45:00,1768920300000,232.665,234.06,232.24,233.415,2395705.0,233.0881
2026-01-20 10:00:00,1768921200000,233.435,233.7,232.35,232.735,1590826.0,232.9025
2026-01-20 10:15:00,1768922100000,232.74,234.952,232.7,234.8069,1384402.0,233.8519
2026-01-20 10:30:00,1768923000000,234.78,234.96,234.3,234.885,1306340.0,234.6162
2026-01-20 10:45:00,1768923900000,234.9,234.9499,233.82,234.385,968599.0,234.3607
2026-01-20 11:00:00,1768924800000,234.4,235.09,234.28,234.3,856757.0,234.6981
2026-01-20 11:15:00,1768925700000,234.29,234.355,233.63,234.29,904842.0,234.0238
2026-01-20 11:30:00,1768926600000,234.29,234.44,233.575,233.665,777215.0,234.113
2026-01-20 11:45:00,1768927500000,233.6576,234.6181,233.53,234.5316,908969.0,233.9031
2026-01-20 12:00:00,1768928400000,234.5175,234.53,233.71,233.7999,588336.0,234.0772
2026-01-20 12:15:00,1768929300000,233.7825,233.85,233.3,233.46,657745.0,233.5811
2026-01-20 12:30:00,1768930200000,233.43,233.58,232.85,232.96,792591.0,233.1379
2026-01-20 12:45:00,1768931100000,232.955,232.955,232.25,232.3421,777658.0,232.5611
2026-01-20 13:00:00,1768932000000,232.34,232.52,232.03,232.075,711979.0,232.2451
2026-01-20 13:15:00,1768932900000,232.08,232.17,231.55,231.775,1033137.0,231.8407
2026-01-20 13:30:00,1768933800000,231.76,231.91,231.05,231.22,1094381.0,231.3833
2026-01-20 13:45:00,1768934700000,231.22,231.37,230.92,230.93,861892.0,231.1297
2026-01-20 14:00:00,1768935600000,231.0,231.26,230.58,230.73,888399.0,230.885
2026-01-20 14:15:00,1768936500000,230.7,230.73,229.79,229.98,1627347.0,230.1849
2026-01-20 14:30:00,1768937400000,229.97,230.3887,229.54,229.94,1226021.0,229.9863
2026-01-20 14:45:00,1768938300000,229.93,230.04,229.55,229.755,1237223.0,229.7943
2026-01-20 15:00:00,1768939200000,229.74,229.98,229.34,229.81,1413031.0,229.5898
2026-01-20 15:15:00,1768940100000,229.82,230.935,229.82,230.6197,1597281.0,230.4764
2026-01-20 15:30:00,1768941000000,230.64,230.79,230.21,230.565,1514516.0,230.5264
2026-01-20 15:45:00,1768941900000,230.59,231.12,230.38,231.11,3335280.0,230.8287
2026-01-20 16:00:00,1768942800000,231.1132,231.3,230.887,231.29,498284.0,231.0182
2026-01-20 16:15:00,1768943700000,231.25,231.3158,231.0801,231.15,30321.0,231.2123
2026-01-20 16:30:00,1768944600000,231.2,231.2,231.03,231.16,16977.0,231.0983
2026-01-20 16:45:00,1768945500000,231.12,231.13,231.0,231.09,17011.0,231.0568
2026-01-20 17:00:00,1768946400000,231.15,231.15,231.0,231.1,7837.0,231.0977
2026-01-20 17:15:00,1768947300000,231.1006,231.15,231.0,231.01,29388.0,231.0021
2026-01-20 17:30:00,1768948200000,231.0401,231.15,231.0401,231.1489,21891.0,231.1149
2026-01-20 17:45:00,1768949100000,231.1058,231.25,231.1058,231.23,28243.0,231.1661
2026-01-20 18:00:00,1768950000000,231.27,231.5,231.2,231.371,23076.0,231.3622
2026-01-20 18:15:00,1768950900000,231.44,231.48,231.33,231.4216,21872.0,231.4104
2026-01-20 18:30:00,1768951800000,231.4311,231.48,231.43,231.44,6728.0,231.4542
2026-01-20 18:45:00,1768952700000,231.45,231.47,231.12,231.2,25602.0,231.2695
2026-01-20 19:00:00,1768953600000,231.3,231.45,231.3,231.42,9715.0,231.3839
2026-01-20 19:15:00,1768954500000,231.4,231.48,231.37,231.38,17623.0,231.3966
2026-01-20 19:30:00,1768955400000,231.39,231.5,231.38,231.4598,31901.0,231.4048
2026-01-20 19:45:00,1768956300000,231.45,231.79,231.39,231.4532,19554.0,231.4697
2026-01-21 04:00:00,1768986000000,232.34,232.53,231.59,231.73,9831.0,231.863
2026-01-21 04:15:00,1768986900000,231.74,231.82,231.39,231.5,8086.0,231.6031
2026-01-21 04:30:00,1768987800000,231.45,231.45,231.3,231.3,2591.0,231.3769
2026-01-21 04:45:00,1768988700000,231.02,231.02,230.86,230.89,7708.0,230.9713
2026-01-21 05:00:00,1768989600000,230.9,231.0,230.8,231.0,4261.0,230.9049
2026-01-21 05:15:00,1768990500000,230.99,231.1,230.97,231.0,7398.0,231.0307
2026-01-21 05:30:00,1768991400000,231.08,231.08,231.06,231.06,1331.0,231.0767
2026-01-21 05:45:00,1768992300000,231.08,231.37,231.08,231.2,6640.0,231.2558
2026-01-21 06:00:00,1768993200000,231.1,231.41,231.1,231.4,7328.0,231.2969
2026-01-21 06:15:00,1768994100000,231.35,231.63,231.34,231.44,8796.0,231.5164
2026-01-21 06:30:00,1768995000000,231.25,231.4,230.88,230.9,9319.0,231.0561
2026-01-21 06:45:00,1768995900000,230.85,230.87,230.02,230.2,12772.0,230.4116
2026-01-21 07:00:00,1768996800000,230.18,230.32,229.88,230.25,27611.0,230.0933
2026-01-21 07:15:00,1768997700000,230.25,230.44,230.11,230.43,2035.0,230.2531
2026-01-21 07:30:00,1768998600000,230.28,230.28,229.89,230.0,18493.0,230.0693
2026-01-21 07:45:00,1768999500000,229.99,230.11,229.77,230.1,13977.0,229.9581
2026-01-21 08:00:00,1769000400000,231.0,232.02,229.7,230.25,173162.0,230.8161
2026-01-21 08:15:00,1769001300000,230.3,230.35,230.11,230.15,24700.0,230.2642
2026-01-21 08:30:00,1769002200000,230.21,230.2643,229.71,229.7663,37032.0,229.9769
2026-01-21 08:45:00,1769003100000,229.821,230.7435,229.74,230.31,120425.0,230.7546
2026-01-21 09:00:00,1769004000000,230.3,231.6399,229.74,231.5999,71691.0,230.8408
2026-01-21 09:15:00,1769004900000,231.48,232.13,230.85,231.13,103924.0,231.6216
2026-01-21 09:30:00,1769005800000,231.085,231.37,228.68,229.38,3777424.0,230.0636
2026-01-21 09:45:00,1769006700000,229.38,231.9799,229.23,231.66,2054697.0,230.5708
2026-01-21 10:00:00,1769007600000,231.66,231.84,230.15,230.63,1344014.0,231.0182
2026-01-21 10:15:00,1769008500000,230.64,231.35,230.29,231.26,1204654.0,230.7395
2026-01-21 10:30:00,1769009400000,231.27,231.84,231.16,231.52,1208626.0,231.4863
2026-01-21 10:45:00,1769010300000,231.52,232.09,231.4,231.805,1315798.0,231.7277
2026-01-21 11:00:00,1769011200000,231.79,231.9399,230.96,231.485,1144933.0,231.5173
2026-01-21 11:15:00,1769012100000,231.47,231.84,231.12,231.305,729499.0,231.472
2026-01-21 11:30:00,1769013000000,231.295,231.3,228.85,228.875,1522264.0,229.9341
2026-01-21 11:45:00,1769013900000,228.8779,228.96,227.63,227.96,2009704.0,228.2129
2026-01-21 12:00:00,1769014800000,227.95,228.54,227.31,227.49,1184992.0,228.0265
2026-01-21 12:15:00,1769015700000,227.48,228.62,227.42,228.44,876538.0,228.1331
2026-01-21 12:30:00,1769016600000,228.44,228.45,227.58,227.905,785952.0,227.9827
2026-01-21 12:45:00,1769017500000,227.8999,228.2999,227.595,228.0737,926857.0,227.9482
2026-01-21 13:00:00,1769018400000,228.08,228.13,226.88,227.68,1153784.0,227.3509
2026-01-21 13:15:00,1769019300000,227.69,227.76,226.96,227.57,747201.0,227.3098
2026-01-21 13:30:00,1769020200000,227.54,227.8,227.33,227.42,529456.0,227.5633
2026-01-21 13:45:00,1769021100000,227.47,228.44,227.25,228.1,711517.0,228.0169
2026-01-21 14:00:00,1769022000000,228.09,228.22,227.58,227.7,821629.0,227.9135
2026-01-21 14:15:00,1769022900000,227.7,229.76,227.27,229.43,1494542.0,228.1509
2026-01-21 14:30:00,1769023800000,229.48,231.61,229.4,231.4901,2198581.0,230.4643
2026-01-21 14:45:00,1769024700000,231.51,232.3,231.2401,232.18,1685271.0,231.7108
2026-01-21 15:00:00,1769025600000,232.19,232.26,231.1315,231.345,1194446.0,231.5463
2026-01-21 15:15:00,1769026500000,231.35,231.44,230.52,230.54,1377689.0,230.8694
2026-01-21 15:30:00,1769027400000,230.56,231.09,230.19,230.87,1079641.0,230.7845
2026-01-21 15:45:00,1769028300000,230.85,231.75,230.59,231.35,3011690.0,231.1937
2026-01-21 16:00:00,1769029200000,231.31,231.77,231.0,231.65,1211761.0,231.3122
2026-01-21 16:15:00,1769030100000,231.65,231.7882,231.31,231.5,44385.0,231.5889
2026-01-21 16:30:00,1769031000000,231.5,231.55,231.48,231.55,14057.0,231.5149
2026-01-21 16:45:00,1769031900000,231.54,231.82,231.31,231.82,144393.0,231.3524
2026-01-21 17:00:00,1769032800000,231.8,231.8,231.6012,231.62,10660.0,231.6774
2026-01-21 17:15:00,1769033700000,231.67,231.8,231.21,231.7434,16096.0,231.6603
2026-01-21 17:30:00,1769034600000,231.8,231.8,231.31,231.46,19738.0,231.4594
2026-01-21 17:45:00,1769035500000,231.5,231.7,231.45,231.67,10477.0,231.5449
2026-01-21 18:00:00,1769036400000,231.67,231.99,231.6,231.88,22529.0,231.8619
2026-01-21 18:15:00,1769037300000,231.8998,232.15,231.8998,232.15,32001.0,232.0159
2026-01-21 18:30:00,1769038200000,232.0882,232.0897,231.76,231.89,26269.0,231.9421
2026-01-21 18:45:00,1769039100000,231.9,231.99,231.75,231.83,8732.0,231.8511
2026-01-21 19:00:00,1769040000000,231.8,232.1,231.7,232.08,17681.0,231.8581
2026-01-21 19:15:00,1769040900000,232.0,232.05,232.0,232.05,11943.0,232.022
2026-01-21 19:30:00,1769041800000,232.0,232.08,231.9,232.06,7669.0,232.0036
2026-01-21 19:45:00,1769042700000,232.0,232.06,231.95,232.0,9486.0,232.006
2026-01-22 04:00:00,1769072400000,232.42,234.26,232.42,233.99,22127.0,234.0865
2026-01-22 04:15:00,1769073300000,234.0,234.24,233.99,234.15,9955.0,234.1701
2026-01-22 04:30:00,1769074200000,234.15,234.15,233.91,233.91,12768.0,234.0564
2026-01-22 04:45:00,1769075100000,233.89,234.03,233.89,233.9,4958.0,233.9604
2026-01-22 05:00:00,1769076000000,233.97,233.97,233.7,233.81,4891.0,233.7943
2026-01-22 05:15:00,1769076900000,233.6,233.98,233.6,233.65,6999.0,233.7658
2026-01-22 05:30:00,1769077800000,233.71,233.99,233.71,233.99,7051.0,233.799
2026-01-22 05:45:00,1769078700000,233.76,233.96,233.75,233.8,6888.0,233.8432
2026-01-22 06:00:00,1769079600000,233.86,234.05,233.64,233.64,7033.0,233.8333
2026-01-22 06:15:00,1769080500000,233.51,233.6,233.3,233.6,4150.0,233.473
2026-01-22 06:30:00,1769081400000,233.38,233.38,233.13,233.13,3645.0,233.2508
2026-01-22 06:45:00,1769082300000,233.2,233.31,233.16,233.2,6374.0,233.222
2026-01-22 07:00:00,1769083200000,233.26,233.35,233.0,233.26,28121.0,233.144
2026-01-22 07:15:00,1769084100000,233.08,233.52,233.06,233.45,23529.0,233.3254
2026-01-22 07:30:00,1769085000000,233.43,233.62,233.43,233.59,8334.0,233.55
2026-01-22 07:45:00,1769085900000,233.61,233.89,233.55,233.88,19082.0,233.706
2026-01-22 08:00:00,1769086800000,233.275,234.4,231.32,233.94,240785.0,233.326
2026-01-22 08:15:00,1769087700000,233.9892,234.1682,233.88,233.99,42655.0,234.0058
2026-01-22 08:30:00,1769088600000,234.03,234.21,233.78,234.02,62351.0,234.0428
2026-01-22 08:45:00,1769089500000,234.05,234.79,234.03,234.54,242146.0,232.5494
2026-01-22 09:00:00,1769090400000,234.5438,234.68,234.27,234.38,67041.0,234.4623
2026-01-22 09:15:00,1769091300000,234.37,234.52,233.82,233.99,59427.0,234.2
2026-01-22 09:30:00,1769092200000,234.045,234.44,232.36,233.205,3300863.0,233.3865
2026-01-22 09:45:00,1769093100000,233.21,233.44,231.16,231.4325,2096132.0,231.9965
2026-01-22 10:00:00,1769094000000,231.45,232.41,230.9,232.23,1408327.0,231.5387
2026-01-22 10:15:00,1769094900000,232.158,233.07,231.93,232.75,1282719.0,232.5693
2026-01-22 10:30:00,1769095800000,232.76,234.1795,232.585,234.159,1186639.0,233.4238
2026-01-22 10:45:00,1769096700000,234.17,234.5,233.88,234.225,1169168.0,234.192
2026-01-22 11:00:00,1769097600000,234.22,235.2216,234.2025,234.83,1506103.0,234.8579
2026-01-22 11:15:00,1769098500000,234.8,235.22,234.61,234.78,883442.0,234.9306
2026-01-22 11:30:00,1769099400000,234.8,234.855,234.39,234.82,724679.0,234.6165
2026-01-22 11:45:00,1769100300000,234.82,235.09,234.58,234.965,657225.0,234.827
2026-01-22 12:00:00,1769101200000,234.97,235.38,234.79,235.34,589283.0,235.0932
2026-01-22 12:15:00,1769102100000,235.35,235.38,234.77,235.0274,519965.0,235.047
2026-01-22 12:30:00,1769103000000,235.04,235.37,234.9602,235.0301,493025.0,235.1442
2026-01-22 12:45:00,1769103900000,235.035,235.36,234.98,235.23,461631.0,235.1931
2026-01-22 13:00:00,1769104800000,235.23,235.72,235.033,235.065,786442.0,235.434
2026-01-22 13:15:00,1769105700000,235.0797,235.4,234.94,235.22,421402.0,235.1661
2026-01-22 13:30:00,1769106600000,235.19,235.25,234.81,234.8809,396722.0,235.0581
2026-01-22 13:45:00,1769107500000,234.89,235.05,234.77,234.87,432788.0,234.922
2026-01-22 14:00:00,1769108400000,234.8859,235.19,234.8,235.01,464770.0,235.0117
2026-01-22 14:15:00,1769109300000,235.0,235.2,234.91,235.02,458339.0,235.035
2026-01-22 14:30:00,1769110200000,235.02,235.04,234.5101,234.595,537080.0,234.7586
2026-01-22 14:45:00,1769111100000,234.58,234.6251,234.22,234.25,614303.0,234.4295
2026-01-22 15:00:00,1769112000000,234.24,234.66,234.19,234.58,647350.0,234.468
2026-01-22 15:15:00,1769112900000,234.59,234.74,233.97,233.975,704013.0,234.4229
2026-01-22 15:30:00,1769113800000,233.97,234.0699,233.64,233.92,1454260.0,234.0944
2026-01-22 15:45:00,1769114700000,233.935,234.3699,233.87,234.29,1734127.0,234.1851
2026-01-22 16:00:00,1769115600000,234.34,234.4,234.0137,234.4,388929.0,234.3237
2026-01-22 16:15:00,1769116500000,234.399,234.5,234.2,234.43,18969.0,234.4144
2026-01-22 16:30:00,1769117400000,234.48,234.5,234.25,234.4,11420.0,234.4525
2026-01-22 16:45:00,1769118300000,234.38,234.4,234.09,234.09,9354.0,234.3021
2026-01-22 17:00:00,1769119200000,234.36,234.36,234.3,234.319,6211.0,234.3571
2026-01-22 17:15:00,1769120100000,234.1522,234.9,234.15,234.65,28218.0,234.4757
2026-01-22 17:30:00,1769121000000,234.65,234.76,234.34,234.5923,6654.0,234.536
2026-01-22 17:45:00,1769121900000,234.6621,235.0,234.5629,234.89,7500.0,234.8159
2026-01-22 18:00:00,1769122800000,234.9,234.99,234.51,234.81,11757.0,234.722
2026-01-22 18:15:00,1769123700000,234.62,234.99,234.62,234.68,8119.0,234.8011
2026-01-22 18:30:00,1769124600000,234.9729,235.32,234.97,235.0,15281.0,235.0752
2026-01-22 18:45:00,1769125500000,235.02,235.3,235.02,235.25,17454.0,235.2636
2026-01-22 19:00:00,1769126400000,235.22,235.31,235.0463,235.3,13214.0,235.2209
2026-01-22 19:15:00,1769127300000,235.29,235.3,235.12,235.2392,8638.0,235.2714
2026-01-22 19:30:00,1769128200000,235.22,235.32,235.22,235.32,6236.0,235.2767
2026-01-22 19:45:00,1769129100000,235.32,235.36,235.26,235.32,10505.0,235.3207
2026-01-23 04:00:00,1769158800000,234.4,235.58,234.4,235.2,20170.0,235.1925
2026-01-23 04:15:00,1769159700000,235.17,235.17,235.17,235.17,202.0,235.1768
2026-01-23 04:30:00,1769160600000,235.21,235.44,234.64,234.64,5048.0,235.1488
2026-01-23 04:45:00,1769161500000,234.52,235.03,234.52,234.85,4612.0,234.8623
2026-01-23 05:00:00,1769162400000,234.79,234.94,234.71,234.72,2760.0,234.7988
2026-01-23 05:15:00,1769163300000,234.66,234.94,234.66,234.88,1584.0,234.8265
2026-01-23 05:30:00,1769164200000,234.8,234.8,234.61,234.71,1410.0,234.669
2026-01-23 05:45:00,1769165100000,234.6,234.74,234.59,234.7,1984.0,234.6919
2026-01-23 06:00:00,1769166000000,234.78,235.05,234.22,234.3,16990.0,234.628
2026-01-23 06:15:00,1769166900000,234.33,235.02,234.16,234.5,28217.0,234.703
2026-01-23 06:30:00,1769167800000,234.52,235.39,234.52,235.28,21646.0,235.0672
2026-01-23 06:45:00,1769168700000,235.0,235.14,234.74,234.75,5508.0,234.8673
2026-01-23 07:00:00,1769169600000,234.65,234.83,234.5,234.53,8082.0,234.6357
2026-01-23 07:15:00,1769170500000,234.5,234.75,234.3,234.5,9026.0,234.5079
2026-01-23 07:30:00,1769171400000,234.6,234.6,233.49,233.8,33940.0,234.0282
2026-01-23 07:45:00,1769172300000,234.04,234.3,234.04,234.3,7756.0,234.1803
2026-01-23 08:00:00,1769173200000,234.401,236.38,233.49,235.6,144700.0,235.1427
2026-01-23 08:15:00,1769174100000,235.78,235.78,234.5,234.8,50573.0,235.1376
2026-01-23 08:30:00,1769175000000,234.61,235.31,234.61,234.79,38802.0,234.9911
2026-01-23 08:45:00,1769175900000,234.79,234.9255,234.34,234.513,39671.0,234.6224
2026-01-23 09:00:00,1769176800000,234.5,234.6,234.05,234.05,112156.0,234.3441
2026-01-23 09:15:00,1769177700000,234.39,235.3,234.18,234.79,68164.0,234.6846
2026-01-23 09:30:00,1769178600000,234.955,236.63,234.57,235.9933,2476100.0,235.5515
2026-01-23 09:45:00,1769179500000,236.0,236.56,235.48,236.38,1517953.0,236.0431
2026-01-23 10:00:00,1769180400000,236.42,237.68,236.2,237.585,1917420.0,237.0458
2026-01-23 10:15:00,1769181300000,237.6,238.18,236.98,238.0,1538438.0,237.7208
2026-01-23 10:30:00,1769182200000,238.0,238.16,237.3901,237.79,1023850.0,237.8401
2026-01-23 10:45:00,1769183100000,237.775,240.06,237.76,239.9,1967383.0,239.0554
2026-01-23 11:00:00,1769184000000,239.92,240.45,239.25,239.51,1716982.0,239.9053
2026-01-23 11:15:00,1769184900000,239.515,239.55,238.86,239.13,1043291.0,239.2676
2026-01-23 11:30:00,1769185800000,239.11,240.3399,238.89,239.885,1011244.0,239.7181
2026-01-23 11:45:00,1769186700000,239.88,240.32,239.515,240.05,929498.0,240.0055
2026-01-23 12:00:00,1769187600000,240.03,240.11,239.645,240.01,835844.0,239.9478
2026-01-23 12:15:00,1769188500000,240.01,240.035,239.73,239.865,513200.0,239.8714
2026-01-23 12:30:00,1769189400000,239.87,239.99,239.08,239.1885,836752.0,239.6163
2026-01-23 12:45:00,1769190300000,239.18,239.49,238.82,239.18,777111.0,239.152
2026-01-23 13:00:00,1769191200000,239.17,239.78,239.15,239.315,758741.0,239.5358
2026-01-23 13:15:00,1769192100000,239.33,239.64,239.2601,239.4061,458716.0,239.4802
2026-01-23 13:30:00,1769193000000,239.43,239.59,239.03,239.085,534918.0,239.3468
2026-01-23 13:45:00,1769193900000,239.09,239.26,238.91,239.0916,468997.0,239.0991
2026-01-23 14:00:00,1769194800000,239.1,239.66,239.05,239.445,777082.0,239.4421
2026-01-23 14:15:00,1769195700000,239.43,239.915,239.42,239.45,596800.0,239.6709
2026-01-23 14:30:00,1769196600000,239.45,239.75,239.27,239.645,585582.0,239.5291
2026-01-23 14:45:00,1769197500000,239.645,239.99,239.5,239.89,551387.0,239.7511
2026-01-23 15:00:00,1769198400000,239.91,239.97,239.01,239.13,734895.0,239.4487
2026-01-23 15:15:00,1769199300000,239.12,239.51,239.1,239.29,723256.0,239.3528
2026-01-23 15:30:00,1769200200000,239.28,239.445,238.97,239.175,913212.0,239.171
2026-01-23 15:45:00,1769201100000,239.1799,239.355,238.57,239.19,2647492.0,239.0158
2026-01-23 16:00:00,1769202000000,239.15,239.2,238.34,239.1135,306802.0,239.1083
2026-01-23 16:15:00,1769202900000,238.61,238.9,238.55,238.7,15439.0,238.7128
2026-01-23 16:30:00,1769203800000,238.69,238.7835,238.52,238.77,4846.0,238.6643
2026-01-23 16:45:00,1769204700000,238.75,238.8,238.42,238.48,7827.0,238.6894
2026-01-23 17:00:00,1769205600000,238.6598,238.68,238.5,238.5425,2686.0,238.6074
2026-01-23 17:15:00,1769206500000,239.16,239.16,238.52,238.5799,11106.0,238.5573
2026-01-23 17:30:00,1769207400000,238.56,238.68,238.52,238.65,6048.0,238.5938
2026-01-23 17:45:00,1769208300000,238.68,238.76,238.58,238.76,9468.0,238.6607
2026-01-23 18:00:00,1769209200000,238.77,238.8492,238.77,238.8485,1707.0,238.8199
2026-01-23 18:15:00,1769210100000,238.8489,238.85,238.8489,238.85,5198.0,238.8487
2026-01-23 18:30:00,1769211000000,238.84,238.85,238.84,238.8401,2396.0,238.8427
2026-01-23 18:45:00,1769211900000,238.8498,238.8498,238.84,238.84,1317.0,238.8436
2026-01-23 19:00:00,1769212800000,238.85,238.85,238.71,238.72,2708.0,238.8064
2026-01-23 19:15:00,1769213700000,238.7776,238.78,238.66,238.66,2422.0,238.6947
2026-01-23 19:30:00,1769214600000,238.66,238.7,238.66,238.666,3642.0,238.6767
2026-01-23 19:45:00,1769215500000,238.78,238.8486,238.71,238.8077,10844.0,238.7783
2026-01-26 04:00:00,1769418000000,238.3,239.3,238.16,239.09,43210.0,238.8246
2026-01-26 04:15:00,1769418900000,239.07,239.07,238.9,238.94,2906.0,238.9634
2026-01-26 04:30:00,1769419800000,238.64,238.64,238.32,238.32,4500.0,238.4354
2026-01-26 04:45:00,1769420700000,238.26,238.26,237.6,237.95,13132.0,237.9347
2026-01-26 05:00:00,1769421600000,238.09,238.4,238.09,238.4,6037.0,238.26
2026-01-26 05:15:00,1769422500000,238.71,238.77,238.02,238.44,11378.0,238.3605
2026-01-26 05:30:00,1769423400000,238.6,238.63,238.44,238.44,2639.0,238.5293
2026-01-26 05:45:00,1769424300000,238.41,238.42,238.32,238.32,1263.0,238.396
2026-01-26 06:00:00,1769425200000,238.35,238.35,238.0,238.14,4021.0,238.2141
2026-01-26 06:15:00,1769426100000,238.36,238.4,238.27,238.27,1767.0,238.3589
2026-01-26 06:45:00,1769427900000,238.48,238.53,238.43,238.52,1780.0,238.4998
2026-01-26 07:00:00,1769428800000,238.53,238.94,238.46,238.6,15818.0,238.7088
2026-01-26 07:15:00,1769429700000,238.6,238.71,238.38,238.69,10162.0,238.5908
2026-01-26 07:30:00,1769430600000,238.64,238.8,238.54,238.54,4798.0,238.6786
2026-01-26 07:45:00,1769431500000,238.59,238.76,238.48,238.6,8196.0,238.6141
2026-01-26 08:00:00,1769432400000,237.84,239.3,237.5,239.23,161038.0,238.6158
2026-01-26 08:15:00,1769433300000,239.25,239.4,239.0,239.29,45843.0,239.2587
2026-01-26 08:30:00,1769434200000,239.01,239.24,238.52,238.8,36045.0,238.8855
2026-01-26 08:45:00,1769435100000,238.88,239.71,238.88,239.71,41940.0,239.3882
2026-01-26 09:00:00,1769436000000,239.7,239.81,239.5,239.67,43531.0,239.658
2026-01-26 09:15:00,1769436900000,239.67,240.53,239.52,240.03,116977.0,240.041
2026-01-26 09:30:00,1769437800000,239.98,240.95,237.54,237.84,3166418.0,239.3651
2026-01-26 09:45:00,1769438700000,237.81,238.91,237.6,238.32,1449729.0,238.4304
2026-01-26 10:00:00,1769439600000,238.31,238.91,238.14,238.79,953090.0,238.6057
2026-01-26 10:15:00,1769440500000,238.81,239.6399,238.7,238.965,1037462.0,239.2463
2026-01-26 10:30:00,1769441400000,238.94,239.8,238.92,239.39,808405.0,239.4186
2026-01-26 10:45:00,1769442300000,239.42,239.9299,239.39,239.42,780630.0,239.6958
2026-01-26 11:00:00,1769443200000,239.41,240.0,239.32,239.465,966660.0,239.6404
2026-01-26 11:15:00,1769444100000,239.5197,239.955,238.97,239.8425,879916.0,239.511
2026-01-26 11:30:00,1769445000000,239.855,240.0,239.3501,239.53,595899.0,239.6469
2026-01-26 11:45:00,1769445900000,239.525,239.7982,239.42,239.7,548651.0,239.5645
2026-01-26 12:00:00,1769446800000,239.69,240.13,239.62,239.955,934458.0,239.9372
2026-01-26 12:15:00,1769447700000,239.9596,240.02,239.56,239.63,710985.0,239.7004
2026-01-26 12:30:00,1769448600000,239.6,239.63,239.01,239.315,930090.0,239.21
2026-01-26 12:45:00,1769449500000,239.32,239.33,238.86,239.01,731215.0,239.0129
2026-01-26 13:00:00,1769450400000,239.015,239.41,238.91,239.06,464824.0,239.1722
2026-01-26 13:15:00,1769451300000,239.05,239.29,238.98,239.08,439652.0,239.1386
2026-01-26 13:30:00,1769452200000,239.07,239.36,238.9601,238.9879,689626.0,239.1875
2026-01-26 13:45:00,1769453100000,238.9995,239.24,238.86,239.17,457792.0,239.0586
2026-01-26 14:00:00,1769454000000,239.17,239.33,238.99,239.235,491161.0,239.1883
2026-01-26 14:15:00,1769454900000,239.24,239.558,239.215,239.44,524026.0,239.4115
2026-01-26 14:30:00,1769455800000,239.43,239.51,239.19,239.22,585814.0,239.3167
2026-01-26 14:45:00,1769456700000,239.22,239.46,238.92,239.32,610992.0,239.1518
2026-01-26 15:00:00,1769457600000,239.31,239.9,239.2,239.55,650255.0,239.6499
2026-01-26 15:15:00,1769458500000,239.545,239.56,239.18,239.24,599481.0,239.3428
2026-01-26 15:30:00,1769459400000,239.2,239.58,239.2,239.415,643201.0,239.4188
2026-01-26 15:45:00,1769460300000,239.41,239.42,238.185,238.405,3109534.0,238.6089
2026-01-26 16:00:00,1769461200000,238.42,238.43,238.08,238.14,756034.0,238.4127
2026-01-26 16:15:00,1769462100000,238.29,238.73,238.2707,238.5121,38919.0,238.439
2026-01-26 16:30:00,1769463000000,238.6,238.62,238.51,238.51,6880.0,238.5701
2026-01-26 16:45:00,1769463900000,238.51,238.62,238.5,238.59,7343.0,238.5613
2026-01-26 17:00:00,1769464800000,238.53,238.59,238.1,238.5,25514.0,238.376
2026-01-26 17:15:00,1769465700000,238.4,238.49,238.2565,238.3901,7025.0,238.3518
2026-01-26 17:30:00,1769466600000,238.39,238.49,238.39,238.4899,5883.0,237.8928
2026-01-26 17:45:00,1769467500000,238.49,238.59,238.4,238.53,3982.0,238.4922
2026-01-26 18:00:00,1769468400000,238.48,238.68,238.48,238.55,12044.0,238.5726
2026-01-26 18:15:00,1769469300000,238.59,238.9,238.59,238.9,9643.0,238.7825
2026-01-26 18:30:00,1769470200000,238.7,238.79,238.65,238.79,4330.0,238.7296
2026-01-26 18:45:00,1769471100000,238.72,238.8,238.7,238.8,4616.0,238.7597
2026-01-26 19:00:00,1769472000000,238.77,238.89,238.69,238.77,3841.0,238.7924
2026-01-26 19:15:00,1769472900000,238.8,238.9101,238.8,238.9018,9346.0,238.8696
2026-01-26 19:30:00,1769473800000,238.9486,239.1177,238.91,238.9579,13952.0,239.0067
2026-01-26 19:45:00,1769474700000,239.07,239.08,238.9077,239.0485,11205.0,238.9839
2026-01-27 04:00:00,1769504400000,239.55,240.1,239.52,239.52,9967.0,239.6657
2026-01-27 04:15:00,1769505300000,239.52,239.64,239.52,239.6,5155.0,239.5664
2026-01-27 04:30:00,1769506200000,239.56,239.9,239.56,239.61,5380.0,239.7172
2026-01-27 04:45:00,1769507100000,239.61,239.61,239.59,239.6,2752.0,239.5984
2026-01-27 05:15:00,1769508900000,239.68,239.83,239.68,239.71,6589.0,239.7815
2026-01-27 05:30:00,1769509800000,239.65,239.71,239.61,239.71,2821.0,239.6436
2026-01-27 05:45:00,1769510700000,239.85,239.87,239.48,239.5,7641.0,239.6617
2026-01-27 06:00:00,1769511600000,239.5,239.72,239.5,239.66,5040.0,239.6163
2026-01-27 06:15:00,1769512500000,239.7,239.7,239.36,239.52,4228.0,239.4829
2026-01-27 06:30:00,1769513400000,239.38,239.57,239.36,239.48,10823.0,239.4566
2026-01-27 06:45:00,1769514300000,239.34,239.76,239.24,239.7,10732.0,239.5107
2026-01-27 07:00:00,1769515200000,239.79,240.0,239.68,239.7,25478.0,239.876
2026-01-27 07:15:00,1769516100000,239.62,239.72,239.45,239.5,11943.0,239.564
2026-01-27 07:30:00,1769517000000,239.55,239.78,239.5,239.725,9028.0,239.5778
2026-01-27 07:45:00,1769517900000,239.65,240.1,239.65,240.1,17744.0,239.884
2026-01-27 08:00:00,1769518800000,239.93,240.809,239.25,240.39,396838.0,239.0311
2026-01-27 08:15:00,1769519700000,240.3491,240.35,240.0,240.2,275402.0,238.6363
2026-01-27 08:30:00,1769520600000,240.1682,240.24,239.93,239.95,30719.0,240.0496
2026-01-27 08:45:00,1769521500000,239.96,239.97,239.58,239.91,36743.0,239.7508
2026-01-27 09:00:00,1769522400000,239.92,240.1632,239.85,239.9,43947.0,240.0299
2026-01-27 09:15:00,1769523300000,239.778,240.15,239.66,239.66,33083.0,239.8202
2026-01-27 09:30:00,1769524200000,239.685,240.27,238.08,239.59,2751826.0,239.1788
2026-01-27 09:45:00,1769525100000,239.59,239.99,238.7,238.78,1434709.0,239.4328
2026-01-27 10:00:00,1769526000000,238.76,240.68,238.72,240.475,1478456.0,239.6894
2026-01-27 10:15:00,1769526900000,240.47,242.29,240.43,242.04,2152019.0,241.429
2026-01-27 10:30:00,1769527800000,242.03,242.9299,241.46,241.59,1719065.0,242.1901
2026-01-27 10:45:00,1769528700000,241.59,241.98,240.82,241.04,967582.0,241.3904
2026-01-27 11:00:00,1769529600000,241.03,242.29,241.0,242.24,1555093.0,241.6271
2026-01-27 11:15:00,1769530500000,242.24,242.31,241.725,241.77,929153.0,241.9812
2026-01-27 11:30:00,1769531400000,241.76,242.24,241.75,242.215,937978.0,242.0298
2026-01-27 11:45:00,1769532300000,242.21,242.9,242.03,242.49,1070950.0,242.4835
2026-01-27 12:00:00,1769533200000,242.48,242.55,241.78,242.15,823591.0,242.1041
2026-01-27 12:15:00,1769534100000,242.14,242.46,241.89,242.35,1002969.0,242.1472
2026-01-27 12:30:00,1769535000000,242.34,242.47,241.71,241.96,690408.0,242.0778
2026-01-27 12:45:00,1769535900000,241.97,242.3874,241.7999,242.25,589834.0,242.0782
2026-01-27 13:00:00,1769536800000,242.28,242.3628,241.71,242.36,612182.0,242.0076
2026-01-27 13:15:00,1769537700000,242.36,243.1591,242.355,243.08,848076.0,242.803
2026-01-27 13:30:00,1769538600000,243.09,243.81,242.9826,243.05,1373084.0,243.4531
2026-01-27 13:45:00,1769539500000,243.04,243.75,243.04,243.525,788878.0,243.4093
2026-01-27 14:00:00,1769540400000,243.53,243.84,243.14,243.7,1276730.0,243.3923
2026-01-27 14:15:00,1769541300000,243.71,243.96,243.36,243.825,986012.0,243.6557
2026-01-27 14:30:00,1769542200000,243.84,244.3299,243.68,244.05,1127271.0,243.9169
2026-01-27 14:45:00,1769543100000,244.07,244.88,243.99,244.13,1121014.0,244.3847
2026-01-27 15:00:00,1769544000000,244.13,244.65,244.095,244.41,1259201.0,244.3735
2026-01-27 15:15:00,1769544900000,244.41,244.48,243.89,244.03,1077469.0,244.1783
2026-01-27 15:30:00,1769545800000,244.03,244.77,243.82,244.58,1330062.0,244.4923
2026-01-27 15:45:00,1769546700000,244.57,244.85,244.48,244.68,2680336.0,244.6695
2026-01-27 16:00:00,1769547600000,244.68,244.84,244.52,244.8,486110.0,244.6825
2026-01-27 16:15:00,1769548500000,244.75,245.12,244.75,245.01,53914.0,244.9346
2026-01-27 16:30:00,1769549400000,245.09,245.2,244.68,245.2,47352.0,244.9642
2026-01-27 16:45:00,1769550300000,245.1497,245.2,244.91,244.91,18468.0,245.0966
2026-01-27 17:00:00,1769551200000,245.0,245.1,244.83,244.83,15141.0,244.9357
2026-01-27 17:15:00,1769552100000,244.83,244.9602,244.62,244.62,17576.0,244.798
2026-01-27 17:30:00,1769553000000,244.62,244.9363,244.6,244.9,13836.0,244.7139
2026-01-27 17:45:00,1769553900000,244.68,244.98,244.68,244.9301,4314.0,244.8914
2026-01-27 18:00:00,1769554800000,244.98,245.03,244.93,245.0199,8016.0,244.9884
2026-01-27 18:15:00,1769555700000,244.99,245.0,244.93,244.931,8576.0,244.9835
2026-01-27 18:30:00,1769556600000,245.0,245.0,244.8655,244.8655,2409.0,244.9328
2026-01-27 18:45:00,1769557500000,244.88,244.93,244.8,244.9,8061.0,244.8439
2026-01-27 19:00:00,1769558400000,244.8131,244.94,244.7801,244.94,8885.0,244.9042
2026-01-27 19:15:00,1769559300000,244.91,245.0993,244.9093,244.97,5446.0,245.0008
2026-01-27 19:30:00,1769560200000,245.09,245.2424,245.0,245.2,7811.0,245.1259
2026-01-27 19:45:00,1769561100000,245.2674,245.55,245.15,245.5333,14777.0,245.3816
2026-01-28 04:00:00,1769590800000,245.6,245.74,245.21,245.3,10734.0,245.3984
2026-01-28 04:15:00,1769591700000,245.27,245.43,245.2,245.2,10327.0,245.2684
2026-01-28 04:30:00,1769592600000,245.22,245.35,245.13,245.13,3491.0,245.2534
2026-01-28 04:45:00,1769593500000,245.05,245.06,244.64,244.89,10051.0,244.8397
2026-01-28 05:00:00,1769594400000,244.98,245.43,244.76,245.01,12105.0,245.1484
2026-01-28 05:15:00,1769595300000,244.98,245.4,244.9,245.39,8111.0,245.1359
2026-01-28 05:30:00,1769596200000,245.26,245.27,245.06,245.16,4142.0,245.1783
2026-01-28 05:45:00,1769597100000,245.18,245.8,245.18,245.8,10778.0,245.5027
2026-01-28 06:00:00,1769598000000,245.75,245.75,245.25,245.65,8524.0,245.517
2026-01-28 06:15:00,1769598900000,245.59,245.7,245.45,245.45,6998.0,245.5699
2026-01-28 06:30:00,1769599800000,245.49,245.49,245.36,245.45,4425.0,245.4459
2026-01-28 06:45:00,1769600700000,245.4,245.47,245.3,245.4,5702.0,245.3867
2026-01-28 07:00:00,1769601600000,245.49,246.22,245.25,245.6,47766.0,245.8596
2026-01-28 07:15:00,1769602500000,245.58,245.62,245.29,245.6,13159.0,245.5733
2026-01-28 07:30:00,1769603400000,245.65,245.75,245.5,245.71,7264.0,245.6256
2026-01-28 07:45:00,1769604300000,245.74,246.05,245.74,245.88,15901.0,245.9345
2026-01-28 08:00:00,1769605200000,245.53,246.7,244.5,245.7362,228075.0,245.8409
2026-01-28 08:15:00,1769606100000,245.88,246.459,245.79,246.36,50031.0,246.1666
2026-01-28 08:30:00,1769607000000,246.41,246.74,246.32,246.4987,87087.0,246.4816
2026-01-28 08:45:00,1769607900000,246.45,246.5,245.9,245.95,80019.0,246.2066
2026-01-28 09:00:00,1769608800000,246.0,246.12,245.4313,245.4313,72801.0,245.8603
2026-01-28 09:15:00,1769609700000,245.43,246.65,245.4,246.41,91855.0,245.7356
2026-01-28 09:30:00,1769610600000,246.365,247.13,245.08,246.18,3294581.0,246.1341
2026-01-28 09:45:00,1769611500000,246.155,247.57,245.2219,247.28,2112110.0,246.7213
2026-01-28 10:00:00,1769612400000,247.28,247.775,245.525,245.56,1822936.0,246.8658
2026-01-28 10:15:00,1769613300000,245.55,245.85,244.73,244.905,1400009.0,245.2572
2026-01-28 10:30:00,1769614200000,244.9,245.09,243.59,243.69,1560400.0,244.2803
2026-01-28 10:45:00,1769615100000,243.7,244.04,242.855,243.1,1578607.0,243.412
2026-01-28 11:00:00,1769616000000,243.13,243.44,242.71,243.19,1074390.0,243.0605
2026-01-28 11:15:00,1769616900000,243.18,243.35,242.58,243.08,1231709.0,242.937
2026-01-28 11:30:00,1769617800000,243.06,243.06,241.845,241.9701,1359825.0,242.3657
2026-01-28 11:45:00,1769618700000,241.98,242.36,241.53,241.81,1245491.0,241.975
2026-01-28 12:00:00,1769619600000,241.81,242.83,241.8,242.7,855648.0,242.2604
2026-01-28 12:15:00,1769620500000,242.71,243.01,242.36,242.4425,718746.0,242.6558
2026-01-28 12:30:00,1769621400000,242.43,242.78,242.17,242.68,690344.0,242.387
2026-01-28 12:45:00,1769622300000,242.67,243.32,242.64,243.04,798786.0,242.9989
2026-01-28 13:00:00,1769623200000,243.03,243.34,242.71,243.26,624147.0,242.9999
2026-01-28 13:15:00,1769624100000,243.2546,243.4,242.85,242.94,688065.0,243.112
2026-01-28 13:30:00,1769625000000,242.94,243.08,242.62,242.8597,581690.0,242.8289
2026-01-28 13:45:00,1769625900000,242.86,243.2,242.78,243.005,608611.0,242.9933
2026-01-28 14:00:00,1769626800000,242.96,243.2904,242.32,242.65,913668.0,242.6988
2026-01-28 14:15:00,1769627700000,242.65,243.19,242.21,242.27,804897.0,242.782
2026-01-28 14:30:00,1769628600000,242.24,243.18,242.05,242.49,1207522.0,242.598
2026-01-28 14:45:00,1769629500000,242.47,243.32,242.45,242.87,837158.0,242.9863
2026-01-28 15:00:00,1769630400000,242.86,243.4494,242.77,243.1,947502.0,243.0836
2026-01-28 15:15:00,1769631300000,243.1,243.65,242.94,243.0899,935708.0,243.321
2026-01-28 15:30:00,1769632200000,243.1,243.37,243.05,243.275,835633.0,243.1899
2026-01-28 15:45:00,1769633100000,243.27,243.77,242.88,243.02,2571766.0,243.3259
2026-01-28 16:00:00,1769634000000,243.01,243.2277,238.38,241.1,575325.0,241.1536
2026-01-28 16:15:00,1769634900000,241.05,242.7216,241.03,242.65,152367.0,242.2137
2026-01-28 16:30:00,1769635800000,242.639,243.5,242.02,243.3,114143.0,242.9614
2026-01-28 16:45:00,1769636700000,243.375,244.32,243.3,243.61,113654.0,243.8105
2026-01-28 17:00:00,1769637600000,243.62,243.7,243.01,243.32,40952.0,243.3633
2026-01-28 17:15:00,1769638500000,243.3,243.74,243.2,243.6,40966.0,243.4793
2026-01-28 17:30:00,1769639400000,243.65,243.75,243.0,243.07,40844.0,243.3775
2026-01-28 17:45:00,1769640300000,243.0994,244.3,242.52,244.17,59692.0,243.2991
2026-01-28 18:00:00,1769641200000,243.3,243.67,239.01,239.68,128579.0,240.6873
2026-01-28 18:15:00,1769642100000,239.6,241.5,239.6,240.55,47362.0,240.8327
2026-01-28 18:30:00,1769643000000,240.6,241.4419,240.5,241.25,35652.0,241.0951
2026-01-28 18:45:00,1769643900000,241.13,241.43,240.94,241.0,27847.0,241.1076
2026-01-28 19:00:00,1769644800000,241.0,241.24,240.2101,241.07,25220.0,240.7727
2026-01-28 19:15:00,1769645700000,241.04,241.3099,240.7,241.3099,15795.0,241.0621
2026-01-28 19:30:00,1769646600000,241.33,241.35,241.1,241.16,6411.0,241.1929
2026-01-28 19:45:00,1769647500000,241.22,241.45,241.1,241.4399,12784.0,241.3254
2026-01-29 04:00:00,1769677200000,243.35,243.35,242.25,242.59,21937.0,242.6618
2026-01-29 04:15:00,1769678100000,242.58,242.73,242.45,242.45,4496.0,242.5585
2026-01-29 04:30:00,1769679000000,242.61,242.67,242.35,242.46,2812.0,242.5224
2026-01-29 04:45:00,1769679900000,242.51,242.51,241.49,241.51,7500.0,241.9678
2026-01-29 05:00:00,1769680800000,241.76,241.96,241.66,241.66,4671.0,241.7946
2026-01-29 05:15:00,1769681700000,241.75,241.84,241.72,241.77,1474.0,241.7654
2026-01-29 05:30:00,1769682600000,241.7,241.7,241.25,241.28,3807.0,241.3804
2026-01-29 05:45:00,1769683500000,241.29,241.45,241.2,241.21,4384.0,241.3218
2026-01-29 06:00:00,1769684400000,241.02,241.33,240.8,241.25,6530.0,240.9812
2026-01-29 06:15:00,1769685300000,241.07,241.23,241.07,241.12,3158.0,241.1319
2026-01-29 06:30:00,1769686200000,241.05,242.74,241.05,241.28,45639.0,241.8074
2026-01-29 06:45:00,1769687100000,241.27,241.55,241.27,241.55,6283.0,241.456
2026-01-29 07:00:00,1769688000000,241.44,242.0,241.44,241.53,26352.0,241.6974
2026-01-29 07:15:00,1769688900000,241.76,242.52,241.76,241.98,38544.0,242.0994
2026-01-29 07:30:00,1769689800000,241.98,242.3,241.6,241.6,11325.0,242.0592
2026-01-29 07:45:00,1769690700000,241.68,241.87,241.55,241.8,6144.0,241.6889
2026-01-29 08:00:00,1769691600000,242.72,243.26,240.8,241.5295,127625.0,242.2055
2026-01-29 08:15:00,1769692500000,241.8,241.8,241.32,241.52,35845.0,241.593
2026-01-29 08:30:00,1769693400000,241.51,242.34,241.45,242.32,31480.0,241.9867
2026-01-29 08:45:00,1769694300000,242.3,242.3,241.55,241.7684,22147.0,241.9038
2026-01-29 09:00:00,1769695200000,241.77,241.9,241.25,241.32,178464.0,242.6083
2026-01-29 09:15:00,1769696100000,241.62,243.18,241.03,242.88,101284.0,242.3933
2026-01-29 09:30:00,1769697000000,242.82,243.0,240.67,240.715,4022628.0,242.1062
2026-01-29 09:45:00,1769697900000,240.69,241.4,238.58,239.09,3705565.0,239.9857
2026-01-29 10:00:00,1769698800000,239.12,239.85,237.615,239.06,3107621.0,238.5319
2026-01-29 10:15:00,1769699700000,239.06,239.86,238.5,238.785,1771550.0,239.2001
2026-01-29 10:30:00,1769700600000,238.77,238.88,237.19,237.43,1876538.0,238.0234
2026-01-29 10:45:00,1769701500000,237.41,237.88,236.795,237.15,1946602.0,237.2195
2026-01-29 11:00:00,1769702400000,237.15,237.85,236.742,237.67,1303197.0,237.1607
2026-01-29 11:15:00,1769703300000,237.66,238.42,237.5407,238.0,1513154.0,238.0383
2026-01-29 11:30:00,1769704200000,237.98,238.965,237.7706,238.86,915121.0,238.2836
2026-01-29 11:45:00,1769705100000,238.87,239.28,238.79,238.98,1429029.0,239.07
2026-01-29 12:00:00,1769706000000,238.99,239.6734,238.91,239.6201,816279.0,239.17
2026-01-29 12:15:00,1769706900000,239.62,240.05,239.46,239.98,834869.0,239.7248
2026-01-29 12:30:00,1769707800000,239.97,240.57,239.57,239.9,780651.0,240.0961
2026-01-29 12:45:00,1769708700000,239.88,239.89,238.27,238.46,931472.0,238.9501
2026-01-29 13:00:00,1769709600000,238.46,239.47,238.34,239.181,1024220.0,238.903
2026-01-29 13:15:00,1769710500000,239.16,239.78,239.03,239.58,710167.0,239.4236
2026-01-29 13:30:00,1769711400000,239.58,240.23,239.345,239.42,864887.0,239.8237
2026-01-29 13:45:00,1769712300000,239.41,239.42,238.9333,239.12,669200.0,239.0922
2026-01-29 14:00:00,1769713200000,239.1,239.51,238.94,239.09,817882.0,239.152
2026-01-29 14:15:00,1769714100000,239.085,239.81,239.085,239.5198,709407.0,239.5128
2026-01-29 14:30:00,1769715000000,239.51,239.55,238.9,239.1607,736266.0,239.1317
2026-01-29 14:45:00,1769715900000,239.15,239.4,239.0,239.17,645362.0,239.1512
2026-01-29 15:00:00,1769716800000,239.18,239.78,239.08,239.72,870293.0,239.4723
2026-01-29 15:15:00,1769717700000,239.7,240.1899,239.55,239.98,924695.0,239.8516
2026-01-29 15:30:00,1769718600000,239.99,241.45,239.12,241.315,3125143.0,240.5152
2026-01-29 15:45:00,1769719500000,241.315,241.96,241.06,241.68,2896007.0,241.5934
2026-01-29 16:00:00,1769720400000,241.73,242.0,240.0563,240.8,330048.0,241.6276
2026-01-29 16:15:00,1769721300000,240.67,242.41,240.55,242.4,79642.0,241.7423
2026-01-29 16:30:00,1769722200000,242.44,242.8,241.5285,241.85,72662.0,242.194
2026-01-29 16:45:00,1769723100000,241.7992,242.13,241.5,241.6,48143.0,241.8256
2026-01-29 17:00:00,1769724000000,241.61,241.9,241.3,241.89,16822.0,241.6161
2026-01-29 17:15:00,1769724900000,241.9,241.9,241.18,241.63,16009.0,241.5227
2026-01-29 17:30:00,1769725800000,241.75,241.98,241.4245,241.687,14208.0,241.7781
2026-01-29 17:45:00,1769726700000,241.6561,241.86,241.6032,241.7999,10019.0,241.7373
2026-01-29 18:00:00,1769727600000,241.85,242.15,240.29,240.29,27740.0,241.4988
2026-01-29 18:15:00,1769728500000,240.34,241.52,240.24,240.24,15468.0,241.1062
2026-01-29 18:30:00,1769729400000,240.99,241.91,240.6,241.73,15640.0,241.5933
2026-01-29 18:45:00,1769730300000,241.69,241.69,241.41,241.48,3355.0,241.5245
2026-01-29 19:00:00,1769731200000,241.33,241.58,241.04,241.1,4119.0,241.3009
2026-01-29 19:15:00,1769732100000,241.1,241.4,240.7287,240.8,8757.0,241.0933
2026-01-29 19:30:00,1769733000000,240.5,241.38,240.5,240.75,16247.0,240.8405
2026-01-29 19:45:00,1769733900000,240.75,240.75,240.5,240.56,15459.0,240.6689
2026-01-30 04:00:00,1769763600000,240.0,240.25,238.74,239.24,44335.0,239.7678
2026-01-30 04:15:00,1769764500000,239.3,239.43,239.3,239.34,1027.0,239.3551
2026-01-30 04:30:00,1769765400000,239.3,239.55,239.3,239.34,2949.0,239.4379
2026-01-30 04:45:00,1769766300000,239.02,239.15,238.77,239.15,6539.0,238.9812
2026-01-30 05:00:00,1769767200000,239.35,239.53,239.35,239.5,2117.0,239.4625
2026-01-30 05:15:00,1769768100000,239.52,239.66,239.35,239.35,1214.0,239.4847
2026-01-30 05:30:00,1769769000000,239.59,239.71,239.53,239.61,2873.0,239.572
2026-01-30 05:45:00,1769769900000,239.53,239.53,239.23,239.23,1115.0,239.3643
2026-01-30 06:00:00,1769770800000,239.21,239.34,239.18,239.18,1850.0,239.2442
2026-01-30 06:15:00,1769771700000,239.46,239.66,239.32,239.49,2698.0,239.4618
2026-01-30 06:30:00,1769772600000,239.65,239.99,239.61,239.99,4989.0,239.8118
2026-01-30 06:45:00,1769773500000,239.78,240.3,239.47,240.18,5600.0,239.9654
2026-01-30 07:00:00,1769774400000,240.09,240.7,240.0,240.0,14837.0,240.3478
2026-01-30 07:15:00,1769775300000,239.99,239.99,239.78,239.79,3219.0,239.9265
2026-01-30 07:30:00,1769776200000,239.98,240.3,239.92,240.0,12771.0,240.1289
2026-01-30 07:45:00,1769777100000,239.79,239.83,239.48,239.56,6676.0,239.693
2026-01-30 08:00:00,1769778000000,240.18,240.7,237.87,239.75,163755.0,239.5502
2026-01-30 08:15:00,1769778900000,239.675,239.7613,239.02,239.24,11164.0,239.2872
2026-01-30 08:30:00,1769779800000,239.15,239.3296,238.55,239.0,53438.0,240.1431
2026-01-30 08:45:00,1769780700000,238.97,239.19,238.8,238.8,15449.0,238.9568
2026-01-30 09:00:00,1769781600000,238.7,239.2,238.7,239.19,30587.0,238.9664
2026-01-30 09:15:00,1769782500000,239.1458,239.94,238.54,239.94,29946.0,239.2651
2026-01-30 09:30:00,1769783400000,239.89,241.7,238.57,240.54,3384189.0,240.2138
2026-01-30 09:45:00,1769784300000,240.4418,242.4783,240.26,241.42,1842522.0,241.6893
2026-01-30 10:00:00,1769785200000,241.42,243.315,240.99,243.04,1659447.0,242.184
2026-01-30 10:15:00,1769786100000,243.02,243.13,242.15,242.31,1420936.0,242.6703
2026-01-30 10:30:00,1769787000000,242.3,242.92,241.71,242.79,1217441.0,242.2178
2026-01-30 10:45:00,1769787900000,242.78,243.06,241.67,241.93,894615.0,242.3967
2026-01-30 11:00:00,1769788800000,241.91,242.15,241.38,241.62,1032750.0,241.7588
2026-01-30 11:15:00,1769789700000,241.61,241.6294,239.0,240.6601,1432708.0,240.5711
2026-01-30 11:30:00,1769790600000,240.6401,241.46,240.32,241.295,835166.0,240.8021
2026-01-30 11:45:00,1769791500000,241.28,241.6,240.64,240.8901,818055.0,241.2697
2026-01-30 12:00:00,1769792400000,240.905,241.06,239.8,240.355,861622.0,240.3024
2026-01-30 12:15:00,1769793300000,240.34,241.11,240.21,240.72,1159566.0,240.6935
2026-01-30 12:30:00,1769794200000,240.69,240.91,239.945,240.35,662282.0,240.3537
2026-01-30 12:45:00,1769795100000,240.345,240.4799,239.33,239.46,831907.0,239.9225
2026-01-30 13:00:00,1769796000000,239.41,239.72,238.7401,238.94,1204989.0,239.3844
2026-01-30 13:15:00,1769796900000,238.92,239.04,237.77,238.64,1190255.0,238.4038
2026-01-30 13:30:00,1769797800000,238.66,239.3981,238.3,239.245,1042960.0,238.8323
2026-01-30 13:45:00,1769798700000,239.23,240.75,239.2,240.555,2583415.0,240.0458
2026-01-30 14:00:00,1769799600000,240.57,241.31,240.54,240.77,875827.0,240.881
2026-01-30 14:15:00,1769800500000,240.77,240.91,240.16,240.18,687314.0,240.5174
2026-01-30 14:30:00,1769801400000,240.175,240.84,239.69,240.33,934803.0,240.437
2026-01-30 14:45:00,1769802300000,240.31,240.69,239.7031,239.74,829168.0,240.1726
2026-01-30 15:00:00,1769803200000,239.74,240.2,239.6,239.92,754989.0,239.8971
2026-01-30 15:15:00,1769804100000,239.91,240.28,239.5301,239.94,954080.0,239.9006
2026-01-30 15:30:00,1769805000000,239.94,240.1341,239.2509,239.77,1292116.0,239.6693
2026-01-30 15:45:00,1769805900000,239.75,240.07,237.64,239.26,4637720.0,239.1214
2026-01-30 16:00:00,1769806800000,239.3,240.01,239.3,239.4,367900.0,239.3742
2026-01-30 16:15:00,1769807700000,239.3173,239.74,239.3,239.51,16768.0,239.5229
2026-01-30 16:30:00,1769808600000,239.68,239.73,239.34,239.58,10541.0,239.558
2026-01-30 16:45:00,1769809500000,239.4294,239.66,239.4,239.6504,6606.0,239.5667
2026-01-30 17:00:00,1769810400000,239.77,239.77,239.65,239.68,3286.0,239.6846
2026-01-30 17:15:00,1769811300000,239.69,239.7,239.52,239.52,13366.0,239.6462
2026-01-30 17:30:00,1769812200000,239.6,239.8,239.52,239.7999,16241.0,239.7276
2026-01-30 17:45:00,1769813100000,239.8,240.0,239.8,239.9997,31091.0,239.9656
2026-01-30 18:00:00,1769814000000,239.75,239.98,239.5817,239.7,2942.0,239.8026
2026-01-30 18:15:00,1769814900000,239.74,239.7892,239.6474,239.75,4315.0,239.69
2026-01-30 18:30:00,1769815800000,239.7,239.7535,239.7,239.7297,2615.0,239.7244
2026-01-30 18:45:00,1769816700000,239.72,239.7753,239.3,239.31,11266.0,239.5385
2026-01-30 19:00:00,1769817600000,239.3542,239.49,239.0,239.33,5662.0,239.2732
2026-01-30 19:15:00,1769818500000,239.31,239.32,239.0,239.15,9174.0,239.1877
2026-01-30 19:30:00,1769819400000,239.15,239.2,239.0,239.0,5333.0,239.0634
2026-01-30 19:45:00,1769820300000,239.0,239.49,239.0,239.29,6669.0,239.1296
2026-02-02 04:00:00,1770022800000,237.2,237.2,235.88,236.86,17656.0,236.8685
2026-02-02 04:15:00,1770023700000,236.97,237.5,236.9,237.17,6594.0,237.1738
2026-02-02 04:30:00,1770024600000,237.38,237.38,237.3,237.36,3687.0,237.3513
2026-02-02 04:45:00,1770025500000,237.5,237.5,237.23,237.23,5016.0,237.3974
2026-02-02 05:00:00,1770026400000,237.35,237.54,237.25,237.35,6874.0,237.3642
2026-02-02 05:15:00,1770027300000,237.37,237.78,237.37,237.54,9354.0,237.555
2026-02-02 05:30:00,1770028200000,237.5,237.5,237.41,237.41,2813.0,237.4548
2026-02-02 05:45:00,1770029100000,237.26,237.4,237.23,237.23,2080.0,237.281
2026-02-02 06:00:00,1770030000000,237.25,237.66,237.25,237.66,6510.0,237.4479
2026-02-02 06:15:00,1770030900000,237.63,237.83,237.6,237.83,4679.0,237.7541
2026-02-02 06:30:00,1770031800000,237.96,238.01,237.96,238.01,2551.0,237.9895
2026-02-02 06:45:00,1770032700000,238.09,238.09,237.85,237.85,2142.0,237.9617
2026-02-02 07:00:00,1770033600000,237.76,238.0,237.7,237.79,14064.0,237.8389
2026-02-02 07:15:00,1770034500000,237.77,238.16,237.67,237.79,14155.0,237.9071
2026-02-02 07:30:00,1770035400000,237.8,237.98,237.75,237.92,4612.0,237.8366
2026-02-02 07:45:00,1770036300000,238.06,238.14,237.88,237.89,9747.0,238.0142
2026-02-02 08:00:00,1770037200000,239.3,239.3,234.01,237.5,218071.0,236.5281
2026-02-02 08:15:00,1770038100000,237.5418,237.79,237.3,237.5945,15084.0,237.5949
2026-02-02 08:30:00,1770039000000,237.6,238.03,237.4,238.03,17916.0,237.7711
2026-02-02 08:45:00,1770039900000,238.15,238.46,237.86,238.42,31235.0,238.1282
2026-02-02 09:00:00,1770040800000,238.23,238.6,238.2241,238.5,30914.0,238.4142
2026-02-02 09:15:00,1770041700000,238.56,238.85,238.01,238.21,77732.0,238.5768
2026-02-02 09:30:00,1770042600000,238.31,241.43,238.17,240.91,2974180.0,239.9813
2026-02-02 09:45:00,1770043500000,240.91,243.49,240.6,243.3,2195264.0,242.4051
2026-02-02 10:00:00,1770044400000,243.32,244.84,242.79,244.75,2206515.0,244.098
2026-02-02 10:15:00,1770045300000,244.74,245.6299,244.15,244.755,2079238.0,244.9386
2026-02-02 10:30:00,1770046200000,244.77,245.31,243.97,244.45,1344935.0,244.5918
2026-02-02 10:45:00,1770047100000,244.43,244.575,243.68,243.86,1062326.0,244.1878
2026-02-02 11:00:00,1770048000000,243.87,244.18,243.28,243.835,846467.0,243.7239
2026-02-02 11:15:00,1770048900000,243.84,244.625,243.791,244.54,862428.0,244.2588
2026-02-02 11:30:00,1770049800000,244.53,244.96,244.39,244.62,766927.0,244.6917
2026-02-02 11:45:00,1770050700000,244.61,245.0,244.38,244.915,560716.0,244.6951
2026-02-02 12:00:00,1770051600000,244.8901,245.39,244.86,244.91,854581.0,245.1218
2026-02-02 12:15:00,1770052500000,244.915,245.15,244.6,244.9603,613572.0,244.8995
2026-02-02 12:30:00,1770053400000,244.975,245.17,244.77,245.0599,640744.0,245.0033
2026-02-02 12:45:00,1770054300000,245.05,245.205,244.7,244.725,613060.0,245.0051
2026-02-02 13:00:00,1770055200000,244.74,244.85,244.525,244.6,647589.0,244.6828
2026-02-02 13:15:00,1770056100000,244.59,244.61,243.54,243.585,963901.0,244.0684
2026-02-02 13:30:00,1770057000000,243.57,244.22,243.48,243.61,785777.0,243.8295
2026-02-02 13:45:00,1770057900000,243.62,243.99,243.5116,243.75,820675.0,243.7645
2026-02-02 14:00:00,1770058800000,243.73,244.001,243.45,243.82,704861.0,243.6675
2026-02-02 14:15:00,1770059700000,243.815,244.05,243.52,243.54,724820.0,243.7776
2026-02-02 14:30:00,1770060600000,243.53,243.93,243.4201,243.91,818286.0,243.6245
2026-02-02 14:45:00,1770061500000,243.915,243.96,242.92,242.9401,916542.0,243.4883
2026-02-02 15:00:00,1770062400000,242.96,243.54,242.695,243.17,1501825.0,243.301
2026-02-02 15:15:00,1770063300000,243.17,243.375,242.9,242.9582,912343.0,243.1549
2026-02-02 15:30:00,1770064200000,242.95,243.28,242.56,243.28,1126448.0,242.8183
2026-02-02 15:45:00,1770065100000,243.26,244.39,242.83,242.95,2610399.0,243.0965
2026-02-02 16:00:00,1770066000000,242.96,243.26,242.71,242.86,304028.0,242.9693
2026-02-02 16:15:00,1770066900000,242.91,243.2,242.91,243.1486,36319.0,243.0558
2026-02-02 16:30:00,1770067800000,243.02,243.15,242.96,243.0,22727.0,243.0384
2026-02-02 16:45:00,1770068700000,243.0,243.01,242.9,242.9,15918.0,242.9841
2026-02-02 17:00:00,1770069600000,242.87,242.9,242.77,242.8538,11012.0,243.143
2026-02-02 17:15:00,1770070500000,242.8955,243.0,242.8514,242.95,13043.0,242.9823
2026-02-02 17:30:00,1770071400000,242.96,243.4,242.9,243.4,25877.0,243.1482
2026-02-02 17:45:00,1770072300000,243.3,243.4,243.25,243.4,7223.0,243.2984
2026-02-02 18:00:00,1770073200000,243.26,243.68,243.13,243.6599,16381.0,243.3505
2026-02-02 18:15:00,1770074100000,243.64,243.66,243.43,243.5,11053.0,243.5905
2026-02-02 18:30:00,1770075000000,243.59,244.0,243.59,243.82,19254.0,243.7513
2026-02-02 18:45:00,1770075900000,243.9,243.98,243.8,243.8,9849.0,243.8906
2026-02-02 19:00:00,1770076800000,243.8,243.8,243.0638,243.6453,8628.0,243.5272
2026-02-02 19:15:00,1770077700000,243.3303,244.14,243.3303,244.1,18840.0,243.8354
2026-02-02 19:30:00,1770078600000,244.14,244.16,243.91,243.99,14253.0,244.0661
2026-02-02 19:45:00,1770079500000,243.95,244.08,243.9,244.04,8903.0,244.0345
2026-02-03 04:00:00,1770109200000,244.66,244.66,244.01,244.01,10727.0,244.2163
2026-02-03 04:15:00,1770110100000,244.33,245.1,244.32,244.59,41397.0,244.8173
2026-02-03 04:30:00,1770111000000,244.73,244.73,244.59,244.59,1346.0,244.6783
2026-02-03 04:45:00,1770111900000,244.62,244.73,244.51,244.53,4360.0,244.5667
2026-02-03 05:00:00,1770112800000,244.58,245.64,244.58,244.87,15679.0,245.0307
2026-02-03 05:15:00,1770113700000,244.87,244.89,244.75,244.85,4694.0,244.846
2026-02-03 05:30:00,1770114600000,244.68,244.68,244.4,244.4,6182.0,244.5746
2026-02-03 05:45:00,1770115500000,244.52,244.57,244.47,244.56,3063.0,244.5227
2026-02-03 06:00:00,1770116400000,244.65,244.65,244.42,244.65,4255.0,244.5504
2026-02-03 06:15:00,1770117300000,244.64,245.2,244.64,244.76,14235.0,244.9316
2026-02-03 06:30:00,1770118200000,244.75,244.75,244.58,244.58,2412.0,244.6452
2026-02-03 06:45:00,1770119100000,244.73,244.73,244.32,244.39,10153.0,244.4539
2026-02-03 07:00:00,1770120000000,244.59,244.68,244.2,244.6,11696.0,244.4242
2026-02-03 07:15:00,1770120900000,244.55,245.09,244.55,245.09,14571.0,244.886
2026-02-03 07:30:00,1770121800000,245.07,245.07,244.75,245.05,8128.0,244.9765
2026-02-03 07:45:00,1770122700000,245.05,245.14,244.71,244.71,18356.0,244.9491
2026-02-03 08:00:00,1770123600000,244.75,245.43,243.77,244.84,142917.0,244.5717
2026-02-03 08:15:00,1770124500000,244.75,244.9309,244.5,244.8,20662.0,244.6878
2026-02-03 08:30:00,1770125400000,244.86,245.0,243.98,244.0,50307.0,244.3038
2026-02-03 08:45:00,1770126300000,244.0,244.0,243.88,243.94,47015.0,243.9717
2026-02-03 09:00:00,1770127200000,243.9458,244.0,243.8,243.95,28107.0,243.9595
2026-02-03 09:15:00,1770128100000,243.9,245.1,243.6,245.1,91528.0,244.1788
2026-02-03 09:30:00,1770129000000,244.975,246.35,242.8801,243.64,5224935.0,244.504
2026-02-03 09:45:00,1770129900000,243.6,245.01,240.86,241.1446,2558810.0,243.1168
2026-02-03 10:00:00,1770130800000,241.11,241.25,238.41,239.1,2691883.0,239.7194
2026-02-03 10:15:00,1770131700000,239.09,240.07,237.71,239.215,3424176.0,238.8502
2026-02-03 10:30:00,1770132600000,239.19,239.225,237.55,238.83,1865582.0,238.5529
2026-02-03 10:45:00,1770133500000,238.815,239.65,237.85,237.9,2030037.0,238.9509
2026-02-03 11:00:00,1770134400000,237.89,238.49,236.98,238.155,2073466.0,237.5669
2026-02-03 11:15:00,1770135300000,238.18,238.6,237.07,237.58,1186100.0,237.7673
2026-02-03 11:30:00,1770136200000,237.59,237.7,236.87,237.22,1215437.0,237.1799
2026-02-03 11:45:00,1770137100000,237.1801,237.55,236.36,237.18,1128158.0,237.0713
2026-02-03 12:00:00,1770138000000,237.14,237.9,236.7,236.95,1244157.0,237.3584
2026-02-03 12:15:00,1770138900000,236.93,237.81,236.86,237.3,790645.0,237.4201
2026-02-03 12:30:00,1770139800000,237.28,237.69,236.5931,236.83,1467611.0,237.1911
2026-02-03 12:45:00,1770140700000,236.82,238.24,236.77,237.69,1487387.0,237.8074
2026-02-03 13:00:00,1770141600000,237.68,237.9025,236.3,236.39,1119587.0,237.117
2026-02-03 13:15:00,1770142500000,236.39,237.21,236.39,236.9299,831215.0,236.7202
2026-02-03 13:30:00,1770143400000,236.91,237.11,236.0,236.32,900070.0,236.5147
2026-02-03 13:45:00,1770144300000,236.325,236.35,235.65,235.98,1006826.0,236.0056
2026-02-03 14:00:00,1770145200000,235.955,236.7,235.45,236.675,1038822.0,235.9248
2026-02-03 14:15:00,1770146100000,236.65,236.9401,235.93,236.17,969784.0,236.5546
2026-02-03 14:30:00,1770147000000,236.17,236.8,235.88,236.495,978969.0,236.2475
2026-02-03 14:45:00,1770147900000,236.495,237.5,236.074,237.14,1136894.0,236.6207
2026-02-03 15:00:00,1770148800000,237.11,237.12,236.58,236.94,815142.0,236.8121
2026-02-03 15:15:00,1770149700000,236.9332,237.75,236.77,237.36,1210132.0,237.3981
2026-02-03 15:30:00,1770150600000,237.38,238.21,237.38,238.08,1125812.0,237.9192
2026-02-03 15:45:00,1770151500000,238.07,238.84,237.96,238.64,3446544.0,238.5396
2026-02-03 16:00:00,1770152400000,238.62,239.0,238.59,238.6177,290142.0,238.6388
2026-02-03 16:15:00,1770153300000,238.66,238.89,238.0,238.89,68284.0,238.5329
2026-02-03 16:30:00,1770154200000,238.92,238.98,238.6106,238.75,36150.0,238.7802
2026-02-03 16:45:00,1770155100000,238.81,238.85,238.63,238.63,13483.0,238.8383
2026-02-03 17:00:00,1770156000000,238.65,238.7925,238.5,238.6,17668.0,238.5427
2026-02-03 17:15:00,1770156900000,238.65,238.74,238.41,238.5501,15089.0,238.5643
2026-02-03 17:30:00,1770157800000,238.57,238.75,238.51,238.7,17941.0,239.7601
2026-02-03 17:45:00,1770158700000,238.63,238.99,238.5901,238.66,38595.0,238.8285
2026-02-03 18:00:00,1770159600000,238.95,238.99,238.63,238.96,24040.0,238.884
2026-02-03 18:15:00,1770160500000,238.91,239.0,238.74,238.74,18991.0,238.9364
2026-02-03 18:30:00,1770161400000,238.75,238.94,238.63,238.63,5600.0,238.7507
2026-02-03 18:45:00,1770162300000,238.7,238.94,238.7,238.9,9380.0,238.8198
2026-02-03 19:00:00,1770163200000,238.89,238.95,238.67,238.68,8076.0,238.7967
2026-02-03 19:15:00,1770164100000,238.75,238.99,238.71,238.71,9045.0,238.8907
2026-02-03 19:30:00,1770165000000,238.77,238.9,238.7,238.7049,10388.0,238.7897
2026-02-03 19:45:00,1770165900000,238.73,238.74,238.4,238.45,20540.0,238.5375
2026-02-04 04:00:00,1770195600000,238.78,240.24,238.78,239.44,42080.0,239.8489
2026-02-04 04:15:00,1770196500000,239.39,239.39,238.9,239.28,10853.0,239.1038
2026-02-04 04:30:00,1770197400000,239.2,239.38,238.99,238.99,3339.0,239.2616
2026-02-04 04:45:00,1770198300000,239.19,239.3,239.19,239.3,1379.0,239.2501
2026-02-04 05:00:00,1770199200000,239.29,239.51,239.29,239.35,1176.0,239.4368
2026-02-04 05:15:00,1770200100000,239.52,239.77,239.52,239.77,942.0,239.6574
2026-02-04 05:30:00,1770201000000,239.9,239.95,239.87,239.87,2589.0,239.9164
2026-02-04 05:45:00,1770201900000,239.88,239.88,239.66,239.66,902.0,239.8036
2026-02-04 06:00:00,1770202800000,239.67,239.82,239.5,239.5,4852.0,239.6291
2026-02-04 06:15:00,1770203700000,239.77,239.77,239.77,239.77,402.0,239.7301
2026-02-04 06:30:00,1770204600000,239.64,239.95,239.64,239.85,2844.0,239.7993
2026-02-04 06:45:00,1770205500000,239.77,239.95,239.45,239.95,6390.0,239.7474
2026-02-04 07:00:00,1770206400000,239.56,239.85,239.46,239.77,8328.0,239.6258
2026-02-04 07:15:00,1770207300000,239.89,239.89,239.41,239.42,8376.0,239.5661
2026-02-04 07:30:00,1770208200000,239.57,239.57,239.04,239.15,10101.0,239.265
2026-02-04 07:45:00,1770209100000,239.2,239.25,239.05,239.25,3226.0,239.1738
2026-02-04 08:00:00,1770210000000,240.0,240.18,238.8,239.2,124438.0,239.4583
2026-02-04 08:15:00,1770210900000,239.18,239.3,239.08,239.2,26963.0,239.2311
2026-02-04 08:30:00,1770211800000,239.3,239.6,239.15,239.3,20045.0,239.269
2026-02-04 08:45:00,1770212700000,239.28,239.38,238.9,238.9349,26646.0,239.0888
2026-02-04 09:00:00,1770213600000,238.91,240.4,238.88,239.61,96350.0,239.5551
2026-02-04 09:15:00,1770214500000,239.68,239.82,238.64,238.89,54873.0,239.3238
2026-02-04 09:30:00,1770215400000,238.86,238.86,236.17,237.8,3353668.0,237.8219
2026-02-04 09:45:00,1770216300000,237.83,238.07,235.11,235.28,2806350.0,236.9165
2026-02-04 10:00:00,1770217200000,235.22,237.17,234.37,237.04,2331529.0,235.3106
2026-02-04 10:15:00,1770218100000,237.082,238.215,237.035,237.495,1521793.0,237.5733
2026-02-04 10:30:00,1770219000000,237.46,238.27,236.76,237.5,1572390.0,237.4973
2026-02-04 10:45:00,1770219900000,237.46,238.27,236.81,238.01,1157304.0,237.5198
2026-02-04 11:00:00,1770220800000,238.03,238.2,236.405,237.16,1084695.0,236.9925
2026-02-04 11:15:00,1770221700000,237.17,237.3,236.05,236.95,1148689.0,236.6928
2026-02-04 11:30:00,1770222600000,236.95,237.09,234.7,234.77,946835.0,235.9171
2026-02-04 11:45:00,1770223500000,234.745,235.04,233.82,235.01,1553216.0,234.4511
2026-02-04 12:00:00,1770224400000,234.99,235.14,234.16,234.54,1156966.0,234.6626
2026-02-04 12:15:00,1770225300000,234.54,234.99,233.3001,233.4202,1502575.0,234.3913
2026-02-04 12:30:00,1770226200000,233.4,233.8,232.135,232.6704,1477358.0,232.8802
2026-02-04 12:45:00,1770227100000,232.66,233.76,231.97,233.695,1781677.0,232.8189
2026-02-04 13:00:00,1770228000000,233.68,233.725,232.44,232.9,1288344.0,233.0329
2026-02-04 13:15:00,1770228900000,232.88,233.835,232.565,233.745,1227060.0,233.1043
2026-02-04 13:30:00,1770229800000,233.7295,233.74,232.73,232.82,950974.0,233.1032
2026-02-04 13:45:00,1770230700000,232.82,233.41,231.82,232.93,1713037.0,232.5953
2026-02-04 14:00:00,1770231600000,232.94,233.31,232.39,232.695,1188346.0,232.8659
2026-02-04 14:15:00,1770232500000,232.68,233.23,232.14,232.6,1160672.0,232.5764
2026-02-04 14:30:00,1770233400000,232.58,233.13,232.57,232.9,901223.0,232.8465
2026-02-04 14:45:00,1770234300000,232.88,234.8209,232.75,234.805,1620143.0,233.9651
2026-02-04 15:00:00,1770235200000,234.78,234.9,233.31,233.67,1224214.0,234.0439
2026-02-04 15:15:00,1770236100000,233.69,234.11,233.41,233.79,1112257.0,233.829
2026-02-04 15:30:00,1770237000000,233.78,234.75,233.78,233.95,1397030.0,234.3012
2026-02-04 15:45:00,1770237900000,233.96,234.04,232.38,232.99,3516402.0,233.0754
2026-02-04 16:00:00,1770238800000,232.97,234.51,232.0,234.3535,977876.0,233.0612
2026-02-04 16:15:00,1770239700000,234.1,235.0,232.94,233.18,167175.0,233.7958
2026-02-04 16:30:00,1770240600000,233.18,234.69,233.18,233.983,262182.0,233.924
2026-02-04 16:45:00,1770241500000,233.85,233.9899,233.0,233.42,106745.0,233.5684
2026-02-04 17:00:00,1770242400000,233.5,233.81,233.11,233.2501,167345.0,233.3694
2026-02-04 17:15:00,1770243300000,233.3,233.8,233.05,233.4814,96757.0,233.3849
2026-02-04 17:30:00,1770244200000,233.4998,233.98,233.2519,233.52,38824.0,233.6225
2026-02-04 17:45:00,1770245100000,233.55,233.88,233.4117,233.75,36643.0,233.6932
2026-02-04 18:00:00,1770246000000,233.92,234.38,233.75,234.04,25684.0,234.0094
2026-02-04 18:15:00,1770246900000,234.07,234.2983,233.85,233.9,21660.0,234.0804
2026-02-04 18:30:00,1770247800000,234.05,234.19,233.75,234.0,19961.0,233.9804
2026-02-04 18:45:00,1770248700000,233.99,233.99,233.52,233.8276,19735.0,233.8073
2026-02-04 19:00:00,1770249600000,233.71,233.8126,233.5,233.65,23295.0,233.6661
2026-02-04 19:15:00,1770250500000,233.84,234.3,233.7,234.29,12944.0,233.9029
2026-02-04 19:30:00,1770251400000,234.3,234.3852,234.0,234.3648,16400.0,234.2214
2026-02-04 19:45:00,1770252300000,234.3637,234.5,234.0,234.2882,21934.0,234.2944
2026-02-05 04:00:00,1770282000000,233.52,233.52,232.51,232.9,14249.0,232.8654
2026-02-05 04:15:00,1770282900000,232.8,233.6,232.8,233.6,7484.0,233.187
2026-02-05 04:30:00,1770283800000,233.79,233.8,233.34,233.37,11460.0,233.5685
2026-02-05 04:45:00,1770284700000,233.25,233.3,233.11,233.3,1660.0,233.2252
2026-02-05 05:00:00,1770285600000,233.3,233.53,233.08,233.53,9097.0,233.2886
2026-02-05 05:15:00,1770286500000,233.4,233.54,233.35,233.54,8134.0,233.4246
2026-02-05 05:30:00,1770287400000,233.54,233.54,233.0,233.0,11410.0,233.2076
2026-02-05 05:45:00,1770288300000,233.0,233.28,232.9,233.16,7032.0,233.0837
2026-02-05 06:00:00,1770289200000,233.02,233.3,232.94,233.3,6959.0,233.1173
2026-02-05 06:15:00,1770290100000,233.04,233.23,233.0,233.0,5237.0,233.0563
2026-02-05 06:30:00,1770291000000,232.89,233.07,232.51,232.71,13662.0,232.891
2026-02-05 06:45:00,1770291900000,233.17,233.17,232.24,232.5,23648.0,232.5927
2026-02-05 07:00:00,1770292800000,232.5,232.92,232.08,232.86,27958.0,232.4727
2026-02-05 07:15:00,1770293700000,232.81,232.9,230.84,231.0,60202.0,231.5296
2026-02-05 07:30:00,1770294600000,230.8,230.91,228.0,229.05,116165.0,229.8298
2026-02-05 07:45:00,1770295500000,229.05,229.05,228.3,228.82,95495.0,228.709
2026-02-05 08:00:00,1770296400000,233.35,234.1,227.99,228.5,458591.0,230.4291
2026-02-05 08:15:00,1770297300000,228.53,228.85,228.28,228.48,80301.0,228.5876
2026-02-05 08:30:00,1770298200000,228.43,229.8999,228.12,229.64,126672.0,229.2588
2026-02-05 08:45:00,1770299100000,229.6,230.0,228.35,228.75,111334.0,229.5128
2026-02-05 09:00:00,1770300000000,228.85,229.73,228.33,228.59,113770.0,228.9248
2026-02-05 09:15:00,1770300900000,228.516,229.0,223.59,224.91,404385.0,226.192
2026-02-05 09:30:00,1770301800000,224.91,226.19,221.55,224.925,9701129.0,224.2046
2026-02-05 09:45:00,1770302700000,224.905,226.31,223.41,224.01,3665056.0,225.0621
2026-02-05 10:00:00,1770303600000,223.97,224.29,220.69,220.725,4447616.0,221.9813
2026-02-05 10:15:00,1770304500000,220.725,222.94,220.38,222.27,4171835.0,221.8792
2026-02-05 10:30:00,1770305400000,222.27,223.25,221.67,222.48,2392631.0,222.4601
2026-02-05 10:45:00,1770306300000,222.48,223.28,221.83,223.05,1929482.0,222.5669
2026-02-05 11:00:00,1770307200000,223.03,223.36,222.102,222.32,1711827.0,222.6282
2026-02-05 11:15:00,1770308100000,222.3,223.97,222.3,223.69,2380765.0,223.496
2026-02-05 11:30:00,1770309000000,223.7,224.96,223.4,224.595,2319928.0,224.3139
2026-02-05 11:45:00,1770309900000,224.58,225.02,224.07,224.895,1558728.0,224.6534
2026-02-05 12:00:00,1770310800000,224.88,224.98,224.0,224.5,1472942.0,224.415
2026-02-05 12:15:00,1770311700000,224.49,225.11,223.78,224.705,1581091.0,224.518
2026-02-05 12:30:00,1770312600000,224.74,225.13,224.29,225.11,1817062.0,224.7363
2026-02-05 12:45:00,1770313500000,225.12,225.55,224.67,225.03,1974107.0,225.0735
2026-02-05 13:00:00,1770314400000,225.08,225.43,224.5,224.54,1399138.0,224.9681
2026-02-05 13:15:00,1770315300000,224.545,225.03,223.0,223.3905,1650390.0,223.7074
2026-02-05 13:30:00,1770316200000,223.4,223.98,223.21,223.71,1362202.0,223.6015
2026-02-05 13:45:00,1770317100000,223.665,223.71,222.78,223.18,1426263.0,223.2913
2026-02-05 14:00:00,1770318000000,223.15,224.51,222.91,224.3,1315036.0,223.575
2026-02-05 14:15:00,1770318900000,224.255,224.33,223.11,223.18,1553124.0,223.8395
2026-02-05 14:30:00,1770319800000,223.16,223.16,221.99,222.38,1952693.0,222.3671
2026-02-05 14:45:00,1770320700000,222.37,222.66,222.03,222.66,1633968.0,222.3161
2026-02-05 15:00:00,1770321600000,222.655,223.58,222.3,223.23,2370675.0,222.9885
2026-02-05 15:15:00,1770322500000,223.23,223.24,222.5,223.17,2517448.0,222.8418
2026-02-05 15:30:00,1770323400000,223.06,223.22,222.13,222.36,2615283.0,222.6193
2026-02-05 15:45:00,1770324300000,222.38,223.381,221.51,222.38,6512858.0,222.5137
2026-02-05 16:00:00,1770325200000,222.69,228.0,198.22,207.2,9475841.0,204.5835
2026-02-05 16:15:00,1770326100000,207.21,208.2,203.0,205.62,3606662.0,205.7018
2026-02-05 16:30:00,1770327000000,205.3993,206.2,202.23,203.09,2366934.0,204.0741
2026-02-05 16:45:00,1770327900000,203.11,204.99,200.0,200.8,2124792.0,202.2185
2026-02-05 17:00:00,1770328800000,200.78,203.96,199.1,199.78,2125967.0,200.8565
2026-02-05 17:15:00,1770329700000,199.85,203.46,198.5,201.4903,1536233.0,200.2049
2026-02-05 17:30:00,1770330600000,201.4826,202.05,199.0,201.33,680579.0,200.4775
2026-02-05 17:45:00,1770331500000,201.24,203.05,199.4011,200.0,717872.0,201.1136
2026-02-05 18:00:00,1770332400000,199.99,201.5,199.25,200.85,389225.0,200.4102
2026-02-05 18:15:00,1770333300000,200.9525,201.3,199.3,199.8,373797.0,200.1041
2026-02-05 18:30:00,1770334200000,199.8,199.88,198.1,198.31,538706.0,198.8074
2026-02-05 18:45:00,1770335100000,198.3006,198.63,197.75,198.09,364205.0,198.1384
2026-02-05 19:00:00,1770336000000,198.08,198.25,197.2,197.4678,286998.0,197.6155
2026-02-05 19:15:00,1770336900000,197.55,198.31,196.62,197.9155,333423.0,197.3451
2026-02-05 19:30:00,1770337800000,198.0,198.66,197.53,198.1498,238652.0,198.2426
2026-02-05 19:45:00,1770338700000,198.12,198.6,197.69,197.7525,217450.0,198.1135
2026-02-06 04:00:00,1770368400000,201.2,204.0,199.25,203.79,191804.0,202.2925
2026-02-06 04:15:00,1770369300000,203.86,205.0,203.55,204.0,222149.0,204.2614
2026-02-06 04:30:00,1770370200000,203.95,206.0,203.9,205.5,257701.0,205.339
2026-02-06 04:45:00,1770371100000,205.4,205.53,204.6,205.185,134282.0,205.0178
2026-02-06 05:00:00,1770372000000,205.1,207.35,204.9,207.3,159680.0,206.3478
2026-02-06 05:15:00,1770372900000,207.17,207.25,205.43,205.56,141379.0,206.377
2026-02-06 05:30:00,1770373800000,205.6,206.33,205.1,205.32,140964.0,205.7168
2026-02-06 05:45:00,1770374700000,205.31,207.04,205.05,206.95,122387.0,205.9975
2026-02-06 06:00:00,1770375600000,207.04,207.96,204.5,205.38,302031.0,206.0889
2026-02-06 06:15:00,1770376500000,205.33,205.89,204.2,204.5,140095.0,205.1367
2026-02-06 06:30:00,1770377400000,204.58,206.7,204.5,206.4,173375.0,205.8362
2026-02-06 06:45:00,1770378300000,206.47,207.14,205.78,206.53,182820.0,206.4231
2026-02-06 07:00:00,1770379200000,206.52,207.81,205.93,206.3,519778.0,206.9676
2026-02-06 07:15:00,1770380100000,206.33,206.59,204.47,205.0,238453.0,205.4467
2026-02-06 07:30:00,1770381000000,204.93,205.0,202.82,204.3,253674.0,204.1299
2026-02-06 07:45:00,1770381900000,204.19,205.0,203.82,204.87,238043.0,204.5159
2026-02-06 08:00:00,1770382800000,204.8,207.97,199.69,205.25,1795771.0,204.036
2026-02-06 08:15:00,1770383700000,205.25,206.4,203.9,204.5,597180.0,204.8728
2026-02-06 08:30:00,1770384600000,204.56,205.0,203.0,203.9,570451.0,203.9472
2026-02-06 08:45:00,1770385500000,203.97,204.5,202.71,204.09,484125.0,203.8497
2026-02-06 09:00:00,1770386400000,204.03,204.25,202.0,202.91,601654.0,203.0822
2026-02-06 09:15:00,1770387300000,202.9,206.0,202.5,202.69,1173466.0,203.7869
2026-02-06 09:30:00,1770388200000,202.7,204.74,200.31,204.08,24591430.0,202.422
2026-02-06 09:45:00,1770389100000,204.08,204.88,201.8,202.2525,11543874.0,203.1852
2026-02-06 10:00:00,1770390000000,202.245,204.32,201.33,204.2218,8739315.0,202.4501
2026-02-06 10:15:00,1770390900000,204.2299,205.39,203.29,204.87,8083030.0,204.4271
2026-02-06 10:30:00,1770391800000,204.855,206.29,204.55,206.1758,6346946.0,205.237
2026-02-06 10:45:00,1770392700000,206.175,206.58,203.742,204.1599,7068708.0,205.1785
2026-02-06 11:00:00,1770393600000,204.165,205.5,204.01,204.95,3900552.0,204.8193
2026-02-06 11:15:00,1770394500000,204.95,206.13,204.25,204.9,5102333.0,205.0266
2026-02-06 11:30:00,1770395400000,204.85,206.42,204.57,205.21,7773142.0,205.6557
2026-02-06 11:45:00,1770396300000,205.2,205.8801,205.01,205.18,5317503.0,205.3834
2026-02-06 12:00:00,1770397200000,205.2,206.42,204.5201,206.1,5129009.0,205.4279
2026-02-06 12:15:00,1770398100000,206.1099,208.1,206.09,208.06,6849229.0,206.8233
2026-02-06 12:30:00,1770399000000,208.06,209.7888,207.81,209.105,6408526.0,208.9888
2026-02-06 12:45:00,1770399900000,209.11,210.87,208.4,210.51,5433101.0,209.8353
2026-02-06 13:00:00,1770400800000,210.55,211.26,209.095,209.12,4419980.0,210.3487
2026-02-06 13:15:00,1770401700000,209.13,209.13,207.0,207.24,3709551.0,208.0849
2026-02-06 13:30:00,1770402600000,207.23,207.87,206.925,206.995,2927613.0,207.3926
2026-02-06 13:45:00,1770403500000,206.985,207.73,206.43,206.4355,2857857.0,207.193
2026-02-06 14:00:00,1770404400000,206.43,207.1,205.76,206.491,3859793.0,206.4008
2026-02-06 14:15:00,1770405300000,206.495,207.43,206.15,207.4,2265750.0,206.6615
2026-02-06 14:30:00,1770406200000,207.41,207.73,206.7638,207.28,2479195.0,207.3054
2026-02-06 14:45:00,1770407100000,207.29,207.32,205.56,205.611,3123474.0,206.4065
2026-02-06 15:00:00,1770408000000,205.61,207.0799,205.315,206.92,3614080.0,206.0212
2026-02-06 15:15:00,1770408900000,206.92,208.365,206.89,207.79,3903876.0,207.7352
2026-02-06 15:30:00,1770409800000,207.79,209.02,207.61,208.945,3422539.0,208.1834
2026-02-06 15:45:00,1770410700000,208.95,211.44,208.6,210.31,10495771.0,210.0985
2026-02-06 16:00:00,1770411600000,210.3188,210.32,209.3,209.79,1037250.0,210.0027
2026-02-06 16:15:00,1770412500000,209.73,212.0,209.61,209.85,265395.0,210.0658
2026-02-06 16:30:00,1770413400000,209.81,210.32,209.81,210.01,254422.0,210.1965
2026-02-06 16:45:00,1770414300000,210.01,210.03,209.8,209.8,97450.0,209.9082
2026-02-06 17:00:00,1770415200000,209.8,209.87,209.75,209.83,101077.0,209.815
2026-02-06 17:15:00,1770416100000,209.83,209.85,209.4,209.4,114943.0,209.9203
2026-02-06 17:30:00,1770417000000,209.38,210.32,209.2943,209.63,204270.0,210.2742
2026-02-06 17:45:00,1770417900000,209.64,209.7,209.3,209.3,37097.0,209.583
2026-02-06 18:00:00,1770418800000,209.26,209.84,209.26,209.82,22938.0,209.7668
2026-02-06 18:15:00,1770419700000,209.82,209.84,209.5,209.71,28224.0,209.7326
2026-02-06 18:30:00,1770420600000,209.71,209.75,209.5,209.69,28122.0,209.6616
2026-02-06 18:45:00,1770421500000,209.7,209.8,209.69,209.75,21287.0,209.7484
2026-02-06 19:00:00,1770422400000,209.77,209.8,209.69,209.8,20476.0,209.7277
2026-02-06 19:15:00,1770423300000,209.8,210.01,209.7593,209.98,24923.0,209.9489
2026-02-06 19:30:00,1770424200000,209.98,210.0,209.81,209.88,22036.0,209.9107
2026-02-06 19:45:00,1770425100000,209.8901,210.1,209.89,210.0499,41941.0,210.016
2026-02-09 04:00:00,1770627600000,211.17,212.4,211.17,211.32,61487.0,211.6998
2026-02-09 04:15:00,1770628500000,211.5,211.77,211.18,211.21,31329.0,211.4097
2026-02-09 04:30:00,1770629400000,211.21,211.28,210.8,211.23,34594.0,211.0485
2026-02-09 04:45:00,1770630300000,211.25,211.25,210.51,210.6,13960.0,210.8718
2026-02-09 05:00:00,1770631200000,210.7,210.82,210.1,210.75,21811.0,210.4428
2026-02-09 05:15:00,1770632100000,210.69,210.75,210.4,210.53,16163.0,210.5621
2026-02-09 05:30:00,1770633000000,210.53,210.53,209.14,209.14,62537.0,209.8256
2026-02-09 05:45:00,1770633900000,209.32,209.9,209.21,209.88,29231.0,209.5015
2026-02-09 06:00:00,1770634800000,209.75,210.26,209.55,210.15,44592.0,209.9259
2026-02-09 06:15:00,1770635700000,210.16,210.86,210.13,210.86,14310.0,210.3968
2026-02-09 06:30:00,1770636600000,210.82,210.82,210.0,210.29,22221.0,210.4268
2026-02-09 06:45:00,1770637500000,210.35,210.57,210.2,210.57,12047.0,210.3259
2026-02-09 07:00:00,1770638400000,210.56,210.68,209.71,210.41,69695.0,210.1921
2026-02-09 07:15:00,1770639300000,210.47,210.47,210.0,210.33,38949.0,210.1889
2026-02-09 07:30:00,1770640200000,210.35,210.54,210.31,210.33,25277.0,210.4195
2026-02-09 07:45:00,1770641100000,210.29,210.35,210.16,210.33,16874.0,210.254
2026-02-09 08:00:00,1770642000000,211.2,212.5,209.12,210.4791,431583.0,211.1519
2026-02-09 08:15:00,1770642900000,210.4799,210.4799,209.6,209.64,138919.0,210.1714
2026-02-09 08:30:00,1770643800000,209.72,209.81,209.4046,209.6577,83653.0,209.5982
2026-02-09 08:45:00,1770644700000,209.6501,209.68,208.54,209.0505,105435.0,209.1882
2026-02-09 09:00:00,1770645600000,209.0501,209.2507,208.88,209.15,122915.0,209.0394
2026-02-09 09:15:00,1770646500000,209.1148,209.74,208.0,208.82,303248.0,208.6389
2026-02-09 09:30:00,1770647400000,208.97,209.73,203.35,206.7851,12217627.0,205.4581
2026-02-09 09:45:00,1770648300000,206.76,206.93,204.085,204.77,5508787.0,205.4677
2026-02-09 10:00:00,1770649200000,204.76,207.14,204.66,206.77,4410106.0,206.1644
2026-02-09 10:15:00,1770650100000,206.77,207.28,206.35,207.15,4396977.0,206.8398
2026-02-09 10:30:00,1770651000000,207.13,208.62,207.025,208.0979,3550639.0,208.0889
2026-02-09 10:45:00,1770651900000,208.1099,209.47,208.0901,209.02,2943356.0,208.8956
2026-02-09 11:00:00,1770652800000,209.02,210.17,209.0,209.81,3779818.0,209.6532
2026-02-09 11:15:00,1770653700000,209.8,209.97,208.7315,209.625,2935642.0,209.4681
2026-02-09 11:30:00,1770654600000,209.62,210.33,209.36,210.0183,1979305.0,209.8707
2026-02-09 11:45:00,1770655500000,210.0001,212.1,210.0,211.86,3784072.0,210.9792
2026-02-09 12:00:00,1770656400000,211.87,212.81,210.51,210.515,4273047.0,212.1086
2026-02-09 12:15:00,1770657300000,210.515,211.23,209.38,210.315,3249684.0,210.2881
2026-02-09 12:30:00,1770658200000,210.315,210.46,209.5527,209.585,2035577.0,210.0206
2026-02-09 12:45:00,1770659100000,209.59,210.19,209.47,210.0,1418047.0,209.7903
2026-02-09 13:00:00,1770660000000,210.0,211.35,209.68,211.155,2190894.0,210.7282
2026-02-09 13:15:00,1770660900000,211.155,211.5,210.316,210.44,2224400.0,210.9653
2026-02-09 13:30:00,1770661800000,210.45,210.76,210.1801,210.455,1168348.0,210.4711
2026-02-09 13:45:00,1770662700000,210.44,210.68,209.6,209.7954,1705860.0,210.0879
2026-02-09 14:00:00,1770663600000,209.79,210.0899,209.3601,209.67,1948290.0,209.6935
2026-02-09 14:15:00,1770664500000,209.6575,209.66,209.0499,209.19,1551235.0,209.2757
2026-02-09 14:30:00,1770665400000,209.19,209.36,208.635,208.975,2077698.0,209.0772
2026-02-09 14:45:00,1770666300000,208.97,209.25,208.465,209.095,2229329.0,208.8325
2026-02-09 15:00:00,1770667200000,209.095,209.6088,208.7,209.3762,1824004.0,209.2158
2026-02-09 15:15:00,1770668100000,209.37,209.5,208.49,209.035,1969500.0,208.9786
2026-02-09 15:30:00,1770669000000,209.035,209.451,208.88,209.445,2286759.0,209.1638
2026-02-09 15:45:00,1770669900000,209.44,209.53,208.6,208.66,4764633.0,208.984
2026-02-09 16:00:00,1770670800000,208.72,209.2855,208.57,208.8006,485913.0,208.7205
2026-02-09 16:15:00,1770671700000,208.8,209.1,208.8,209.0205,72801.0,209.0164
2026-02-09 16:30:00,1770672600000,209.0201,209.08,209.02,209.02,32959.0,209.0623
2026-02-09 16:45:00,1770673500000,209.0596,209.0715,209.0,209.03,115015.0,209.048
2026-02-09 17:00:00,1770674400000,209.0301,209.05,209.0,209.0297,15587.0,209.2253
2026-02-09 17:15:00,1770675300000,209.01,209.09,209.01,209.0199,19362.0,209.4927
2026-02-09 17:30:00,1770676200000,209.0103,209.08,209.0,209.08,17544.0,209.0364
2026-02-09 17:45:00,1770677100000,209.0969,209.29,209.0969,209.27,25129.0,209.5074
2026-02-09 18:00:00,1770678000000,209.29,209.38,209.0013,209.03,30703.0,209.1979
2026-02-09 18:15:00,1770678900000,209.03,209.04,208.88,209.0,39576.0,208.9822
2026-02-09 18:30:00,1770679800000,209.0,209.37,208.97,209.15,27660.0,209.1814
2026-02-09 18:45:00,1770680700000,209.0401,209.1,208.85,208.92,23914.0,208.9221
2026-02-09 19:00:00,1770681600000,208.93,209.05,208.9001,209.0085,20984.0,208.9952
2026-02-09 19:15:00,1770682500000,209.0,209.04,208.99,209.0,16552.0,209.0068
2026-02-09 19:30:00,1770683400000,209.01,209.06,209.0,209.01,17503.0,209.0416
2026-02-09 19:45:00,1770684300000,209.01,209.01,208.84,208.8817,25727.0,208.9087
2026-02-10 04:00:00,1770714000000,209.4,209.73,209.27,209.65,11954.0,209.5483
2026-02-10 04:15:00,1770714900000,209.66,209.74,209.58,209.66,11285.0,209.6582
2026-02-10 04:30:00,1770715800000,209.69,209.76,209.65,209.7,6507.0,209.7019
2026-02-10 04:45:00,1770716700000,209.68,209.75,209.53,209.56,7642.0,209.6526
2026-02-10 05:00:00,1770717600000,209.5,209.56,209.4,209.54,5182.0,209.4825
2026-02-10 05:15:00,1770718500000,209.57,209.6,209.49,209.6,2343.0,209.5237
2026-02-10 05:30:00,1770719400000,209.76,209.86,209.75,209.81,7387.0,209.8061
2026-02-10 05:45:00,1770720300000,209.96,210.14,209.96,210.0,6795.0,210.0123
2026-02-10 06:00:00,1770721200000,209.97,209.97,209.69,209.95,8512.0,209.8344
2026-02-10 06:15:00,1770722100000,209.9,210.47,209.85,210.22,22313.0,210.1896
2026-02-10 06:30:00,1770723000000,210.13,210.36,210.0,210.3,12177.0,210.1829
2026-02-10 06:45:00,1770723900000,210.25,210.3,210.1,210.2,11406.0,210.2219
2026-02-10 07:00:00,1770724800000,210.11,210.47,209.89,210.23,50562.0,210.2154
2026-02-10 07:15:00,1770725700000,210.28,210.33,210.1,210.33,12128.0,210.234
2026-02-10 07:30:00,1770726600000,210.33,210.44,209.65,209.85,35652.0,210.1102
2026-02-10 07:45:00,1770727500000,209.75,209.9,209.46,209.46,19049.0,209.6495
2026-02-10 08:00:00,1770728400000,210.24,210.48,208.72,209.6,292613.0,209.7577
2026-02-10 08:15:00,1770729300000,209.54,209.75,209.47,209.55,37565.0,209.6026
2026-02-10 08:30:00,1770730200000,209.55,210.42,209.33,210.16,103823.0,209.9811
2026-02-10 08:45:00,1770731100000,210.0958,210.3,209.9436,210.17,58060.0,210.0776
2026-02-10 09:00:00,1770732000000,210.17,210.2,209.66,209.9,63719.0,209.9527
2026-02-10 09:15:00,1770732900000,209.98,210.62,208.55,208.57,222172.0,209.7114
2026-02-10 09:30:00,1770733800000,208.795,209.78,206.58,206.675,6425360.0,207.958
2026-02-10 09:45:00,1770734700000,206.675,209.91,206.411,209.85,3850883.0,207.9922
2026-02-10 10:00:00,1770735600000,209.84,212.24,209.75,210.6996,5047828.0,211.1662
2026-02-10 10:15:00,1770736500000,210.71,211.98,210.479,211.805,2495593.0,211.2911
2026-02-10 10:30:00,1770737400000,211.8,212.6499,211.15,211.6899,3023609.0,211.8488
2026-02-10 10:45:00,1770738300000,211.68,211.79,210.75,210.8303,2021466.0,211.1894
2026-02-10 11:00:00,1770739200000,210.83,211.1697,210.11,210.13,1847333.0,210.5864
2026-02-10 11:15:00,1770740100000,210.13,210.61,209.8401,210.07,2407110.0,210.1799
2026-02-10 11:30:00,1770741000000,210.06,210.29,209.78,210.235,1424732.0,210.0279
2026-02-10 11:45:00,1770741900000,210.245,210.63,209.65,209.68,1522414.0,210.2257
2026-02-10 12:00:00,1770742800000,209.6687,210.28,209.4,210.24,1138808.0,209.7685
2026-02-10 12:15:00,1770743700000,210.22,210.3,209.79,209.995,965956.0,210.0287
2026-02-10 12:30:00,1770744600000,209.99,210.45,209.89,209.9399,1006463.0,210.155
2026-02-10 12:45:00,1770745500000,209.93,210.05,209.03,209.165,1562495.0,209.5325
2026-02-10 13:00:00,1770746400000,209.16,209.47,208.49,208.55,1673255.0,209.02
2026-02-10 13:15:00,1770747300000,208.5515,208.76,207.72,207.76,1986261.0,208.2618
2026-02-10 13:30:00,1770748200000,207.75,208.395,207.435,208.3604,1901431.0,207.8886
2026-02-10 13:45:00,1770749100000,208.365,208.72,207.95,208.65,1510285.0,208.3219
2026-02-10 14:00:00,1770750000000,208.65,208.79,207.9,208.46,1321964.0,208.3122
2026-02-10 14:15:00,1770750900000,208.46,208.5225,208.1,208.255,739618.0,208.3343
2026-02-10 14:30:00,1770751800000,208.26,208.32,207.4658,207.58,1674431.0,207.9286
2026-02-10 14:45:00,1770752700000,207.58,208.0,207.53,207.9299,1772846.0,207.8379
2026-02-10 15:00:00,1770753600000,207.92,208.14,207.4,207.46,2150684.0,207.5974
2026-02-10 15:15:00,1770754500000,207.45,207.95,207.42,207.718,1274081.0,207.7785
2026-02-10 15:30:00,1770755400000,207.71,207.89,206.975,207.09,2179750.0,207.3036
2026-02-10 15:45:00,1770756300000,207.08,207.345,206.87,206.99,4716053.0,207.078
2026-02-10 16:00:00,1770757200000,206.96,207.4568,206.8,206.8,1296781.0,206.9728
2026-02-10 16:15:00,1770758100000,206.8346,207.03,206.64,206.95,45259.0,206.896
2026-02-10 16:30:00,1770759000000,206.95,207.16,206.95,207.14,47268.0,207.0081
2026-02-10 16:45:00,1770759900000,207.14,207.55,207.14,207.51,38799.0,207.3307
2026-02-10 17:00:00,1770760800000,207.5493,207.5493,207.35,207.3508,24567.0,207.5359
2026-02-10 17:15:00,1770761700000,207.45,207.45,207.35,207.38,11604.0,207.4877
2026-02-10 17:30:00,1770762600000,207.37,207.39,207.23,207.23,18661.0,206.7869
2026-02-10 17:45:00,1770763500000,207.31,207.35,207.23,207.2301,13322.0,207.2803
2026-02-10 18:00:00,1770764400000,207.29,207.77,207.29,207.7,19723.0,207.5826
2026-02-10 18:15:00,1770765300000,207.53,207.84,207.53,207.79,21108.0,207.7391
2026-02-10 18:30:00,1770766200000,207.8,207.8,207.6,207.73,13275.0,207.6866
2026-02-10 18:45:00,1770767100000,207.73,207.8,207.69,207.72,8869.0,207.7437
2026-02-10 19:00:00,1770768000000,207.6923,207.78,207.55,207.71,13285.0,207.6466
2026-02-10 19:15:00,1770768900000,207.7,207.7984,207.61,207.7984,9954.0,207.7166
2026-02-10 19:30:00,1770769800000,207.78,207.84,207.75,207.78,18667.0,207.79
2026-02-10 19:45:00,1770770700000,207.7885,207.82,207.7293,207.81,16551.0,207.7903
2026-02-11 04:00:00,1770800400000,207.6,208.01,207.6,207.83,8970.0,207.8282
2026-02-11 04:15:00,1770801300000,207.73,207.8,207.63,207.63,4222.0,207.7366
2026-02-11 04:30:00,1770802200000,207.64,207.64,207.37,207.4,4947.0,207.5224
2026-02-11 04:45:00,1770803100000,207.47,207.5,207.47,207.47,943.0,207.4993
2026-02-11 05:00:00,1770804000000,207.26,207.26,206.86,206.91,12617.0,206.9987
2026-02-11 05:15:00,1770804900000,206.84,207.01,206.71,207.0,8965.0,206.874
2026-02-11 05:30:00,1770805800000,207.02,207.29,207.0,207.23,8045.0,207.1602
2026-02-11 05:45:00,1770806700000,207.24,207.39,207.09,207.2,4917.0,207.1918
2026-02-11 06:00:00,1770807600000,207.3,207.34,207.27,207.31,2052.0,207.3064
2026-02-11 06:15:00,1770808500000,207.24,207.55,207.15,207.55,2630.0,207.371
2026-02-11 06:30:00,1770809400000,207.45,207.58,207.4,207.4,7730.0,207.4878
2026-02-11 06:45:00,1770810300000,207.53,207.63,207.29,207.29,6001.0,207.51
2026-02-11 07:00:00,1770811200000,207.35,207.8,207.0,207.6,34545.0,207.4539
2026-02-11 07:15:00,1770812100000,207.52,207.65,207.5,207.56,7946.0,207.5608
2026-02-11 07:30:00,1770813000000,207.55,207.56,207.45,207.52,6385.0,207.507
2026-02-11 07:45:00,1770813900000,207.5,207.55,207.2,207.5,20191.0,207.4105
2026-02-11 08:00:00,1770814800000,207.55,208.04,206.72,207.5,174370.0,207.5473
2026-02-11 08:15:00,1770815700000,207.46,207.78,207.4,207.55,44102.0,207.6014
2026-02-11 08:30:00,1770816600000,207.55,208.75,207.44,208.35,135131.0,208.275
2026-02-11 08:45:00,1770817500000,208.3423,209.15,208.341,208.97,179456.0,208.8169
2026-02-11 09:00:00,1770818400000,208.91,209.1,208.35,208.78,136854.0,208.8816
2026-02-11 09:15:00,1770819300000,208.75,209.0,208.0213,208.05,116963.0,208.481
2026-02-11 09:30:00,1770820200000,208.06,208.57,204.76,204.7718,6802536.0,206.4686
2026-02-11 09:45:00,1770821100000,204.8,206.22,204.56,205.58,4528944.0,205.5318
2026-02-11 10:00:00,1770822000000,205.62,206.27,204.66,205.4,2841683.0,205.5523
2026-02-11 10:15:00,1770822900000,205.38,205.7,204.17,204.97,3244763.0,204.9986
2026-02-11 10:30:00,1770823800000,204.98,206.49,204.9601,205.93,2347592.0,206.0216
2026-02-11 10:45:00,1770824700000,205.95,206.4,205.45,205.56,2046901.0,205.8962
2026-02-11 11:00:00,1770825600000,205.56,205.64,204.6185,205.095,2021762.0,205.0782
2026-02-11 11:15:00,1770826500000,205.09,205.124,204.23,204.38,2055719.0,204.7704
2026-02-11 11:30:00,1770827400000,204.39,204.561,203.56,203.86,2917646.0,203.9911
2026-02-11 11:45:00,1770828300000,203.87,203.92,202.49,202.63,3080958.0,203.0212
2026-02-11 12:00:00,1770829200000,202.61,203.18,202.53,202.97,1874266.0,202.8056
2026-02-11 12:15:00,1770830100000,202.97,203.72,202.86,203.4493,1914716.0,203.2379
2026-02-11 12:30:00,1770831000000,203.45,204.06,203.12,204.01,1404831.0,203.5254
2026-02-11 12:45:00,1770831900000,204.035,204.15,203.505,203.68,2177648.0,203.8498
2026-02-11 13:00:00,1770832800000,203.69,203.91,203.25,203.835,1467019.0,203.618
2026-02-11 13:15:00,1770833700000,203.82,204.35,203.629,204.2789,1251175.0,203.9482
2026-02-11 13:30:00,1770834600000,204.28,204.78,204.28,204.76,1336750.0,204.5365
2026-02-11 13:45:00,1770835500000,204.75,205.16,204.5,204.75,2788461.0,204.5967
2026-02-11 14:00:00,1770836400000,204.74,205.04,204.165,204.9699,1216677.0,204.5689
2026-02-11 14:15:00,1770837300000,204.9659,205.18,204.635,205.115,1403807.0,204.9235
2026-02-11 14:30:00,1770838200000,205.13,205.289,204.7801,204.935,1162818.0,205.0226
2026-02-11 14:45:00,1770839100000,204.935,204.9772,204.56,204.7899,1033097.0,204.8084
2026-02-11 15:00:00,1770840000000,204.78,204.81,204.3185,204.62,1206656.0,204.5715
2026-02-11 15:15:00,1770840900000,204.63,204.89,203.72,203.9,1671700.0,204.1686
2026-02-11 15:30:00,1770841800000,203.89,204.47,203.83,204.385,1498955.0,204.0894
2026-02-11 15:45:00,1770842700000,204.38,204.63,204.0,204.01,3268206.0,204.2904
2026-02-11 16:00:00,1770843600000,204.0087,204.3821,204.0087,204.1312,219616.0,204.0932
2026-02-11 16:15:00,1770844500000,204.1,204.22,204.0,204.06,303312.0,204.0826
2026-02-11 16:30:00,1770845400000,204.06,204.22,204.06,204.12,24710.0,204.1509
2026-02-11 16:45:00,1770846300000,204.17,204.3993,204.17,204.3502,34351.0,204.3598
2026-02-11 17:00:00,1770847200000,204.35,204.38,204.35,204.35,17220.0,204.4184
2026-02-11 17:15:00,1770848100000,204.38,204.49,204.08,204.45,19936.0,204.4145
2026-02-11 17:30:00,1770849000000,204.4,204.49,204.4,204.4501,9603.0,204.5643
2026-02-11 17:45:00,1770849900000,204.4598,204.6,204.43,204.57,25611.0,204.5288
2026-02-11 18:00:00,1770850800000,204.45,204.54,204.06,204.1,22733.0,204.2768
2026-02-11 18:15:00,1770851700000,204.06,204.39,204.03,204.27,27231.0,204.2799
2026-02-11 18:30:00,1770852600000,204.21,204.3,204.11,204.27,9602.0,204.2162
2026-02-11 18:45:00,1770853500000,204.28,204.28,204.12,204.16,19692.0,204.2184
2026-02-11 19:00:00,1770854400000,204.15,204.2717,204.12,204.17,5256.0,204.1724
2026-02-11 19:15:00,1770855300000,204.1308,204.1308,204.01,204.05,20022.0,204.0834
2026-02-11 19:30:00,1770856200000,204.07,204.25,204.0,204.25,18943.0,204.1289
2026-02-11 19:45:00,1770857100000,204.25,204.3492,204.16,204.3487,17935.0,204.2564
2026-02-12 04:00:00,1770886800000,204.35,205.4,204.35,205.28,14248.0,205.1842
2026-02-12 04:15:00,1770887700000,205.26,205.44,205.26,205.44,5724.0,205.3881
2026-02-12 04:30:00,1770888600000,205.47,205.52,205.3,205.3,9234.0,205.403
2026-02-12 04:45:00,1770889500000,205.28,205.28,205.09,205.19,4418.0,205.1716
2026-02-12 05:00:00,1770890400000,205.17,205.25,205.0,205.0,10606.0,205.1686
2026-02-12 05:15:00,1770891300000,205.0,205.14,204.96,204.99,8271.0,205.0208
2026-02-12 05:30:00,1770892200000,205.05,205.25,204.99,205.18,7565.0,205.1298
2026-02-12 05:45:00,1770893100000,205.23,205.25,205.17,205.2,4204.0,205.2071
2026-02-12 06:00:00,1770894000000,205.16,205.19,205.16,205.19,820.0,205.1729
2026-02-12 06:15:00,1770894900000,205.16,205.16,204.39,204.55,54891.0,204.58
2026-02-12 06:30:00,1770895800000,204.56,204.79,204.55,204.79,49096.0,204.6536
2026-02-12 06:45:00,1770896700000,204.79,204.95,204.79,204.91,2785.0,204.8695
2026-02-12 07:00:00,1770897600000,204.92,204.95,204.3,204.4,26551.0,204.6283
2026-02-12 07:15:00,1770898500000,204.6,204.64,204.38,204.63,9891.0,204.5389
2026-02-12 07:30:00,1770899400000,204.65,204.85,204.5,204.5,16856.0,204.672
2026-02-12 07:45:00,1770900300000,204.5,204.79,204.49,204.52,10345.0,204.5772
2026-02-12 08:00:00,1770901200000,205.5,205.5,204.18,204.33,186745.0,204.7305
2026-02-12 08:15:00,1770902100000,204.3,204.38,204.2,204.35,32183.0,204.278
2026-02-12 08:30:00,1770903000000,204.3,204.76,204.28,204.6699,48683.0,204.4691
2026-02-12 08:45:00,1770903900000,204.71,204.71,204.37,204.48,41867.0,204.5123
2026-02-12 09:00:00,1770904800000,204.45,204.5,204.25,204.3395,42653.0,204.3639
2026-02-12 09:15:00,1770905700000,204.36,204.36,203.91,203.96,95173.0,204.1565
2026-02-12 09:30:00,1770906600000,203.96,203.96,202.45,202.4816,6417786.0,203.0785
2026-02-12 09:45:00,1770907500000,202.495,203.01,201.53,201.78,4303158.0,202.2096
2026-02-12 10:00:00,1770908400000,201.77,202.3968,201.15,201.9,3357198.0,201.6649
2026-02-12 10:15:00,1770909300000,201.9031,202.56,201.51,202.315,2524707.0,201.9645
2026-02-12 10:30:00,1770910200000,202.32,202.49,199.56,199.6939,5391326.0,200.6771
2026-02-12 10:45:00,1770911100000,199.7099,200.02,198.31,198.35,5032681.0,199.1553
2026-02-12 11:00:00,1770912000000,198.36,198.5464,197.56,198.52,4847008.0,198.0392
2026-02-12 11:15:00,1770912900000,198.52,198.54,197.56,197.77,3042965.0,198.0203
2026-02-12 11:30:00,1770913800000,197.78,198.79,197.68,197.89,3096113.0,198.1523
2026-02-12 11:45:00,1770914700000,197.89,198.7,197.76,198.685,2708393.0,198.0863
2026-02-12 12:00:00,1770915600000,198.685,199.39,198.4,199.22,2163561.0,198.8922
2026-02-12 12:15:00,1770916500000,199.205,199.66,199.03,199.5,1861474.0,199.3365
2026-02-12 12:30:00,1770917400000,199.5,200.09,199.43,199.86,1819458.0,199.77
2026-02-12 12:45:00,1770918300000,199.88,200.06,199.31,199.391,1681274.0,199.6923
2026-02-12 13:00:00,1770919200000,199.4,199.68,199.14,199.305,1767763.0,199.3911
2026-02-12 13:15:00,1770920100000,199.3077,199.69,199.09,199.35,1317690.0,199.3966
2026-02-12 13:30:00,1770921000000,199.37,199.6,198.9801,199.54,1244651.0,199.3135
2026-02-12 13:45:00,1770921900000,199.54,200.0476,199.1,199.82,1367013.0,199.5898
2026-02-12 14:00:00,1770922800000,199.82,199.977,198.86,199.295,1550203.0,199.3672
2026-02-12 14:15:00,1770923700000,199.3,199.77,198.92,199.12,1682274.0,199.4224
2026-02-12 14:30:00,1770924600000,199.09,199.44,198.94,199.05,1535931.0,199.2111
2026-02-12 14:45:00,1770925500000,199.06,199.29,198.61,198.89,1721112.0,199.034
2026-02-12 15:00:00,1770926400000,198.91,199.04,198.38,198.995,1805923.0,198.6833
2026-02-12 15:15:00,1770927300000,199.01,199.0199,198.31,198.375,1679195.0,198.6399
2026-02-12 15:30:00,1770928200000,198.37,199.04,198.2125,198.885,1795003.0,198.6556
2026-02-12 15:45:00,1770929100000,198.89,199.7,198.5,199.54,4703498.0,199.1531
2026-02-12 16:00:00,1770930000000,199.5344,199.9,199.27,199.42,2721039.0,199.5963
2026-02-12 16:15:00,1770930900000,199.53,199.6,199.11,199.12,71904.0,199.441
2026-02-12 16:30:00,1770931800000,199.24,199.8837,199.23,199.6199,74189.0,199.4086
2026-02-12 16:45:00,1770932700000,199.4292,199.69,199.39,199.61,33481.0,199.6208
2026-02-12 17:00:00,1770933600000,199.62,199.75,199.61,199.69,25359.0,199.6961
2026-02-12 17:15:00,1770934500000,199.61,199.62,199.3,199.49,18657.0,199.8675
2026-02-12 17:30:00,1770935400000,199.42,199.4899,198.99,199.25,46946.0,199.1719
2026-02-12 17:45:00,1770936300000,199.28,199.42,199.24,199.42,28039.0,199.3435
2026-02-12 18:00:00,1770937200000,199.42,199.42,198.8,199.1,44520.0,199.0935
2026-02-12 18:15:00,1770938100000,199.19,199.19,199.01,199.0892,14635.0,199.113
2026-02-12 18:30:00,1770939000000,199.1,199.17,198.15,198.4139,47858.0,198.6099
2026-02-12 18:45:00,1770939900000,198.4,199.2,198.4,199.14,29438.0,198.7893
2026-02-12 19:00:00,1770940800000,199.05,199.49,199.0,199.3,23251.0,199.3192
2026-02-12 19:15:00,1770941700000,199.31,199.35,198.5472,198.969,24233.0,199.0325
2026-02-12 19:30:00,1770942600000,198.83,198.98,198.5,198.5,16818.0,198.7262
2026-02-12 19:45:00,1770943500000,198.5,199.3,198.04,198.3504,76889.0,198.3372
2026-02-13 04:00:00,1770973200000,199.2,199.32,198.99,199.07,31436.0,199.1184
2026-02-13 04:15:00,1770974100000,199.11,199.57,199.09,199.57,10374.0,199.4709
2026-02-13 04:30:00,1770975000000,199.42,199.52,199.34,199.48,4245.0,199.4197
2026-02-13 04:45:00,1770975900000,199.51,199.57,199.48,199.48,4736.0,199.5159
2026-02-13 05:00:00,1770976800000,199.44,199.44,199.2,199.34,3513.0,199.3215
2026-02-13 05:15:00,1770977700000,199.49,199.49,199.45,199.45,1190.0,199.4641
2026-02-13 05:30:00,1770978600000,199.35,199.35,199.2,199.2,5339.0,199.2307
2026-02-13 05:45:00,1770979500000,199.15,199.15,198.93,198.97,6171.0,199.0137
2026-02-13 06:00:00,1770980400000,198.98,198.98,198.35,198.38,17360.0,198.6524
2026-02-13 06:15:00,1770981300000,198.28,198.3,197.89,197.89,52167.0,198.0922
2026-02-13 06:30:00,1770982200000,197.8,198.19,197.52,197.86,44461.0,197.8549
2026-02-13 06:45:00,1770983100000,197.8,198.25,197.6,198.23,32601.0,197.9245
2026-02-13 07:00:00,1770984000000,198.24,198.44,197.71,197.97,35330.0,197.9488
2026-02-13 07:15:00,1770984900000,197.86,198.16,197.65,198.0,39948.0,197.9101
2026-02-13 07:30:00,1770985800000,198.17,198.79,198.13,198.3,24548.0,198.4066
2026-02-13 07:45:00,1770986700000,198.26,198.42,197.93,198.31,45081.0,198.2025
2026-02-13 08:00:00,1770987600000,199.37,199.6,197.4493,197.56,255514.0,198.3961
2026-02-13 08:15:00,1770988500000,197.56,198.33,197.4,198.33,75544.0,197.8595
2026-02-13 08:30:00,1770989400000,198.24,199.6,198.12,198.77,252611.0,199.1496
2026-02-13 08:45:00,1770990300000,198.83,199.38,198.5,199.0755,120088.0,198.9762
2026-02-13 09:00:00,1770991200000,199.02,199.6,198.68,198.86,85296.0,199.1277
2026-02-13 09:15:00,1770992100000,198.9,199.43,198.66,198.89,73288.0,198.9884
2026-02-13 09:30:00,1770993000000,198.88,199.555,197.275,198.5777,5354660.0,198.4089
2026-02-13 09:45:00,1770993900000,198.59,199.4098,197.8,197.875,3489261.0,198.753
2026-02-13 10:00:00,1770994800000,197.8675,198.63,197.78,197.995,2255918.0,198.2177
2026-02-13 10:15:00,1770995700000,198.0386,198.81,197.81,198.73,2411695.0,198.2283
2026-02-13 10:30:00,1770996600000,198.75,199.3,197.31,197.34,3585846.0,198.4164
2026-02-13 10:45:00,1770997500000,197.36,199.16,197.29,198.8017,3927062.0,198.1252
2026-02-13 11:00:00,1770998400000,198.81,199.93,198.44,199.5299,3498215.0,199.3031
2026-02-13 11:15:00,1770999300000,199.465,199.915,198.88,199.9,1941286.0,199.2651
2026-02-13 11:30:00,1771000200000,199.84,200.82,199.58,200.78,2466978.0,200.2234
2026-02-13 11:45:00,1771001100000,200.78,201.16,200.24,200.3977,1801587.0,200.671
2026-02-13 12:00:00,1771002000000,200.4,200.78,200.11,200.55,1214783.0,200.4387
2026-02-13 12:15:00,1771002900000,200.53,200.97,200.25,200.8251,1171166.0,200.6049
2026-02-13 12:30:00,1771003800000,200.83,201.1425,200.09,200.1699,1471857.0,200.663
2026-02-13 12:45:00,1771004700000,200.16,200.56,200.045,200.2244,934005.0,200.2941
2026-02-13 13:00:00,1771005600000,200.25,200.35,199.73,199.99,1351106.0,199.9942
2026-02-13 13:15:00,1771006500000,199.98,200.3,199.58,200.09,1246584.0,199.9788
2026-02-13 13:30:00,1771007400000,200.1,200.25,199.6,199.785,908196.0,199.9414
2026-02-13 13:45:00,1771008300000,199.79,200.29,199.6,199.68,1223580.0,199.9734
2026-02-13 14:00:00,1771009200000,199.69,200.0,199.44,199.73,876463.0,199.7193
2026-02-13 14:15:00,1771010100000,199.735,200.13,199.47,199.59,1095572.0,199.8246
2026-02-13 14:30:00,1771011000000,199.61,199.96,199.49,199.8,798876.0,199.7537
2026-02-13 14:45:00,1771011900000,199.79,199.97,198.79,198.875,1739001.0,199.4443
2026-02-13 15:00:00,1771012800000,198.89,199.0199,198.525,198.525,2350278.0,198.9548
2026-02-13 15:15:00,1771013700000,198.525,199.08,198.13,198.32,1586686.0,198.6408
2026-02-13 15:30:00,1771014600000,198.3,198.35,197.88,198.27,2026581.0,198.1071
2026-02-13 15:45:00,1771015500000,198.28,199.1,198.2601,198.77,4485086.0,198.6367
2026-02-13 16:00:00,1771016400000,198.7425,199.21,198.7425,198.83,3077717.0,198.7912
2026-02-13 16:15:00,1771017300000,198.8528,198.86,198.61,198.6877,27565.0,198.719
2026-02-13 16:30:00,1771018200000,198.71,198.7761,198.58,198.5994,29416.0,198.6827
2026-02-13 16:45:00,1771019100000,198.59,198.79,198.51,198.75,29894.0,198.7067
2026-02-13 17:00:00,1771020000000,198.74,198.9,198.74,198.9,13142.0,199.0798
2026-02-13 17:15:00,1771020900000,198.88,198.9,198.8,198.8,14642.0,198.8337
2026-02-13 17:30:00,1771021800000,198.81,198.87,198.77,198.87,19216.0,198.9292
2026-02-13 17:45:00,1771022700000,198.87,198.92,198.83,198.9001,16820.0,198.8811
2026-02-13 18:00:00,1771023600000,198.9185,198.92,198.85,198.85,9492.0,198.8969
2026-02-13 18:15:00,1771024500000,198.83,198.87,198.77,198.77,11368.0,198.8338
2026-02-13 18:30:00,1771025400000,198.8078,198.85,198.7002,198.8,11885.0,198.7672
2026-02-13 18:45:00,1771026300000,198.7704,198.85,198.73,198.79,6786.0,198.8163
2026-02-13 19:00:00,1771027200000,198.82,198.9,198.79,198.9,15990.0,198.8676
2026-02-13 19:15:00,1771028100000,198.88,198.91,198.85,198.85,20042.0,198.8908
2026-02-13 19:30:00,1771029000000,198.89,198.95,198.89,198.9001,20196.0,198.9105
2026-02-13 19:45:00,1771029900000,198.9014,199.0,198.9,198.9499,14144.0,198.9413
2026-02-17 04:00:00,1771318800000,200.0,200.0,198.66,198.85,24534.0,199.0781
2026-02-17 04:15:00,1771319700000,198.78,198.82,198.5,198.72,26057.0,198.606
2026-02-17 04:30:00,1771320600000,198.78,199.03,198.78,199.03,5958.0,198.9375
2026-02-17 04:45:00,1771321500000,198.98,199.03,198.95,199.02,6252.0,198.9725
2026-02-17 05:00:00,1771322400000,199.08,199.19,198.82,198.82,6755.0,199.0388
2026-02-17 05:15:00,1771323300000,198.71,198.8,198.62,198.66,4602.0,198.6756
2026-02-17 05:30:00,1771324200000,198.65,198.65,198.25,198.25,8406.0,198.4426
2026-02-17 05:45:00,1771325100000,198.25,198.5,198.21,198.36,5633.0,198.33
2026-02-17 06:00:00,1771326000000,198.4,198.54,198.24,198.3,9678.0,198.3909
2026-02-17 06:15:00,1771326900000,198.31,198.31,197.88,197.93,12878.0,198.066
2026-02-17 06:30:00,1771327800000,198.31,198.65,198.29,198.29,10113.0,198.4489
2026-02-17 06:45:00,1771328700000,198.28,198.63,198.22,198.63,10801.0,198.3419
2026-02-17 07:00:00,1771329600000,198.61,199.0,198.35,198.99,32463.0,198.7369
2026-02-17 07:15:00,1771330500000,198.8,198.87,198.26,198.38,19168.0,198.5155
2026-02-17 07:30:00,1771331400000,198.25,198.43,198.19,198.28,13283.0,198.2563
2026-02-17 07:45:00,1771332300000,198.25,198.3,197.9,198.04,29316.0,198.0858
2026-02-17 08:00:00,1771333200000,199.23,199.42,197.63,197.87,279455.0,198.3649
2026-02-17 08:15:00,1771334100000,197.88,198.79,197.8,198.3717,66783.0,198.3124
2026-02-17 08:30:00,1771335000000,198.6711,198.73,198.15,198.39,26323.0,198.324
2026-02-17 08:45:00,1771335900000,198.36,199.47,198.36,198.94,120794.0,198.9709
2026-02-17 09:00:00,1771336800000,199.0,199.75,198.8538,199.21,104367.0,199.3857
2026-02-17 09:15:00,1771337700000,199.2461,199.4,197.9,198.0,163487.0,198.6778
2026-02-17 09:30:00,1771338600000,198.125,200.38,197.3501,197.43,9667305.0,198.9504
2026-02-17 09:45:00,1771339500000,197.48,198.256,196.12,197.81,5533732.0,197.0316
2026-02-17 10:00:00,1771340400000,197.8005,198.87,197.56,198.08,3175869.0,198.3446
2026-02-17 10:15:00,1771341300000,198.02,199.2001,196.0,198.955,2663585.0,198.6357
2026-02-17 10:30:00,1771342200000,198.94,199.63,198.0434,199.58,2629137.0,199.0011
2026-02-17 10:45:00,1771343100000,199.56,200.53,199.515,200.145,3050459.0,200.0628
2026-02-17 11:00:00,1771344000000,200.14,201.38,200.02,200.91,2226707.0,200.5926
2026-02-17 11:15:00,1771344900000,200.9,201.7362,200.71,201.08,2244942.0,201.3186
2026-02-17 11:30:00,1771345800000,201.08,201.21,200.138,200.74,1730086.0,200.8968
2026-02-17 11:45:00,1771346700000,200.74,201.67,200.5,201.33,1311247.0,201.1574
2026-02-17 12:00:00,1771347600000,201.3,201.31,199.94,200.13,2036824.0,200.712
2026-02-17 12:15:00,1771348500000,200.125,200.47,199.64,200.47,1515228.0,199.9892
2026-02-17 12:30:00,1771349400000,200.49,200.54,199.235,199.29,1384256.0,199.8591
2026-02-17 12:45:00,1771350300000,199.28,199.6613,198.935,199.64,1891496.0,199.2298
2026-02-17 13:00:00,1771351200000,199.62,199.79,199.05,199.415,1341538.0,199.3979
2026-02-17 13:15:00,1771352100000,199.415,200.3938,199.05,200.325,1502343.0,199.8201
2026-02-17 13:30:00,1771353000000,200.291,201.26,200.1,201.08,1580656.0,200.7827
2026-02-17 13:45:00,1771353900000,201.0997,201.3698,200.685,200.96,1273496.0,201.0251
2026-02-17 14:00:00,1771354800000,200.96,201.25,200.75,201.19,1280696.0,201.0435
2026-02-17 14:15:00,1771355700000,201.185,201.55,200.82,200.9042,1386778.0,201.2571
2026-02-17 14:30:00,1771356600000,200.9042,201.46,200.84,201.2391,1048628.0,201.1542
2026-02-17 14:45:00,1771357500000,201.23,201.3,200.735,200.92,1076210.0,201.0475
2026-02-17 15:00:00,1771358400000,200.89,201.27,200.86,201.18,1104586.0,201.0948
2026-02-17 15:15:00,1771359300000,201.185,201.2,200.48,200.6,1381059.0,200.8466
2026-02-17 15:30:00,1771360200000,200.56,200.9,200.31,200.76,1345634.0,200.5558
2026-02-17 15:45:00,1771361100000,200.76,201.3,200.59,201.235,3742360.0,201.0507
2026-02-17 16:00:00,1771362000000,201.15,201.25,198.99,200.66,369500.0,200.7253
2026-02-17 16:15:00,1771362900000,200.63,200.85,200.55,200.85,39481.0,200.6933
2026-02-17 16:30:00,1771363800000,200.8,200.9,200.5093,200.85,26035.0,200.6804
2026-02-17 16:45:00,1771364700000,200.85,201.01,200.76,201.0,1273745.0,201.1448
2026-02-17 17:00:00,1771365600000,201.01,201.2,201.0,201.15,15121.0,201.0467
2026-02-17 17:15:00,1771366500000,201.19,201.29,201.15,201.2,17739.0,201.1461
2026-02-17 17:30:00,1771367400000,201.16,201.25,201.15,201.2,12687.0,201.3313
2026-02-17 17:45:00,1771368300000,201.25,201.4,201.2,201.23,35061.0,201.3467
2026-02-17 18:00:00,1771369200000,201.23,201.23,200.8,200.86,26091.0,201.0776
2026-02-17 18:15:00,1771370100000,200.8779,201.15,200.51,201.13,22957.0,200.9033
2026-02-17 18:30:00,1771371000000,200.9,201.09,200.5,200.9,10194.0,200.8484
2026-02-17 18:45:00,1771371900000,200.76,200.8,200.6,200.61,16235.0,200.6965
2026-02-17 19:00:00,1771372800000,200.69,200.96,200.61,200.96,8790.0,200.8695
2026-02-17 19:15:00,1771373700000,201.0,201.25,200.98,201.25,26893.0,201.0454
2026-02-17 19:30:00,1771374600000,201.2,201.2,201.08,201.16,13468.0,201.1405
2026-02-17 19:45:00,1771375500000,201.07,201.14,200.87,201.0,21984.0,201.0031
2026-02-18 04:00:00,1771405200000,202.05,203.2,202.05,203.2,39777.0,202.8383
2026-02-18 04:15:00,1771406100000,203.15,203.73,203.1,203.7,50855.0,203.3342
2026-02-18 04:30:00,1771407000000,203.7,203.91,203.7,203.86,31888.0,203.81
2026-02-18 04:45:00,1771407900000,203.85,204.0,203.82,203.95,30349.0,203.9326
2026-02-18 05:00:00,1771408800000,203.97,204.4,203.95,204.3,44228.0,204.2168
2026-02-18 05:15:00,1771409700000,204.3,204.4,204.08,204.11,46060.0,204.2938
2026-02-18 05:30:00,1771410600000,203.98,204.15,203.95,204.15,19063.0,203.9962
2026-02-18 05:45:00,1771411500000,204.24,204.5,203.99,204.3,36711.0,204.2662
2026-02-18 06:00:00,1771412400000,204.33,204.4,204.25,204.34,25609.0,204.3034
2026-02-18 06:15:00,1771413300000,204.35,204.46,204.29,204.34,20644.0,204.3423
2026-02-18 06:30:00,1771414200000,204.3,204.39,204.08,204.26,57827.0,204.2748
2026-02-18 06:45:00,1771415100000,204.35,204.44,204.08,204.17,27390.0,204.3162
2026-02-18 07:00:00,1771416000000,204.11,204.9,204.08,204.65,88784.0,204.5421
2026-02-18 07:15:00,1771416900000,204.6,204.62,204.0,204.0,64709.0,204.3184
2026-02-18 07:30:00,1771417800000,203.88,204.14,203.45,204.14,62401.0,203.8013
2026-02-18 07:45:00,1771418700000,204.05,204.11,203.7,203.94,23804.0,203.9161
2026-02-18 08:00:00,1771419600000,203.54,204.9,201.58,203.9642,297415.0,203.5008
2026-02-18 08:15:00,1771420500000,203.96,204.0,203.72,203.93,39882.0,203.8611
2026-02-18 08:30:00,1771421400000,203.99,204.03,203.0,203.26,82012.0,203.3637
2026-02-18 08:45:00,1771422300000,203.22,203.25,202.76,202.91,77174.0,202.9805
2026-02-18 09:00:00,1771423200000,202.91,203.2,202.6,202.88,80509.0,202.8811
2026-02-18 09:15:00,1771424100000,202.9,203.44,201.92,202.15,143516.0,202.5919
2026-02-18 09:30:00,1771425000000,202.07,204.86,201.51,204.47,6663867.0,203.5282
2026-02-18 09:45:00,1771425900000,204.465,205.46,203.42,204.7895,3729215.0,204.5532
2026-02-18 10:00:00,1771426800000,204.75,205.86,204.46,205.78,2501747.0,205.3144
2026-02-18 10:15:00,1771427700000,205.78,206.15,205.26,205.86,2305184.0,205.7107
2026-02-18 10:30:00,1771428600000,205.835,206.61,205.6101,206.61,2199236.0,206.0777
2026-02-18 10:45:00,1771429500000,206.6,206.86,206.15,206.535,1673455.0,206.518
2026-02-18 11:00:00,1771430400000,206.54,206.79,205.89,206.725,1806891.0,206.3485
2026-02-18 11:15:00,1771431300000,206.74,206.86,205.83,205.9,1636769.0,206.3849
2026-02-18 11:30:00,1771432200000,205.885,206.29,205.7301,205.81,1188371.0,205.9994
2026-02-18 11:45:00,1771433100000,205.82,205.95,205.51,205.56,913598.0,205.7242
2026-02-18 12:00:00,1771434000000,205.535,206.22,205.51,206.01,1054037.0,205.9161
2026-02-18 12:15:00,1771434900000,206.015,206.27,205.73,205.8,809987.0,206.01
2026-02-18 12:30:00,1771435800000,205.795,206.03,205.7,205.9211,685301.0,205.8584
2026-02-18 12:45:00,1771436700000,205.93,206.14,205.59,205.98,983787.0,205.8746
2026-02-18 13:00:00,1771437600000,205.965,206.39,205.81,205.86,913205.0,206.16
2026-02-18 13:15:00,1771438500000,205.86,206.02,205.623,205.68,683695.0,205.8037
2026-02-18 13:30:00,1771439400000,205.68,205.89,205.0201,205.195,929155.0,205.5197
2026-02-18 13:45:00,1771440300000,205.19,205.7,205.11,205.615,884673.0,205.4009
2026-02-18 14:00:00,1771441200000,205.59,205.9699,205.38,205.685,948018.0,205.6677
2026-02-18 14:15:00,1771442100000,205.69,205.92,205.23,205.28,965094.0,205.6444
2026-02-18 14:30:00,1771443000000,205.3,205.4,204.55,204.64,1212936.0,204.9024
2026-02-18 14:45:00,1771443900000,204.64,204.905,204.24,204.37,1068819.0,204.5787
2026-02-18 15:00:00,1771444800000,204.37,204.769,204.32,204.48,1141752.0,204.5095
2026-02-18 15:15:00,1771445700000,204.485,204.6,204.17,204.42,985063.0,204.3931
2026-02-18 15:30:00,1771446600000,204.41,205.37,204.371,205.3,1476710.0,204.8673
2026-02-18 15:45:00,1771447500000,205.32,205.32,204.62,204.67,3955322.0,205.0379
2026-02-18 16:00:00,1771448400000,204.79,204.91,204.68,204.87,196464.0,204.7857
2026-02-18 16:15:00,1771449300000,204.86,205.0,204.62,204.78,74635.0,204.7866
2026-02-18 16:30:00,1771450200000,204.94,204.94,204.75,204.8999,14628.0,204.8698
2026-02-18 16:45:00,1771451100000,204.9,204.95,204.8237,204.9,26251.0,204.8855
2026-02-18 17:00:00,1771452000000,204.8795,205.0031,204.85,205.0031,16341.0,204.9325
2026-02-18 17:15:00,1771452900000,204.95,205.1,204.92,205.03,12048.0,204.9199
2026-02-18 17:30:00,1771453800000,205.08,205.19,205.04,205.1009,10474.0,205.1029
2026-02-18 17:45:00,1771454700000,205.11,205.38,205.1011,205.2111,23210.0,205.2851
2026-02-18 18:00:00,1771455600000,205.21,205.5,205.2,205.4345,13487.0,205.3561
2026-02-18 18:15:00,1771456500000,205.45,205.45,205.2,205.2,12375.0,205.3379
2026-02-18 18:30:00,1771457400000,205.43,205.44,205.1,205.13,9286.0,205.2837
2026-02-18 18:45:00,1771458300000,205.31,205.36,205.02,205.35,5634.0,205.2483
2026-02-18 19:00:00,1771459200000,205.23,205.25,205.05,205.1818,5414.0,205.1311
2026-02-18 19:15:00,1771460100000,205.0546,205.17,204.8,204.8001,14400.0,204.9885
2026-02-18 19:30:00,1771461000000,204.91,205.1,204.81,205.0656,7064.0,204.9659
2026-02-18 19:45:00,1771461900000,204.8301,204.9739,204.7856,204.89,15810.0,204.8529
2026-02-19 04:00:00,1771491600000,205.25,205.35,204.98,205.11,18464.0,205.1412
2026-02-19 04:15:00,1771492500000,205.0,205.09,204.83,204.87,4255.0,204.9395
2026-02-19 04:30:00,1771493400000,204.81,204.81,204.28,204.28,9607.0,204.5626
2026-02-19 04:45:00,1771494300000,204.25,204.29,203.72,204.2,19781.0,204.0199
2026-02-19 05:00:00,1771495200000,204.25,204.3,203.5,203.51,21707.0,203.7268
2026-02-19 05:15:00,1771496100000,203.71,204.01,203.7,204.0,5222.0,203.8593
2026-02-19 05:30:00,1771497000000,203.99,204.13,203.79,204.13,12296.0,203.9533
2026-02-19 05:45:00,1771497900000,204.1,204.2,204.0,204.2,3716.0,204.1185
2026-02-19 06:00:00,1771498800000,204.19,204.55,204.19,204.55,6931.0,204.3932
2026-02-19 06:15:00,1771499700000,204.42,204.57,204.38,204.5,5199.0,204.4846
2026-02-19 06:30:00,1771500600000,204.59,204.59,204.2,204.2,6508.0,204.3537
2026-02-19 06:45:00,1771501500000,204.21,204.3,203.79,204.3,13038.0,204.0358
2026-02-19 07:00:00,1771502400000,204.42,204.44,203.81,204.2,12641.0,204.0687
2026-02-19 07:15:00,1771503300000,204.25,204.49,204.2,204.45,10050.0,204.3405
2026-02-19 07:30:00,1771504200000,204.4,204.51,204.31,204.51,9583.0,204.4012
2026-02-19 07:45:00,1771505100000,204.4,204.48,204.15,204.15,8698.0,204.3088
2026-02-19 08:00:00,1771506000000,205.2,206.13,203.5,204.0,155074.0,204.7917
2026-02-19 08:15:00,1771506900000,203.96,204.0,203.5,203.6794,41482.0,203.6993
2026-02-19 08:30:00,1771507800000,203.68,204.22,203.47,203.8612,53239.0,203.84
2026-02-19 08:45:00,1771508700000,203.76,204.02,203.76,203.8996,22418.0,203.8912
2026-02-19 09:00:00,1771509600000,203.9,203.97,203.5,203.55,44847.0,203.66
2026-02-19 09:15:00,1771510500000,203.5823,204.4,203.54,203.94,64688.0,203.8855
2026-02-19 09:30:00,1771511400000,203.8,205.0,202.81,203.575,3282266.0,203.8364
2026-02-19 09:45:00,1771512300000,203.575,205.18,203.22,204.19,1941464.0,204.259
2026-02-19 10:00:00,1771513200000,204.19,205.3201,203.98,204.47,1700495.0,204.7316
2026-02-19 10:15:00,1771514100000,204.48,204.79,203.7,203.735,1375512.0,204.3214
2026-02-19 10:30:00,1771515000000,203.71,204.37,203.65,204.125,1078760.0,204.0505
2026-02-19 10:45:00,1771515900000,204.13,204.57,203.78,204.525,1067867.0,204.2546
2026-02-19 11:00:00,1771516800000,204.54,205.265,204.44,205.21,1294670.0,204.8448
2026-02-19 11:15:00,1771517700000,205.22,205.6396,205.13,205.23,1365465.0,205.3453
2026-02-19 11:30:00,1771518600000,205.2325,205.52,204.87,205.04,1111563.0,205.2396
2026-02-19 11:45:00,1771519500000,205.05,205.2901,204.58,205.095,947052.0,204.9659
2026-02-19 12:00:00,1771520400000,205.11,205.21,204.73,204.79,929822.0,204.9959
2026-02-19 12:15:00,1771521300000,204.8,205.18,204.332,204.474,834930.0,204.8425
2026-02-19 12:30:00,1771522200000,204.47,204.7199,204.13,204.14,745446.0,204.4384
2026-02-19 12:45:00,1771523100000,204.15,204.2699,203.83,203.92,932660.0,204.0129
2026-02-19 13:00:00,1771524000000,203.91,204.32,203.8,204.27,734229.0,204.0454
2026-02-19 13:15:00,1771524900000,204.25,204.29,203.73,204.16,735659.0,203.9766
2026-02-19 13:30:00,1771525800000,204.15,204.305,203.99,204.16,733028.0,204.1893
2026-02-19 13:45:00,1771526700000,204.14,205.0571,204.14,204.99,748034.0,204.5823
2026-02-19 14:00:00,1771527600000,204.99,205.13,204.86,204.96,823663.0,204.9932
2026-02-19 14:15:00,1771528500000,204.96,205.03,204.27,204.345,694954.0,204.8173
2026-02-19 14:30:00,1771529400000,204.3431,204.6,203.87,204.025,976145.0,204.2437
2026-02-19 14:45:00,1771530300000,204.025,204.38,203.85,204.06,640352.0,204.1102
2026-02-19 15:00:00,1771531200000,204.05,204.33,203.95,204.14,910227.0,204.141
2026-02-19 15:15:00,1771532100000,204.14,204.45,203.9901,204.155,765578.0,204.2172
2026-02-19 15:30:00,1771533000000,204.15,204.51,204.15,204.45,813469.0,204.3225
2026-02-19 15:45:00,1771533900000,204.46,204.97,204.41,204.91,2816942.0,204.7786
2026-02-19 16:00:00,1771534800000,204.86,205.0,204.7501,204.86,248876.0,204.8596
2026-02-19 16:15:00,1771535700000,204.86,204.92,204.5,204.61,25866.0,204.7448
2026-02-19 16:30:00,1771536600000,204.619,204.86,204.52,204.8,32294.0,204.6659
2026-02-19 16:45:00,1771537500000,204.8,204.86,204.67,204.71,20670.0,204.8837
2026-02-19 17:00:00,1771538400000,204.71,204.79,204.71,204.78,4518.0,205.5134
2026-02-19 17:15:00,1771539300000,204.79,204.79,204.69,204.75,18099.0,204.7828
2026-02-19 17:30:00,1771540200000,204.69,204.75,204.69,204.74,5226.0,204.1019
2026-02-19 17:45:00,1771541100000,204.74,204.84,204.73,204.82,12526.0,204.7935
2026-02-19 18:00:00,1771542000000,204.81,204.96,204.7697,204.81,16034.0,204.8727
2026-02-19 18:15:00,1771542900000,204.89,205.0,204.87,204.9072,10247.0,204.9356
2026-02-19 18:30:00,1771543800000,204.8742,205.1,204.84,204.8755,19213.0,204.991
2026-02-19 18:45:00,1771544700000,204.96,205.0887,204.87,205.0887,10684.0,204.9775
2026-02-19 19:00:00,1771545600000,205.0936,205.24,204.98,205.18,19386.0,205.1023
2026-02-19 19:15:00,1771546500000,205.18,205.31,205.0,205.25,14928.0,205.1756
2026-02-19 19:30:00,1771547400000,205.2931,205.5,205.15,205.17,19652.0,205.3541
2026-02-19 19:45:00,1771548300000,205.31,205.42,205.2,205.4,14170.0,205.3274
2026-02-20 04:00:00,1771578000000,205.6,205.94,205.51,205.94,12320.0,205.7362
2026-02-20 04:15:00,1771578900000,205.96,206.1,205.9,205.9,9482.0,205.9969
2026-02-20 04:30:00,1771579800000,205.87,206.44,205.65,206.44,11892.0,205.8507
2026-02-20 04:45:00,1771580700000,205.77,205.84,205.4,205.45,4921.0,205.5949
2026-02-20 05:00:00,1771581600000,205.4,205.4,205.37,205.37,1191.0,205.3881
2026-02-20 05:15:00,1771582500000,205.47,205.47,205.29,205.38,3268.0,205.3697
2026-02-20 05:30:00,1771583400000,205.4,205.4,205.38,205.4,3131.0,205.3917
2026-02-20 05:45:00,1771584300000,205.35,205.35,205.18,205.18,6873.0,205.2916
2026-02-20 06:00:00,1771585200000,205.15,205.15,204.8,205.04,9051.0,204.9569
2026-02-20 06:15:00,1771586100000,205.01,205.28,205.01,205.28,1441.0,205.1064
2026-02-20 06:30:00,1771587000000,205.16,205.22,205.09,205.15,2275.0,205.1385
2026-02-20 06:45:00,1771587900000,205.0,205.19,204.77,204.77,8555.0,204.9217
2026-02-20 07:00:00,1771588800000,204.83,205.26,204.7,205.17,20034.0,205.0101
2026-02-20 07:15:00,1771589700000,205.19,205.42,204.74,204.74,45392.0,205.0277
2026-02-20 07:30:00,1771590600000,204.7,205.02,204.6,204.96,24182.0,204.7814
2026-02-20 07:45:00,1771591500000,204.88,205.48,204.81,205.45,14489.0,205.2096
2026-02-20 08:00:00,1771592400000,204.81,206.19,204.55,206.1,212673.0,205.5584
2026-02-20 08:15:00,1771593300000,206.1164,206.6,206.0,206.2,84916.0,206.3012
2026-02-20 08:30:00,1771594200000,206.08,206.08,205.01,205.25,126199.0,205.4747
2026-02-20 08:45:00,1771595100000,205.25,205.43,204.89,205.43,53299.0,205.195
2026-02-20 09:00:00,1771596000000,205.42,205.55,205.0704,205.0704,52517.0,205.2894
2026-02-20 09:15:00,1771596900000,205.1691,205.55,204.59,204.76,141412.0,204.9725
2026-02-20 09:30:00,1771597800000,204.76,207.09,203.75,207.0517,5408596.0,205.4765
2026-02-20 09:45:00,1771598700000,207.09,207.61,205.7101,206.23,2685008.0,206.4622
2026-02-20 10:00:00,1771599600000,206.23,210.36,206.13,209.935,7483332.0,208.9662
2026-02-20 10:15:00,1771600500000,209.935,209.94,208.22,208.44,4290901.0,209.065
2026-02-20 10:30:00,1771601400000,208.425,209.66,207.79,209.575,3126046.0,208.7605
2026-02-20 10:45:00,1771602300000,209.59,211.0,209.38,210.9,3267753.0,210.2324
2026-02-20 11:00:00,1771603200000,210.895,211.08,209.165,209.32,2297526.0,210.123
2026-02-20 11:15:00,1771604100000,209.355,209.44,208.025,208.05,1822625.0,208.5647
2026-02-20 11:30:00,1771605000000,208.05,209.36,207.94,209.195,1582311.0,208.5707
2026-02-20 11:45:00,1771605900000,209.18,209.6636,209.13,209.21,1494050.0,209.4163
2026-02-20 12:00:00,1771606800000,209.21,209.33,207.895,207.91,1238703.0,208.6938
2026-02-20 12:15:00,1771607700000,207.91,207.91,206.83,207.9,1873974.0,207.3498
2026-02-20 12:30:00,1771608600000,207.91,208.67,207.8,208.655,1464558.0,208.2219
2026-02-20 12:45:00,1771609500000,208.67,209.77,208.5401,209.6,1629605.0,209.1396
2026-02-20 13:00:00,1771610400000,209.59,209.795,209.17,209.45,1169657.0,209.566
2026-02-20 13:15:00,1771611300000,209.465,209.53,208.75,209.21,1085831.0,209.1937
2026-02-20 13:30:00,1771612200000,209.21,210.24,208.77,210.21,1719694.0,209.705
2026-02-20 13:45:00,1771613100000,210.21,211.17,210.21,210.33,2354392.0,210.8175
2026-02-20 14:00:00,1771614000000,210.31,210.505,209.81,209.835,1245714.0,210.176
2026-02-20 14:15:00,1771614900000,209.85,210.14,209.63,209.79,894955.0,209.8595
2026-02-20 14:30:00,1771615800000,209.79,210.14,209.7642,209.855,819938.0,209.9235
2026-02-20 14:45:00,1771616700000,209.86,210.1399,209.23,209.3312,994880.0,209.7118
2026-02-20 15:00:00,1771617600000,209.31,210.05,209.26,209.935,1101433.0,209.8079
2026-02-20 15:15:00,1771618500000,209.925,209.98,209.42,209.46,1150563.0,209.7001
2026-02-20 15:30:00,1771619400000,209.45,209.83,209.315,209.82,1131505.0,209.599
2026-02-20 15:45:00,1771620300000,209.81,210.2898,209.64,210.17,3817157.0,210.0721
2026-02-20 16:00:00,1771621200000,210.11,210.2399,209.604,209.85,419028.0,210.09
2026-02-20 16:15:00,1771622100000,209.86,210.0893,209.8031,210.05,33749.0,209.9825
2026-02-20 16:30:00,1771623000000,210.0,210.05,210.0,210.0486,29398.0,210.0251
2026-02-20 16:45:00,1771623900000,210.0494,210.05,209.9548,209.9985,33013.0,209.9514
2026-02-20 17:00:00,1771624800000,210.0,210.09,209.98,210.0077,18524.0,210.0319
2026-02-20 17:15:00,1771625700000,210.01,210.05,209.9,210.01,19311.0,209.9298
2026-02-20 17:30:00,1771626600000,210.02,210.03,209.9004,210.03,13788.0,209.9314
2026-02-20 17:45:00,1771627500000,210.05,210.07,210.0,210.01,6161.0,210.0377
2026-02-20 18:00:00,1771628400000,210.06,210.09,210.0,210.09,3629.0,210.0526
2026-02-20 18:15:00,1771629300000,210.0032,210.05,209.9155,209.9155,10788.0,209.9926
2026-02-20 18:30:00,1771630200000,209.9155,210.0,209.91,209.9955,9372.0,209.9773
2026-02-20 18:45:00,1771631100000,210.0,210.0,209.93,209.98,5570.0,209.9816
2026-02-20 19:00:00,1771632000000,209.9493,210.0,209.91,209.95,8198.0,209.9608
2026-02-20 19:15:00,1771632900000,209.98,209.9999,209.94,209.9404,6085.0,209.9674
2026-02-20 19:30:00,1771633800000,209.94,210.0,209.94,210.0,19828.0,209.9962
2026-02-20 19:45:00,1771634700000,210.01,210.05,209.98,210.0494,26754.0,210.0103
2026-02-23 04:00:00,1771837200000,208.5,209.21,208.5,209.2,20818.0,208.8896
2026-02-23 04:15:00,1771838100000,209.12,209.24,209.1,209.1,2616.0,209.1576
2026-02-23 04:30:00,1771839000000,209.25,209.6,209.14,209.6,23033.0,209.4202
2026-02-23 04:45:00,1771839900000,209.3,209.31,208.88,208.99,7188.0,209.1179
2026-02-23 05:00:00,1771840800000,209.11,209.19,209.04,209.1,7714.0,209.1129
2026-02-23 05:15:00,1771841700000,209.01,209.01,208.62,208.69,8397.0,208.7972
2026-02-23 05:30:00,1771842600000,208.75,208.78,208.58,208.78,6020.0,208.6662
2026-02-23 05:45:00,1771843500000,208.72,208.72,208.48,208.67,6998.0,208.5853
2026-02-23 06:00:00,1771844400000,208.62,208.62,208.0,208.51,6753.0,208.4159
2026-02-23 06:15:00,1771845300000,208.7,208.73,208.61,208.61,3299.0,208.6551
2026-02-23 06:30:00,1771846200000,208.58,208.61,208.43,208.53,5681.0,208.5075
2026-02-23 06:45:00,1771847100000,208.3,208.5,208.11,208.5,7061.0,208.3283
2026-02-23 07:00:00,1771848000000,208.5,208.65,208.4,208.4,13381.0,208.527
2026-02-23 07:15:00,1771848900000,208.3,208.3,208.06,208.13,9517.0,208.1462
2026-02-23 07:30:00,1771849800000,208.02,208.17,207.77,208.0,24946.0,208.0089
2026-02-23 07:45:00,1771850700000,208.0,208.06,207.7,207.75,18659.0,207.8693
2026-02-23 08:00:00,1771851600000,208.88,209.6,207.35,207.76,189587.848676,208.1313
2026-02-23 08:15:00,1771852500000,207.8319,208.3,207.68,208.16,43516.494592,207.9498
2026-02-23 08:30:00,1771853400000,208.17,208.5,208.0,208.39,37653.346449000004,208.3599
2026-02-23 08:45:00,1771854300000,208.4182,208.58,208.0,208.1499,48037.991683,208.2662
2026-02-23 09:00:00,1771855200000,208.14,208.3558,207.9,208.2,38489.316248999996,208.0884
2026-02-23 09:15:00,1771856100000,208.2,208.2,207.75,208.04,82614.80697800001,207.9855
2026-02-23 09:30:00,1771857000000,208.095,208.43,205.67,205.88,5677746.957955,207.0298
2026-02-23 09:45:00,1771857900000,205.88,206.54,205.5,205.57,2808154.270757,206.0176
2026-02-23 10:00:00,1771858800000,205.57,206.09,203.92,204.5801,3408081.178296,204.847
2026-02-23 10:15:00,1771859700000,204.57,205.17,204.283,204.6291,2175144.8490420002,204.7339
2026-02-23 10:30:00,1771860600000,204.6,205.07,204.1,204.8,1843201.4571240002,204.7054
2026-02-23 10:45:00,1771861500000,204.815,205.14,204.02,204.54,1996430.858319,204.4983
2026-02-23 11:00:00,1771862400000,204.55,204.63,203.5,203.91,2075545.020852,203.8955
2026-02-23 11:15:00,1771863300000,203.91,204.5,203.76,204.46,1743059.420721,204.2346
2026-02-23 11:30:00,1771864200000,204.44,204.45,203.72,204.12,1412259.4330019997,204.109
2026-02-23 11:45:00,1771865100000,204.14,204.63,203.935,204.107,1471956.4244799998,204.2737
2026-02-23 12:00:00,1771866000000,204.09,204.24,203.62,203.715,1521743.447389,203.9209
2026-02-23 12:15:00,1771866900000,203.72,203.86,203.36,203.44,1211414.626275,203.6242
2026-02-23 12:30:00,1771867800000,203.43,203.83,203.11,203.61,1284831.799249,203.4346
2026-02-23 12:45:00,1771868700000,203.61,204.28,203.5,204.04,1503452.604062,203.9806
2026-02-23 13:00:00,1771869600000,204.05,204.56,203.83,204.545,1161425.292773,204.2072
2026-02-23 13:15:00,1771870500000,204.52,204.7199,204.32,204.43,1606985.563633,204.5148
2026-02-23 13:30:00,1771871400000,204.43,204.5,203.25,203.93,1631549.7360910003,204.1505
2026-02-23 13:45:00,1771872300000,203.935,204.38,203.805,203.9,999067.0076060002,204.1128
2026-02-23 14:00:00,1771873200000,203.9,204.5,203.87,204.4,996182.646443,204.1612
2026-02-23 14:15:00,1771874100000,204.39,204.57,204.05,204.38,1120858.479949,204.3151
2026-02-23 14:30:00,1771875000000,204.39,204.84,204.32,204.47,1141572.279334,204.6408
2026-02-23 14:45:00,1771875900000,204.48,204.75,204.23,204.26,1070827.316011,204.5496
2026-02-23 15:00:00,1771876800000,204.255,204.43,204.0,204.28,1100996.3721909998,204.2096
2026-02-23 15:15:00,1771877700000,204.28,204.73,204.28,204.675,1002502.205917,204.5514
2026-02-23 15:30:00,1771878600000,204.67,205.13,204.67,205.0001,1485960.509909,204.9328
2026-02-23 15:45:00,1771879500000,205.01,205.32,204.79,205.26,3535804.5416329997,205.023
2026-02-23 16:00:00,1771880400000,205.27,205.45,204.5055,205.3,221161.096097,205.2428
2026-02-23 16:15:00,1771881300000,205.2601,205.3,205.1,205.1101,64981.736342,205.1856
2026-02-23 16:30:00,1771882200000,205.18,205.36,205.1501,205.22,33059.561471,205.2715
2026-02-23 16:45:00,1771883100000,205.26,205.27,205.03,205.1011,33474.33789,205.3229
2026-02-23 17:00:00,1771884000000,205.2,205.25,205.2,205.23,9362.146738,205.6821
2026-02-23 17:15:00,1771884900000,205.23,205.25,205.1739,205.24,14151.468405000001,206.0339
2026-02-23 17:30:00,1771885800000,205.22,205.2486,205.1,205.18,11117.765958,205.3555
2026-02-23 17:45:00,1771886700000,205.14,205.22,205.08,205.22,13653.779453000001,205.3386
2026-02-23 18:00:00,1771887600000,205.22,205.29,205.07,205.2,15492.05767,205.3017
2026-02-23 18:15:00,1771888500000,205.2,205.29,205.13,205.2139,9664.017204,205.2379
2026-02-23 18:30:00,1771889400000,205.29,205.4,205.27,205.27,11997.154323,205.3855
2026-02-23 18:45:00,1771890300000,205.32,205.369,205.27,205.27,8452.088640999998,205.3065
2026-02-23 19:00:00,1771891200000,205.27,205.3,205.1,205.21,8429.765379,205.2718
2026-02-23 19:15:00,1771892100000,205.1805,205.5,205.1,205.11,14573.021561,205.296
2026-02-23 19:30:00,1771893000000,205.3,205.3782,205.1,205.3782,6996.690083,205.2878
2026-02-23 19:45:00,1771893900000,205.35,206.0,205.35,205.6,25739.986725,205.632
2026-02-24 04:00:00,1771923600000,205.06,205.47,205.06,205.37,5475.0,205.2621
2026-02-24 04:15:00,1771924500000,205.33,205.45,205.33,205.37,5910.0,205.3678
2026-02-24 04:30:00,1771925400000,205.29,205.36,205.2,205.31,2962.0,205.2866
2026-02-24 04:45:00,1771926300000,205.49,205.69,205.49,205.69,3572.0,205.5606
2026-02-24 05:00:00,1771927200000,205.7,206.0,205.7,205.72,3196.0,205.8526
2026-02-24 05:15:00,1771928100000,205.7,205.7,205.6,205.6,945.0,205.6828
2026-02-24 05:30:00,1771929000000,205.51,205.68,205.51,205.68,2866.0,205.6146
2026-02-24 05:45:00,1771929900000,205.7,205.72,205.63,205.64,2206.0,205.6697
2026-02-24 06:00:00,1771930800000,205.64,205.64,205.64,205.64,679.0,205.6204
2026-02-24 06:15:00,1771931700000,205.4,205.44,205.22,205.3,3483.0,205.3579
2026-02-24 06:30:00,1771932600000,205.4,205.5,205.35,205.5,1857.0,205.4286
2026-02-24 06:45:00,1771933500000,205.5,205.56,205.42,205.56,5123.0,205.4994
2026-02-24 07:00:00,1771934400000,205.58,206.09,205.5,205.68,26875.0,205.7912
2026-02-24 07:15:00,1771935300000,205.66,205.66,205.55,205.58,5198.0,205.6041
2026-02-24 07:30:00,1771936200000,205.52,205.52,205.16,205.25,14625.0,205.349
2026-02-24 07:45:00,1771937100000,205.25,205.3,205.13,205.18,9503.0,205.2318
2026-02-24 08:00:00,1771938000000,205.56,206.1,205.01,205.22,139500.26720199996,205.5116
2026-02-24 08:15:00,1771938900000,205.2999,205.4814,205.2009,205.39,15509.420954000001,205.4061
2026-02-24 08:30:00,1771939800000,205.45,205.7,205.4001,205.7,16869.540553000003,205.5641
2026-02-24 08:45:00,1771940700000,205.65,206.0,205.61,205.83,41492.200497000005,205.8749
2026-02-24 09:00:00,1771941600000,205.78,205.79,205.39,205.4,34573.107457000006,205.5602
2026-02-24 09:15:00,1771942500000,205.45,205.52,205.0,205.5,40514.526333,205.4006
2026-02-24 09:30:00,1771943400000,205.47,206.26,203.25,205.9916,3744785.245689,204.8356
2026-02-24 09:45:00,1771944300000,205.97,206.805,205.3,205.47,2273834.9280749997,206.1685
2026-02-24 10:00:00,1771945200000,205.48,206.98,204.74,206.23,1877217.2239040001,205.8188
2026-02-24 10:15:00,1771946100000,206.22,207.89,205.96,207.75,1752320.0145389996,207.0592
2026-02-24 10:30:00,1771947000000,207.74,207.95,207.385,207.855,1166018.7017169998,207.6597
2026-02-24 10:45:00,1771947900000,207.8407,207.87,207.3,207.81,963469.97367,207.552
2026-02-24 11:00:00,1771948800000,207.8,208.69,207.63,208.6161,1435600.4215079998,208.3147
2026-02-24 11:15:00,1771949700000,208.605,209.18,208.372,209.11,1595318.980672,208.7665
2026-02-24 11:30:00,1771950600000,209.11,209.451,208.44,208.6801,1286419.5420270003,208.9104
2026-02-24 11:45:00,1771951500000,208.68,209.25,208.68,209.155,824848.153178,209.0106
2026-02-24 12:00:00,1771952400000,209.165,209.654,209.04,209.56,870576.695172,209.3157
2026-02-24 12:15:00,1771953300000,209.56,209.96,209.38,209.6,941232.907034,209.6645
2026-02-24 12:30:00,1771954200000,209.61,209.69,209.39,209.43,802781.5942580001,209.5348
2026-02-24 12:45:00,1771955100000,209.425,209.7,209.286,209.36,663039.777087,209.5256
2026-02-24 13:00:00,1771956000000,209.36,209.8,209.0101,209.0786,722235.352869,209.3732
2026-02-24 13:15:00,1771956900000,209.1,209.44,208.98,209.44,691436.785532,209.1525
2026-02-24 13:30:00,1771957800000,209.45,210.03,209.43,209.7201,1027025.865403,209.7884
2026-02-24 13:45:00,1771958700000,209.74,210.36,209.69,209.925,997434.617394,210.0647
2026-02-24 14:00:00,1771959600000,209.92,210.02,209.355,209.355,774951.8983240002,209.7882
2026-02-24 14:15:00,1771960500000,209.35,209.37,208.7,209.02,1399976.501322,209.1378
2026-02-24 14:30:00,1771961400000,209.01,209.19,208.84,208.99,727955.0527729999,209.0437
2026-02-24 14:45:00,1771962300000,208.97,209.48,208.7,209.35,1057926.1958940001,209.0819
2026-02-24 15:00:00,1771963200000,209.35,209.54,208.695,208.87,858106.1601500001,209.1927
2026-02-24 15:15:00,1771964100000,208.8798,208.8798,208.21,208.22,1004123.40864,208.5697
2026-02-24 15:30:00,1771965000000,208.24,208.58,208.16,208.445,892216.0116600001,208.3684
2026-02-24 15:45:00,1771965900000,208.43,208.71,208.27,208.56,2535487.954791,208.4862
2026-02-24 16:00:00,1771966800000,208.56,208.8,208.38,208.4205,657457.090835,208.5598
2026-02-24 16:15:00,1771967700000,208.5491,208.7,208.42,208.62,9789.550458,208.583
2026-02-24 16:30:00,1771968600000,208.62,208.63,208.5,208.57,13971.161082,208.6075
2026-02-24 16:45:00,1771969500000,208.56,208.62,208.52,208.52,23027.188073999998,208.5795
2026-02-24 17:00:00,1771970400000,208.52,208.52,208.3918,208.48,15940.799852,208.6201
2026-02-24 17:15:00,1771971300000,208.5,208.64,208.5,208.56,12019.271556,208.5932
2026-02-24 17:30:00,1771972200000,208.501,208.55,208.32,208.41,12963.624897,208.2363
2026-02-24 17:45:00,1771973100000,208.4,208.56,208.3245,208.5395,11131.163585999999,207.4469
2026-02-24 18:00:00,1771974000000,208.42,208.5,208.33,208.4132,6148.091673,208.4107
2026-02-24 18:15:00,1771974900000,208.55,208.55,208.39,208.53,6952.631561,208.4954
2026-02-24 18:30:00,1771975800000,208.4983,208.56,208.47,208.55,9048.230498,208.5359
2026-02-24 18:45:00,1771976700000,208.539,208.58,208.539,208.58,3144.273867,208.5736
2026-02-24 19:00:00,1771977600000,208.56,208.6899,208.5,208.6099,5593.064727999999,208.5964
2026-02-24 19:15:00,1771978500000,208.51,208.6,208.4732,208.56,7508.067414,208.5707
2026-02-24 19:30:00,1771979400000,208.56,208.95,208.51,208.92,16542.332306,208.6854
2026-02-24 19:45:00,1771980300000,208.93,209.2,208.59,209.1838,22322.341072,209.0261
2026-02-25 04:00:00,1772010000000,208.95,209.01,208.66,209.0,7668.0,208.9134
2026-02-25 04:15:00,1772010900000,209.0,209.0,208.85,208.85,2507.0,208.9391
2026-02-25 04:30:00,1772011800000,208.9,209.01,208.89,209.01,2427.0,208.9499
2026-02-25 04:45:00,1772012700000,208.97,209.16,208.97,209.16,2592.0,209.0707
2026-02-25 05:00:00,1772013600000,209.2,209.22,209.0,209.0,3896.0,209.0581
2026-02-25 05:15:00,1772014500000,209.25,209.41,209.14,209.41,7635.0,209.2908
2026-02-25 05:30:00,1772015400000,209.37,209.78,209.2,209.35,11937.0,209.4242
2026-02-25 05:45:00,1772016300000,209.4,209.75,209.27,209.27,4947.0,209.4124
2026-02-25 06:00:00,1772017200000,209.26,210.0,209.24,209.7,10348.0,209.5112
2026-02-25 06:15:00,1772018100000,209.61,209.89,209.6,209.67,3682.0,209.7298
2026-02-25 06:30:00,1772019000000,209.7,209.77,209.44,209.44,7329.0,209.6181
2026-02-25 06:45:00,1772019900000,209.45,209.6,209.4,209.6,12560.0,209.4899
2026-02-25 07:00:00,1772020800000,209.6,209.6,209.3,209.33,7420.0,209.4399
2026-02-25 07:15:00,1772021700000,209.4,209.7,209.36,209.63,11180.0,209.5685
2026-02-25 07:30:00,1772022600000,209.6,209.8,209.55,209.8,11410.0,209.6561
2026-02-25 07:45:00,1772023500000,209.7,209.93,209.7,209.91,16128.0,209.816
2026-02-25 08:00:00,1772024400000,209.6382,210.1,208.66,210.1,111680.615569,209.4895
2026-02-25 08:15:00,1772025300000,209.9965,210.09,209.78,209.92,29817.162322999997,209.9899
2026-02-25 08:30:00,1772026200000,209.84,209.94,209.6211,209.7,31707.033533,209.7517
2026-02-25 08:45:00,1772027100000,209.7,209.97,209.6601,209.85,27334.869553,209.907
2026-02-25 09:00:00,1772028000000,209.87,210.1,209.72,209.75,53752.223968,209.9391
2026-02-25 09:15:00,1772028900000,209.74,210.59,209.5,210.41,73477.30031400001,210.0348
2026-02-25 09:30:00,1772029800000,210.46,211.4,209.5895,210.22,2793747.5199100003,210.4475
2026-02-25 09:45:00,1772030700000,210.22,210.935,210.0983,210.8331,1529643.2922390003,210.5554
2026-02-25 10:00:00,1772031600000,210.84,211.59,210.5,210.62,1780903.434411,211.0263
2026-02-25 10:15:00,1772032500000,210.63,210.7,209.87,210.45,1292471.405675,210.3073
2026-02-25 10:30:00,1772033400000,210.46,210.74,210.07,210.4974,1211254.056972,210.4098
2026-02-25 10:45:00,1772034300000,210.515,211.02,209.97,210.39,1275553.946033,210.5861
2026-02-25 11:00:00,1772035200000,210.38,210.44,209.82,210.03,1033331.791972,210.1431
2026-02-25 11:15:00,1772036100000,210.03,210.23,209.715,209.94,958515.8586230001,209.9374
2026-02-25 11:30:00,1772037000000,209.94,210.15,209.735,209.835,696717.8405789998,209.9154
2026-02-25 11:45:00,1772037900000,209.855,209.945,209.47,209.496,778419.94114,209.7464
2026-02-25 12:00:00,1772038800000,209.51,209.7499,209.29,209.55,3366558.646235,209.5521
2026-02-25 12:15:00,1772039700000,209.54,209.87,209.0,209.21,1015193.4988859998,209.5349
2026-02-25 12:30:00,1772040600000,209.21,209.43,209.08,209.236,706806.476162,209.263
2026-02-25 12:45:00,1772041500000,209.24,209.55,209.065,209.325,725687.5204429999,209.3152
2026-02-25 13:00:00,1772042400000,209.325,209.5175,209.23,209.2855,2212225.260741,209.3566
2026-02-25 13:15:00,1772043300000,209.29,209.3199,209.06,209.16,586553.521708,209.197
2026-02-25 13:30:00,1772044200000,209.15,209.37,208.93,209.3499,749855.2724530001,209.1412
2026-02-25 13:45:00,1772045100000,209.3389,209.74,209.33,209.635,732556.0167250001,209.5893
2026-02-25 14:00:00,1772046000000,209.635,210.135,209.63,209.9,853178.9963220002,209.9124
2026-02-25 14:15:00,1772046900000,209.91,210.03,209.62,209.935,765622.8418399999,209.8713
2026-02-25 14:30:00,1772047800000,209.9301,210.56,209.93,210.23,1215189.1316179996,210.3247
2026-02-25 14:45:00,1772048700000,210.22,210.53,210.18,210.405,814280.8997770001,210.3271
2026-02-25 15:00:00,1772049600000,210.4,210.61,210.22,210.44,917818.8297400002,210.391
2026-02-25 15:15:00,1772050500000,210.44,210.47,210.11,210.23,1004351.3294829999,210.3059
2026-02-25 15:30:00,1772051400000,210.24,210.49,210.02,210.3831,1226549.479817,210.289
2026-02-25 15:45:00,1772052300000,210.39,210.8,210.07,210.66,3162494.9567990005,210.4862
2026-02-25 16:00:00,1772053200000,210.64,210.65,210.2,210.33,222914.11529500003,210.6217
2026-02-25 16:15:00,1772054100000,210.34,210.64,210.05,210.3178,46077.057878,210.4686
2026-02-25 16:30:00,1772055000000,210.301,211.08,210.301,210.75,83148.15192899999,210.8087
2026-02-25 16:45:00,1772055900000,210.7,211.01,210.6,210.9283,67572.537047,210.8253
2026-02-25 17:00:00,1772056800000,210.84,210.85,210.45,210.45,35896.411013,210.5851
2026-02-25 17:15:00,1772057700000,210.4,210.4011,209.91,210.01,65720.163021,210.0856
2026-02-25 17:30:00,1772058600000,210.05,210.05,209.48,209.71,39409.921696,209.821
2026-02-25 17:45:00,1772059500000,209.55,209.73,209.02,209.06,48343.99716299999,209.271
2026-02-25 18:00:00,1772060400000,209.1,210.0,209.02,209.05,64355.143533,209.4289
2026-02-25 18:15:00,1772061300000,209.2,209.44,209.0,209.44,26629.131307000003,209.2237
2026-02-25 18:30:00,1772062200000,209.38,209.48,208.4,208.61,37916.921732,208.9515
2026-02-25 18:45:00,1772063100000,208.68,209.24,208.4,209.19,28416.143474,208.8877
2026-02-25 19:00:00,1772064000000,209.19,209.4,209.06,209.21,11878.850724,209.2541
2026-02-25 19:15:00,1772064900000,209.1941,209.33,209.1941,209.23,7553.905102,209.2956
2026-02-25 19:30:00,1772065800000,209.3,209.37,209.0596,209.14,8139.629194000001,209.2638
2026-02-25 19:45:00,1772066700000,209.07,209.26,209.05,209.05,12867.124405999999,209.1601
2026-02-26 04:00:00,1772096400000,210.0,210.37,209.99,210.15,9752.0,210.133
2026-02-26 04:15:00,1772097300000,210.45,210.76,210.42,210.61,20339.0,210.5349
2026-02-26 04:30:00,1772098200000,210.6,210.88,210.6,210.73,17350.0,210.7057
2026-02-26 04:45:00,1772099100000,210.86,211.0,210.54,210.54,13354.0,210.9085
2026-02-26 05:00:00,1772100000000,210.83,211.14,210.83,211.14,7093.0,211.0072
2026-02-26 05:15:00,1772100900000,211.02,211.2,210.84,211.09,7247.0,210.9893
2026-02-26 05:30:00,1772101800000,210.85,211.08,210.82,210.9,8257.0,210.9553
2026-02-26 05:45:00,1772102700000,210.95,210.96,210.73,210.73,4059.0,210.8774
2026-02-26 06:00:00,1772103600000,210.7,210.75,210.53,210.53,3666.0,210.6411
2026-02-26 06:15:00,1772104500000,210.53,210.65,210.5,210.5,1472.0,210.5346
2026-02-26 06:30:00,1772105400000,210.52,210.52,210.45,210.49,1883.0,210.4626
2026-02-26 06:45:00,1772106300000,210.43,210.47,210.35,210.42,6164.0,210.3964
2026-02-26 07:00:00,1772107200000,210.34,210.45,210.34,210.34,2579.0,210.3833
2026-02-26 07:15:00,1772108100000,210.37,210.4,210.35,210.4,3319.0,210.3783
2026-02-26 07:30:00,1772109000000,210.33,210.33,209.85,210.2,10389.0,210.1137
2026-02-26 07:45:00,1772109900000,210.25,210.3,210.24,210.25,3727.0,210.257
2026-02-26 08:00:00,1772110800000,210.2745,210.5,210.25,210.4,18437.537948,210.3044
2026-02-26 08:15:00,1772111700000,210.27,210.738,210.27,210.6557,27980.49664,210.4502
2026-02-26 08:30:00,1772112600000,210.6517,210.8,210.64,210.68,18684.383708999998,210.7219
2026-02-26 08:45:00,1772113500000,210.68,211.04,210.65,210.7,28849.380444000006,210.9083
2026-02-26 09:00:00,1772114400000,210.6746,210.78,210.44,210.53,34822.459785,210.6143
2026-02-26 09:15:00,1772115300000,210.7627,210.7627,210.37,210.64,29983.272038,210.6164
2026-02-26 09:30:00,1772116200000,210.73,211.05,209.78,210.21,2962355.458181001,210.3876
2026-02-26 09:45:00,1772117100000,210.205,210.22,208.735,209.32,2175337.555236,209.2807
2026-02-26 10:00:00,1772118000000,209.31,209.865,208.63,208.92,2262176.179194,209.2332
2026-02-26 10:15:00,1772118900000,208.94,209.01,207.05,207.51,2515425.566552,207.8467
2026-02-26 10:30:00,1772119800000,207.52,207.79,206.95,207.56,2040094.6532309998,207.3983
2026-02-26 10:45:00,1772120700000,207.56,208.52,207.56,208.16,1607356.911968,208.1317
2026-02-26 11:00:00,1772121600000,208.16,209.0792,207.93,209.05,1455534.575699,208.5228
2026-02-26 11:15:00,1772122500000,209.055,209.1499,208.12,208.1876,1418318.7233569997,208.5855
2026-02-26 11:30:00,1772123400000,208.17,208.3,207.51,207.62,832748.7287000001,207.9238
2026-02-26 11:45:00,1772124300000,207.62,207.82,207.01,207.04,1091923.18971,207.4294
2026-02-26 12:00:00,1772125200000,207.04,207.48,206.98,207.08,1081761.48545,207.2488
2026-02-26 12:15:00,1772126100000,207.08,207.17,206.46,206.9707,2114477.183201,206.8733
2026-02-26 12:30:00,1772127000000,206.97,207.34,206.2,206.22,1096461.108378,206.6582
2026-02-26 12:45:00,1772127900000,206.21,206.3,205.74,205.75,1177380.083294,206.0507
2026-02-26 13:00:00,1772128800000,205.745,205.97,205.37,205.51,1899915.8866609999,206.1565
2026-02-26 13:15:00,1772129700000,205.505,206.1097,205.345,205.54,1067012.3825790002,205.7009
2026-02-26 13:30:00,1772130600000,205.55,206.88,205.52,206.74,1563349.6032189997,206.1766
2026-02-26 13:45:00,1772131500000,206.76,207.26,206.6,207.24,855816.6782989999,206.9161
2026-02-26 14:00:00,1772132400000,207.23,207.91,207.11,207.58,1072314.980095,207.5044
2026-02-26 14:15:00,1772133300000,207.59,207.99,207.45,207.5372,894696.812198,207.7302
2026-02-26 14:30:00,1772134200000,207.52,208.07,207.42,207.86,757508.335343,207.8539
2026-02-26 14:45:00,1772135100000,207.845,208.385,207.75,208.1,730105.9549160001,208.1382
2026-02-26 15:00:00,1772136000000,208.1,208.33,207.91,208.13,778163.1748340002,208.1548
2026-02-26 15:15:00,1772136900000,208.13,208.13,207.4345,207.75,1074182.980469,207.7859
2026-02-26 15:30:00,1772137800000,207.74,208.1,207.54,207.87,1260834.3691389998,207.8104
2026-02-26 15:45:00,1772138700000,207.86,208.08,207.57,207.91,2248218.3777,207.8785
2026-02-26 16:00:00,1772139600000,207.92,207.92,207.6185,207.75,494648.23057699995,207.9172
2026-02-26 16:15:00,1772140500000,207.8118,207.9,207.76,207.83,11048.885175,207.8529
2026-02-26 16:30:00,1772141400000,207.8301,207.8861,207.7,207.7006,10554.52311,207.7786
2026-02-26 16:45:00,1772142300000,207.6,207.76,207.0,207.02,56458.218346999995,207.4225
2026-02-26 17:00:00,1772143200000,207.33,207.33,206.5,206.5,28387.35643,207.0725
2026-02-26 17:15:00,1772144100000,206.5,207.05,206.4,206.87,146750.403465,207.6992
2026-02-26 17:30:00,1772145000000,206.97,206.98,206.4,206.51,17388.094901,206.8042
2026-02-26 17:45:00,1772145900000,206.51,206.85,206.15,206.83,21675.632479,206.4427
2026-02-26 18:00:00,1772146800000,206.77,207.0,206.31,206.81,26136.198217,206.6451
2026-02-26 18:15:00,1772147700000,206.89,206.99,206.6,206.6643,20567.085752,206.7635
2026-02-26 18:30:00,1772148600000,206.65,206.7,206.26,206.3,20819.449124000002,206.4008
2026-02-26 18:45:00,1772149500000,206.2871,206.7,206.27,206.42,11075.869330000001,206.3968
2026-02-26 19:00:00,1772150400000,206.42,206.59,206.35,206.4,14069.696707,206.455
2026-02-26 19:15:00,1772151300000,206.45,206.7,206.45,206.6,16422.397581,206.5335
2026-02-26 19:30:00,1772152200000,206.6,206.67,206.27,206.27,14672.181281,206.4681
2026-02-26 19:45:00,1772153100000,206.25,206.64,206.16,206.55,18769.563578,206.3834
2026-02-27 04:00:00,1772182800000,207.53,208.2,207.5,207.92,8565.0,207.941
2026-02-27 04:15:00,1772183700000,208.05,208.15,207.86,207.86,2325.0,207.9959
2026-02-27 04:30:00,1772184600000,207.86,207.86,207.24,207.54,4578.0,207.3958
2026-02-27 04:45:00,1772185500000,207.44,207.45,207.28,207.28,569.0,207.3756
2026-02-27 05:00:00,1772186400000,207.39,207.39,206.96,207.0,8063.0,207.1773
2026-02-27 05:15:00,1772187300000,207.11,207.31,207.11,207.29,5822.0,207.2406
2026-02-27 05:30:00,1772188200000,207.32,207.33,207.3,207.3,851.0,207.3212
2026-02-27 06:00:00,1772190000000,207.13,207.15,206.97,206.99,2070.0,207.0411
2026-02-27 06:15:00,1772190900000,207.07,207.07,206.95,206.95,6861.0,207.0016
2026-02-27 06:30:00,1772191800000,206.95,206.95,206.3,206.32,6334.0,206.6386
2026-02-27 06:45:00,1772192700000,206.6,206.63,206.21,206.5,5003.0,206.4377
2026-02-27 07:00:00,1772193600000,206.57,206.59,206.27,206.57,12254.0,206.463
2026-02-27 07:15:00,1772194500000,206.57,206.7,206.42,206.6,11640.0,206.5699
2026-02-27 07:30:00,1772195400000,206.6,206.66,206.4,206.4,5430.0,206.5101
2026-02-27 07:45:00,1772196300000,206.3,206.4,206.15,206.27,8943.0,206.2724
2026-02-27 08:00:00,1772197200000,206.35,206.4,206.15,206.34,15307.808330999998,206.3147
2026-02-27 08:15:00,1772198100000,206.34,207.25,206.09,207.0,53432.412448999996,206.453
2026-02-27 08:30:00,1772199000000,207.09,208.94,204.8,206.0,346373.978295,206.2692
2026-02-27 08:45:00,1772199900000,206.04,207.75,206.0,207.4822,201371.19125200002,206.9595
2026-02-27 09:00:00,1772200800000,207.3,207.65,207.15,207.2923,139967.801289,207.3582
2026-02-27 09:15:00,1772201700000,207.3,207.5,206.5,206.73,149522.23857000002,207.0273
2026-02-27 09:30:00,1772202600000,206.83,207.49,205.2,205.99,4464986.074987,206.3815
2026-02-27 09:45:00,1772203500000,205.97,206.84,205.68,206.12,2041631.8802830002,206.2868
2026-02-27 10:00:00,1772204400000,206.125,207.7699,205.66,207.39,1997171.0918259998,206.5619
2026-02-27 10:15:00,1772205300000,207.39,208.77,207.39,208.185,1860338.9497260002,208.1984
2026-02-27 10:30:00,1772206200000,208.19,208.9,207.655,208.8895,1913643.3511390002,208.2502
2026-02-27 10:45:00,1772207100000,208.88,209.22,208.22,208.6,1415897.985553,208.7474
2026-02-27 11:00:00,1772208000000,208.6,209.04,207.78,208.28,1002048.802839,208.4108
2026-02-27 11:15:00,1772208900000,208.28,208.53,207.87,208.1401,972226.16465,208.1887
2026-02-27 11:30:00,1772209800000,208.19,208.59,207.6201,207.66,860431.9374909999,208.0677
2026-02-27 11:45:00,1772210700000,207.69,208.46,207.66,208.26,875160.211385,208.07
2026-02-27 12:00:00,1772211600000,208.25,209.64,208.25,208.36,1136737.0523779998,209.0455
2026-02-27 12:15:00,1772212500000,208.36,208.39,207.68,208.18,1432404.02958,208.0241
2026-02-27 12:30:00,1772213400000,208.19,208.47,207.42,207.54,1480381.654897,207.9688
2026-02-27 12:45:00,1772214300000,207.55,208.0825,207.38,208.01,1021439.1853499999,207.6981
2026-02-27 13:00:00,1772215200000,208.02,208.27,207.87,208.05,671474.2721770001,208.0413
2026-02-27 13:15:00,1772216100000,208.07,208.2301,207.7,208.2,1139906.9116,207.97
2026-02-27 13:30:00,1772217000000,208.21,208.96,208.12,208.8,820066.9685739999,208.5501
2026-02-27 13:45:00,1772217900000,208.8,209.195,208.6501,208.75,986669.770053,208.9473
2026-02-27 14:00:00,1772218800000,208.75,209.36,208.68,208.79,860690.8731009999,208.9715
2026-02-27 14:15:00,1772219700000,208.77,209.05,208.64,208.85,633559.143349,208.8131
2026-02-27 14:30:00,1772220600000,208.85,209.04,208.44,208.55,686375.96491,208.8036
2026-02-27 14:45:00,1772221500000,208.58,209.09,208.46,209.04,699509.132249,208.7432
2026-02-27 15:00:00,1772222400000,209.045,209.6899,208.9618,209.68,1311163.4019209999,209.2961
2026-02-27 15:15:00,1772223300000,209.69,209.885,209.25,209.28,1167503.331166,209.5715
2026-02-27 15:30:00,1772224200000,209.27,209.42,208.36,208.56,1430753.8145439997,208.9055
2026-02-27 15:45:00,1772225100000,208.56,210.33,208.24,210.0,5934670.441663,209.6556
2026-02-27 16:00:00,1772226000000,210.0,210.25,209.1,210.18,1746784.766407,209.9924
2026-02-27 16:15:00,1772226900000,210.01,210.11,209.8619,210.09,359553.071359,210.0028
2026-02-27 16:30:00,1772227800000,210.07,210.14,209.8,210.01,68820.11958299999,210.0526
2026-02-27 16:45:00,1772228700000,210.0,210.03,209.93,210.03,125166.35405599998,209.9993
2026-02-27 17:00:00,1772229600000,210.03,210.16,209.75,210.0107,34773.431414000006,210.1465
2026-02-27 17:15:00,1772230500000,209.96,210.05,209.8671,210.05,31693.969169,209.9862
2026-02-27 17:30:00,1772231400000,210.03,210.1,209.93,210.0,120278.481985,210.0041
2026-02-27 17:45:00,1772232300000,210.0,210.0605,209.91,210.0605,24835.758145,210.0005
2026-02-27 18:00:00,1772233200000,209.99,210.0097,209.6635,209.67,40961.374043,209.8553
2026-02-27 18:15:00,1772234100000,209.6,209.67,209.3563,209.4547,28171.053089,209.5025
2026-02-27 18:30:00,1772235000000,209.47,209.71,209.12,209.36,14747.549745,209.3737
2026-02-27 18:45:00,1772235900000,209.37,209.6,209.26,209.6,23442.537497,209.4576
2026-02-27 19:00:00,1772236800000,209.5,209.69,209.2096,209.28,22976.895065999997,209.386
2026-02-27 19:15:00,1772237700000,209.28,209.64,209.23,209.39,9179.0,209.4214
2026-02-27 19:30:00,1772238600000,209.3231,209.33,209.16,209.26,15557.797702,209.2523
2026-02-27 19:45:00,1772239500000,209.1338,209.3,209.0886,209.23,11651.604929999998,209.2281
